Application order,Previous qualification (grade),Admission grade,Age at enrollment,Curricular units 1st sem (credited),Curricular units 1st sem (enrolled),Curricular units 1st sem (evaluations),Curricular units 1st sem (approved),Curricular units 1st sem (grade),Curricular units 1st sem (without evaluations),Curricular units 2nd sem (credited),Curricular units 2nd sem (enrolled),Curricular units 2nd sem (evaluations),Curricular units 2nd sem (approved),Curricular units 2nd sem (grade),Curricular units 2nd sem (without evaluations),Is_Mature_Student,First_Generation_Student,Financial_Risk_Flag,Pass_Rate_1st_Sem,Pass_Rate_2nd_Sem,Evaluation_Load_Ratio_1st_Sem,Evaluation_Load_Ratio_2nd_Sem,Target_Encoded,Marital status_Single,Gender_Male,Daytime/evening attendance_Evening,Course_Health Sciences,Course_STEM,Course_Social & Humanities,Application mode_Other Special,Application mode_Special/Non-Traditional,Previous qualification_Higher Education,Previous qualification_Vocational/Technical,Mother's qualification_Higher Education,Mother's qualification_Vocational/Technical,Father's qualification_Higher Education,Father's qualification_Vocational/Technical,Mother's occupation_Clerical/Service,Mother's occupation_Professional/Managerial,Mother's occupation_Student,Mother's occupation_Unknown/Not Reported,Father's occupation_Clerical/Service,Father's occupation_Professional/Managerial,Father's occupation_Student,Father's occupation_Unknown/Not Reported,Displaced_Yes,Debtor_Yes,Tuition fees up to date_Yes,Scholarship holder_Yes,International_Yes
2.4908958903736655,-0.8048412577874374,0.022228767979372222,-0.4303628237699172,0,0,0,0,0.0,0,0,0,0,0,0.0,0,0,1,0,0.0,0.0,0.0,0.0,0,True,True,False,False,False,True,False,False,False,False,False,False,False,False,True,False,False,False,False,False,False,False,True,False,True,False,False
-0.5540677512436588,2.0768193183416446,1.0719261394817379,-0.562167955812708,0,6,6,6,14.0,0,0,6,6,6,13.666666666666666,0,0,0,1,1.0,1.0,1.0,1.0,2,True,True,False,False,False,False,False,True,False,False,False,False,True,False,False,True,False,False,False,True,False,False,True,False,False,False,False
2.4908958903736655,-0.8048412577874374,-0.15041882601772735,-0.562167955812708,0,6,0,0,0.0,0,0,6,0,0,0.0,0,0,1,1,0.0,0.0,0.0,0.0,0,True,True,False,False,False,True,False,False,False,False,False,False,False,False,False,False,False,False,False,False,False,False,True,False,False,False,False
0.2071731591606723,-0.8048412577874374,-0.5095258215316947,-0.4303628237699172,0,6,8,6,13.428571428571429,0,0,6,10,5,12.4,0,0,1,0,1.0,0.8333333333333334,1.3333333333333333,1.6666666666666667,2,True,False,False,False,False,True,False,False,False,False,False,False,False,False,True,False,False,False,False,True,False,False,True,False,True,False,False
-0.5540677512436588,-2.473171065020064,1.002867101882898,2.8647654772998528,0,6,9,5,12.333333333333334,0,0,6,6,6,13.0,0,1,1,0,0.8333333333333334,1.0,1.5,1.0,2,False,False,True,False,False,True,False,True,False,False,False,False,False,False,False,False,False,False,False,False,False,False,False,False,True,False,False
-0.5540677512436588,0.03690696313447821,-0.8410092020061256,3.5237911375138067,0,5,10,5,11.857142857142858,0,0,5,17,5,11.5,5,1,1,1,1.0,1.0,2.0,3.4,2,False,True,True,False,False,False,False,True,False,False,False,False,False,False,False,False,False,False,False,False,False,False,False,True,True,False,False
-0.5540677512436588,0.7118222033331321,0.09819370933809662,-0.6939730878554988,0,7,9,7,13.3,0,0,8,8,8,14.345,0,0,1,0,1.0,1.0,1.2857142857142858,1.0,2,True,False,False,True,False,False,False,False,False,False,False,False,False,False,False,False,False,False,False,False,False,False,True,False,True,True,False
1.7296549799693344,-1.0323407769555228,-0.9584095659241536,-0.16675255968433558,0,5,5,0,0.0,0,0,5,5,0,0.0,0,0,1,1,0.0,0.0,1.0,1.0,0,True,True,False,False,False,False,False,False,False,False,False,False,False,False,False,False,False,False,False,False,False,False,True,False,False,False,False
0.9684140695650034,0.33265633805298966,0.16034684317705286,-0.2985576917271264,0,6,8,6,13.875,0,0,6,7,6,14.142857142857142,0,0,1,0,1.0,1.0,1.3333333333333333,1.1666666666666667,2,True,False,False,False,False,True,False,False,False,False,False,False,False,False,False,False,False,False,False,False,False,False,False,False,True,True,True
-0.5540677512436588,0.40848951110901816,-0.27472509369563886,-0.6939730878554988,0,6,9,5,11.4,0,0,6,14,2,13.5,0,0,1,1,0.8333333333333334,0.3333333333333333,1.5,2.3333333333333335,0,True,False,False,False,False,True,False,False,False,False,False,False,False,False,True,False,False,False,False,False,False,False,True,True,False,False,False
-0.5540677512436588,0.48432268416504665,0.25012359205554346,-0.6939730878554988,0,6,6,6,12.333333333333334,0,0,6,7,5,14.2,0,0,1,0,1.0,0.8333333333333334,1.0,1.1666666666666667,2,True,False,False,False,False,False,False,False,False,False,False,False,False,False,True,False,False,False,False,False,False,False,True,False,True,False,False
-0.5540677512436588,0.25682316499696123,-0.5302435328113464,-0.6939730878554988,0,8,8,7,13.214285714285714,0,0,8,8,7,13.214285714285714,0,0,1,0,0.875,0.875,1.0,1.0,2,True,False,False,True,False,False,False,False,False,False,False,False,False,False,False,False,False,False,False,False,False,False,True,False,True,True,False
0.2071731591606723,0.02932364582887579,0.22249997701600713,-0.562167955812708,0,6,6,0,0.0,0,0,6,0,0,0.0,0,0,1,0,0.0,0.0,1.0,0.0,0,True,False,False,False,False,True,False,False,False,False,False,False,False,False,True,False,False,False,False,False,False,False,True,False,True,False,False
-0.5540677512436588,-1.714839334459779,-1.0481863148026451,-0.2985576917271264,0,6,7,6,10.571428571428571,0,0,6,8,5,11.0,0,0,1,0,1.0,0.8333333333333334,1.1666666666666667,1.3333333333333333,2,True,False,False,False,False,False,True,False,False,True,False,False,False,False,True,False,False,False,False,False,False,False,True,False,True,True,False
-0.5540677512436588,1.2426544147253313,0.6990073364480024,-0.6939730878554988,0,5,7,4,13.25,0,0,5,5,5,12.0,0,0,1,0,0.8,1.0,1.4,1.0,2,True,False,False,True,False,False,False,False,False,False,False,False,False,False,True,False,False,False,True,False,False,False,True,False,True,True,False
-0.5540677512436588,-0.425675392507295,-0.4335608801729703,-0.4303628237699172,0,6,6,5,13.2,0,0,6,7,0,0.0,0,0,1,0,0.8333333333333334,0.0,1.0,1.1666666666666667,0,True,False,False,False,False,True,False,False,False,False,False,False,False,False,False,False,False,False,False,True,False,False,True,False,True,False,False
-0.5540677512436588,0.33265633805298966,0.7197250477276551,-0.6939730878554988,0,6,10,1,12.0,0,0,6,14,2,11.0,0,0,1,0,0.16666666666666666,0.3333333333333333,1.6666666666666667,2.3333333333333335,1,True,False,False,False,False,True,False,False,False,False,False,False,False,False,True,False,False,False,False,False,False,False,True,False,True,False,False
0.2071731591606723,0.18098999194093274,0.022228767979372222,-0.6939730878554988,0,7,8,7,13.30625,0,0,8,8,8,14.545,0,0,1,0,1.0,1.0,1.1428571428571428,1.0,2,True,False,False,True,False,False,False,False,False,False,False,False,False,False,True,False,False,False,True,False,False,False,True,False,True,False,False
-0.5540677512436588,0.33265633805298966,0.6437601063689317,-0.4303628237699172,0,5,8,4,12.5,1,0,5,8,4,12.25,2,0,0,0,0.8,0.8,1.6,1.6,2,True,False,False,False,False,True,False,False,False,False,True,False,False,False,False,True,False,False,True,False,False,False,True,False,True,False,False
-0.5540677512436588,0.5601558572210751,-0.1642306335374955,-0.6939730878554988,0,7,7,6,11.666666666666666,0,0,7,8,6,13.5,0,0,1,0,0.8571428571428571,0.8571428571428571,1.0,1.1428571428571428,1,True,False,False,False,False,True,False,False,False,False,False,False,False,False,False,False,False,False,False,False,False,False,True,False,True,False,False
0.9684140695650034,-0.8048412577874374,-0.4611844952125066,-0.2985576917271264,0,0,0,0,0.0,0,0,0,0,0,0.0,0,0,1,0,0.0,0.0,0.0,0.0,2,True,False,False,False,False,True,False,False,False,False,False,False,False,False,False,False,False,False,False,False,False,False,False,False,True,True,False
1.7296549799693344,-0.425675392507295,-0.35759593881424684,-0.4303628237699172,0,7,14,7,11.4375,0,0,8,9,8,11.425,0,0,1,0,1.0,1.0,2.0,1.125,1,True,False,False,True,False,False,False,False,False,False,False,False,False,False,True,False,False,False,False,False,False,False,True,False,True,False,False
1.7296549799693344,0.7118222033331321,-0.10207749969853928,-0.6939730878554988,0,8,12,7,12.857142857142858,0,0,8,12,7,12.857142857142858,0,0,1,0,0.875,0.875,1.5,1.5,2,True,False,False,True,False,False,False,False,False,False,False,False,False,False,False,True,False,False,False,True,False,False,True,False,True,False,False
1.7296549799693344,-0.577341738619352,-0.8341032982462411,-0.562167955812708,0,6,8,6,13.375,0,0,6,7,6,12.285714285714286,0,0,1,0,1.0,1.0,1.3333333333333333,1.1666666666666667,2,True,False,False,False,False,False,False,False,False,False,False,False,False,False,True,False,False,False,False,False,False,False,True,False,True,True,False
-0.5540677512436588,-0.5015085655633235,-0.21257195985668262,-0.562167955812708,0,7,8,6,13.296666666666669,0,0,8,9,7,14.114285714285714,0,0,1,0,0.8571428571428571,0.875,1.1428571428571428,1.125,2,True,False,False,True,False,False,False,False,False,False,False,False,False,False,False,True,False,False,False,False,False,False,False,False,True,False,False
-0.5540677512436588,1.3943207608373882,2.073282184664915,-0.6939730878554988,0,6,8,5,11.6,0,0,6,12,4,11.0,0,0,1,1,0.8333333333333334,0.6666666666666666,1.3333333333333333,2.0,1,True,False,False,False,False,True,False,False,False,False,False,False,False,False,False,False,False,False,False,False,False,False,True,True,True,True,False
0.2071731591606723,-1.3356734691796368,-0.7305147418479814,-0.2985576917271264,0,6,9,6,11.375,0,0,6,9,6,13.285714285714286,0,0,1,0,1.0,1.0,1.5,1.5,2,True,False,False,False,False,True,False,False,False,False,False,False,False,False,False,False,False,False,False,False,False,False,True,False,True,False,False
-0.5540677512436588,0.40848951110901816,0.2777472070950798,-0.6939730878554988,0,5,9,5,12.666666666666666,2,0,5,7,4,13.0,0,0,1,0,1.0,0.8,1.8,1.4,1,True,False,False,True,False,False,False,False,False,False,False,False,False,False,False,True,False,False,False,True,False,False,True,False,True,False,False
-0.5540677512436588,0.18098999194093274,-0.33687822753459506,-0.4303628237699172,0,5,6,5,12.0,0,0,5,6,5,12.333333333333334,0,0,1,0,1.0,1.0,1.2,1.2,2,True,False,False,False,False,False,False,False,False,False,False,False,False,False,False,False,False,False,False,False,False,False,True,False,True,False,False
0.2071731591606723,-0.425675392507295,-0.5647730516107663,-0.562167955812708,0,7,9,6,12.933333333333332,0,0,7,7,6,13.716666666666669,0,0,0,0,0.8571428571428571,0.8571428571428571,1.2857142857142858,1.0,1,True,True,False,True,False,False,False,False,False,False,True,False,True,False,False,True,False,False,False,False,False,False,True,False,True,False,False
-0.5540677512436588,1.3184875877813598,1.5898689214730366,-0.2985576917271264,0,6,15,5,11.857142857142858,0,0,6,17,5,10.571428571428571,0,0,0,0,0.8333333333333334,0.8333333333333334,2.5,2.8333333333333335,1,True,True,False,False,False,True,True,False,False,True,True,False,True,False,True,False,False,False,False,True,False,False,False,False,True,False,False
-0.5540677512436588,-0.577341738619352,0.20868816949623997,-0.4303628237699172,2,6,7,6,12.833333333333334,0,0,6,9,4,13.4,0,0,0,0,1.0,0.6666666666666666,1.1666666666666667,1.5,2,True,True,False,False,False,True,False,True,False,False,False,True,True,False,False,True,False,False,False,True,False,False,True,False,True,False,False
-0.5540677512436588,0.7876553763891605,0.8164077003660313,-0.6939730878554988,0,5,9,3,11.333333333333334,0,0,5,8,2,13.5,0,0,1,1,0.6,0.4,1.8,1.6,1,True,True,False,False,False,False,False,False,False,False,False,False,False,False,True,False,False,False,False,False,False,False,False,False,False,False,False
-0.5540677512436588,0.40848951110901816,0.5194538386910192,-0.562167955812708,0,6,6,6,12.666666666666666,0,0,6,8,6,14.375,0,0,1,0,1.0,1.0,1.0,1.3333333333333333,2,True,False,True,False,False,True,False,False,False,False,False,False,False,False,False,False,False,False,True,False,False,False,True,False,True,False,False
-0.5540677512436588,-0.19817587333920963,0.30537082213461614,1.414909024829154,0,5,6,5,12.4,0,0,5,9,5,13.428571428571429,0,1,0,0,1.0,1.0,1.2,1.8,2,True,True,True,False,False,False,False,False,False,False,True,False,False,False,False,True,False,False,False,False,False,False,False,False,True,False,False
-0.5540677512436588,-0.19817587333920963,-1.6904353644718553,1.8103244209575264,0,7,7,0,0.0,0,0,7,7,1,10.0,0,1,1,1,0.0,0.14285714285714285,1.0,1.0,0,True,True,False,False,True,False,False,True,False,False,False,False,False,False,False,False,False,False,False,False,False,False,False,True,False,False,False
-0.5540677512436588,0.03690696313447821,0.12581732437763296,2.6011552132142715,0,5,0,0,0.0,0,0,5,0,0,0.0,0,1,1,0,0.0,0.0,0.0,0.0,0,True,True,False,False,True,False,False,True,False,False,False,False,False,False,False,False,True,False,False,False,True,False,True,False,True,False,False
-0.5540677512436588,0.5601558572210751,-0.28163099745552245,4.182816797727761,0,5,10,1,10.0,0,0,5,8,2,12.0,2,1,1,0,0.2,0.4,2.0,1.6,0,True,False,False,False,False,False,False,True,False,False,False,False,False,False,False,False,False,False,False,False,False,False,False,False,True,False,False
-0.5540677512436588,-0.9565076038994943,-0.9031623358450809,2.073934685043108,0,5,8,5,11.0,0,0,5,5,5,11.6,0,1,1,0,1.0,1.0,1.6,1.0,2,False,False,True,False,False,False,False,True,False,False,False,False,False,False,False,False,False,False,False,True,False,False,True,False,True,False,False
-0.5540677512436588,-0.9565076038994943,-0.48190220649215837,-0.4303628237699172,2,6,13,3,11.666666666666666,0,1,6,11,3,12.0,0,0,0,1,0.5,0.5,2.1666666666666665,1.8333333333333333,0,True,False,False,False,False,True,True,False,False,True,True,False,True,False,False,True,False,False,False,False,False,False,False,True,False,False,True
2.4908958903736655,-0.5015085655633235,-0.4059372651334349,-0.6939730878554988,0,6,6,4,12.75,0,0,5,5,0,0.0,0,0,0,1,0.6666666666666666,0.0,1.0,1.0,0,True,False,False,False,False,True,False,False,False,False,True,False,True,False,False,True,False,False,False,True,False,False,False,True,True,False,False
0.2071731591606723,0.02932364582887579,-0.454278591452622,-0.16675255968433558,0,5,5,5,14.8,0,0,5,5,5,15.8,0,0,0,0,1.0,1.0,1.0,1.0,2,True,False,False,False,False,False,False,False,False,False,True,False,False,False,False,True,False,False,False,False,False,False,True,False,True,False,False
3.2521368007779965,-2.2456715458519785,-1.8216475359096513,-0.16675255968433558,0,7,9,5,13.928,0,0,8,9,7,14.342857142857142,0,0,0,0,0.7142857142857143,0.875,1.2857142857142858,1.125,2,True,False,False,True,False,False,False,False,False,False,False,False,True,False,False,True,False,False,False,True,False,False,True,False,True,False,False
-0.5540677512436588,-0.9565076038994943,-0.3852195538537822,-0.4303628237699172,0,6,7,4,13.0,0,0,6,7,5,13.8,0,0,1,1,0.6666666666666666,0.8333333333333334,1.1666666666666667,1.1666666666666667,0,True,False,False,False,False,True,False,False,False,False,False,False,False,False,True,False,False,False,True,False,False,False,False,False,False,False,False
-0.5540677512436588,0.03690696313447821,-1.1932102937602085,0.7558833646152,0,5,0,0,0.0,0,0,5,0,0,0.0,0,1,1,0,0.0,0.0,0.0,0.0,0,True,False,True,False,False,False,False,True,False,False,False,False,False,False,False,False,False,False,False,False,False,False,False,False,True,False,False
-0.5540677512436588,1.6218202800054737,0.4918302236514829,0.09685770440124603,0,5,9,2,11.5,0,0,5,11,3,14.333333333333334,1,1,1,0,0.4,0.6,1.8,2.2,1,True,False,True,False,False,False,False,False,False,False,False,False,False,False,True,False,False,False,True,False,False,False,False,False,True,False,False
0.2071731591606723,-0.19817587333920963,0.04294647925902397,-0.6939730878554988,0,6,6,6,11.666666666666666,0,0,6,8,5,13.2,0,0,1,0,1.0,0.8333333333333334,1.0,1.3333333333333333,2,True,False,False,False,False,True,False,False,False,False,False,False,False,False,False,False,False,False,False,False,False,False,True,False,True,False,False
3.2521368007779965,-0.04650952722715268,0.37442985973345594,-0.16675255968433558,0,7,8,6,13.516666666666666,0,0,8,9,7,13.771428571428572,0,0,1,0,0.8571428571428571,0.875,1.1428571428571428,1.125,2,True,False,False,True,False,False,False,False,False,False,False,False,False,False,False,False,False,False,False,False,False,False,True,False,True,True,False
-0.5540677512436588,-0.19817587333920963,0.4434888973322958,-0.2985576917271264,3,6,6,6,11.5,0,2,6,7,6,13.285714285714286,0,0,1,0,1.0,1.0,1.0,1.1666666666666667,2,True,False,True,False,False,True,True,False,False,True,False,False,False,False,False,False,False,False,False,False,False,False,False,False,True,True,False
-0.5540677512436588,0.48432268416504665,-0.06064207713923577,-0.562167955812708,0,6,7,5,12.333333333333334,0,0,6,7,6,12.833333333333334,0,0,1,0,0.8333333333333334,1.0,1.1666666666666667,1.1666666666666667,2,True,False,False,False,False,True,False,False,False,False,False,False,False,False,False,False,False,False,False,False,False,False,False,False,True,True,False
-0.5540677512436588,-0.19817587333920963,-0.9307859508846172,0.09685770440124603,0,6,6,6,13.666666666666666,0,0,6,6,6,14.166666666666666,0,1,1,0,1.0,1.0,1.0,1.0,2,True,False,False,False,False,False,False,True,False,False,False,False,False,False,False,False,False,False,False,False,False,False,False,False,True,True,False
-0.5540677512436588,0.48432268416504665,-0.39212545761366674,-0.562167955812708,0,8,10,6,11.833333333333334,0,0,8,10,6,11.833333333333334,0,0,1,0,0.75,0.75,1.25,1.25,1,True,False,False,True,False,False,False,False,False,False,False,False,False,False,False,False,False,False,False,False,False,False,True,False,True,True,False
-0.5540677512436588,-0.425675392507295,-0.35759593881424684,-0.4303628237699172,0,6,11,4,14.0,0,0,6,12,3,11.0,0,0,1,0,0.6666666666666666,0.5,1.8333333333333333,2.0,1,True,False,False,False,False,True,False,False,False,False,False,False,False,False,False,False,False,False,False,False,False,False,True,False,True,True,False
0.9684140695650034,2.6076515297338436,2.2321179711422476,-0.562167955812708,0,5,7,5,14.714285714285714,0,0,5,5,5,15.8,0,0,1,0,1.0,1.0,1.4,1.0,2,True,False,False,False,False,True,False,False,False,False,False,False,False,False,False,False,False,True,False,False,False,True,False,False,True,False,False
-0.5540677512436588,-0.19817587333920963,-0.48190220649215837,0.4922731005296184,0,5,12,5,10.6,0,0,5,10,5,11.0,0,1,1,0,1.0,1.0,2.4,2.0,0,True,False,True,False,False,False,False,True,False,False,False,False,False,False,False,False,False,False,False,False,False,False,False,False,True,False,False
-0.5540677512436588,-0.19817587333920963,0.1465350356572837,-0.6939730878554988,0,7,9,7,13.044444444444444,0,0,8,10,8,13.595,0,0,1,0,1.0,1.0,1.2857142857142858,1.25,2,True,False,False,True,False,False,False,False,False,False,False,False,False,False,True,False,False,False,True,False,False,False,True,False,True,False,False
-0.5540677512436588,-0.19817587333920963,0.20868816949623997,2.073934685043108,0,6,10,0,0.0,0,0,6,6,0,0.0,0,1,0,0,0.0,0.0,1.6666666666666667,1.0,0,False,False,False,False,False,False,True,False,True,False,False,False,True,False,True,False,False,False,False,True,False,False,False,False,True,False,False
-0.5540677512436588,-0.2740090463952381,1.9558818207468884,0.4922731005296184,0,6,9,5,13.0,0,5,11,13,10,12.9,0,1,0,0,0.8333333333333334,0.9090909090909091,1.5,1.1818181818181819,0,True,False,False,False,False,True,False,True,True,False,True,False,True,False,False,True,False,False,False,True,False,False,True,False,True,False,False
-0.5540677512436588,0.6359890302771035,0.8854667379648711,-0.6939730878554988,0,8,8,8,14.935,0,0,8,8,8,14.935,0,0,1,0,1.0,1.0,1.0,1.0,2,True,False,False,True,False,False,False,False,False,False,False,False,False,False,False,False,False,False,False,False,False,False,True,False,True,False,False
0.9684140695650034,-0.577341738619352,-0.8133855869665894,-0.6939730878554988,0,0,0,0,0.0,0,0,0,0,0,0.0,0,0,1,0,0.0,0.0,0.0,0.0,1,True,False,False,False,False,True,False,False,False,False,False,False,False,False,True,False,False,False,False,False,False,False,True,False,True,False,False
0.2071731591606723,-0.577341738619352,-0.8341032982462411,-0.6939730878554988,0,7,8,6,13.133333333333333,0,0,8,12,7,12.221428571428572,0,0,1,0,0.8571428571428571,0.875,1.1428571428571428,1.5,2,True,False,False,True,False,False,False,False,False,False,False,False,False,False,False,False,False,False,False,False,False,False,False,False,True,False,False
-0.5540677512436588,-0.19817587333920963,0.33990034093403604,-0.2985576917271264,3,6,7,6,12.0,0,2,6,7,6,12.0,0,0,1,0,1.0,1.0,1.1666666666666667,1.1666666666666667,2,True,False,False,False,False,True,True,False,False,True,False,False,False,False,False,False,False,False,False,False,False,False,False,False,True,True,False
0.9684140695650034,0.02932364582887579,-0.06754798089911936,-0.562167955812708,0,0,0,0,0.0,0,0,0,0,0,0.0,0,0,1,0,0.0,0.0,0.0,0.0,1,True,True,False,False,False,True,False,False,False,False,False,False,False,False,True,False,False,False,False,False,False,False,True,False,True,True,False
-0.5540677512436588,-0.425675392507295,0.22249997701600713,-0.562167955812708,0,6,6,5,11.4,0,0,6,8,1,10.0,0,0,1,0,0.8333333333333334,0.16666666666666666,1.0,1.3333333333333333,1,True,True,False,False,False,True,False,False,False,False,False,False,False,False,False,True,False,False,True,False,False,False,True,False,True,False,False
-0.5540677512436588,-1.2598402961236081,-0.4197490726532021,0.09685770440124603,0,6,6,0,0.0,0,0,6,6,0,0.0,0,1,1,0,0.0,0.0,1.0,1.0,1,True,True,False,False,False,True,False,True,False,False,False,False,False,False,False,True,False,False,False,True,False,False,False,False,True,False,False
-0.5540677512436588,0.03690696313447821,-0.06754798089911936,0.7558833646152,2,7,10,5,11.9,0,1,8,10,5,11.0,0,1,1,0,0.7142857142857143,0.625,1.4285714285714286,1.25,0,False,True,False,True,False,False,False,True,False,False,False,False,False,False,True,False,False,False,True,False,False,False,True,False,True,False,False
0.9684140695650034,0.48432268416504665,0.08438190181832748,-0.562167955812708,0,0,0,0,0.0,0,0,0,0,0,0.0,0,0,1,0,0.0,0.0,0.0,0.0,2,True,True,False,False,False,True,False,False,False,False,False,False,False,False,True,False,False,False,False,True,False,False,True,False,True,True,False
-0.5540677512436588,-0.19817587333920963,0.20868816949623997,-0.034947427641544786,0,6,8,6,12.571428571428571,0,0,6,7,6,12.428571428571429,0,0,1,0,1.0,1.0,1.3333333333333333,1.1666666666666667,2,True,True,False,False,False,True,True,False,False,True,False,False,False,False,False,False,False,False,False,False,False,False,True,False,True,False,False
0.9684140695650034,-0.577341738619352,-0.4749963027322748,-0.562167955812708,0,5,8,5,11.2,0,0,5,10,4,10.75,3,0,1,1,1.0,0.8,1.6,2.0,0,True,True,False,False,False,False,False,False,False,False,False,False,False,False,False,False,False,False,False,False,False,False,False,True,True,False,False
-0.5540677512436588,2.0768193183416446,-1.863082958468955,0.3604679684868276,0,6,7,6,12.0,0,0,6,8,5,10.8,0,1,1,0,1.0,0.8333333333333334,1.1666666666666667,1.3333333333333333,1,True,True,False,False,False,False,False,True,False,False,False,False,False,False,False,False,False,False,False,False,False,False,False,False,True,False,False
-0.5540677512436588,1.166821241669303,0.4849243198915993,-0.6939730878554988,0,5,9,0,0.0,0,0,5,5,0,0.0,0,0,1,0,0.0,0.0,1.8,1.0,1,True,True,False,False,False,False,False,False,False,False,False,False,False,False,True,False,False,False,True,False,False,False,False,False,True,False,False
-0.5540677512436588,1.3184875877813598,0.2639353995753126,0.09685770440124603,0,7,8,7,11.975,0,0,8,8,8,13.75,0,1,1,0,1.0,1.0,1.1428571428571428,1.0,2,True,True,False,True,False,False,False,False,False,False,False,False,False,False,False,False,False,False,True,False,False,False,False,False,True,False,False
-0.5540677512436588,0.6359890302771035,0.6092305875695118,-0.562167955812708,0,0,0,0,0.0,0,0,0,0,0,0.0,0,0,1,0,0.0,0.0,0.0,0.0,0,True,True,False,False,False,True,False,False,False,False,False,False,False,False,True,False,False,False,False,False,False,False,True,False,True,False,False
1.7296549799693344,-1.1081739500115513,-1.0550922185625287,-0.6939730878554988,0,6,12,3,11.666666666666666,0,0,6,12,1,12.0,0,0,1,0,0.5,0.16666666666666666,2.0,2.0,0,True,True,False,False,False,False,False,False,False,False,False,False,False,False,True,False,False,False,False,False,False,False,True,False,True,False,False
0.2071731591606723,0.7118222033331321,0.40895937853287584,-0.6939730878554988,0,6,8,6,12.333333333333334,0,0,6,11,3,12.333333333333334,0,0,1,0,1.0,0.5,1.3333333333333333,1.8333333333333333,2,True,True,False,False,False,True,False,False,False,False,False,False,False,False,False,False,False,False,False,False,False,False,True,False,True,False,False
0.9684140695650034,-0.9565076038994943,-0.7926678756869375,-0.6939730878554988,0,5,8,3,10.333333333333334,0,0,5,11,3,10.857142857142858,0,0,1,1,0.6,0.6,1.6,2.2,0,True,True,False,False,False,False,False,False,False,False,False,False,False,False,True,False,False,False,False,False,False,False,True,True,True,False,False
1.7296549799693344,-2.0181720266838927,-1.448728732875916,-0.2985576917271264,0,6,8,4,10.5,0,0,6,11,1,11.0,0,0,1,0,0.6666666666666666,0.16666666666666666,1.3333333333333333,1.8333333333333333,0,True,True,False,False,False,False,False,False,False,False,False,False,False,False,False,False,False,False,False,False,False,False,True,False,True,True,False
1.7296549799693344,-0.8806744308434659,-0.4611844952125066,-0.562167955812708,0,6,6,6,13.666666666666666,0,0,6,6,6,13.333333333333334,0,0,1,1,1.0,1.0,1.0,1.0,2,True,True,False,False,False,True,False,False,False,False,False,False,False,False,False,False,False,False,False,False,False,False,True,True,True,True,False
1.7296549799693344,1.3184875877813598,0.2639353995753126,-0.16675255968433558,0,7,7,7,14.842857142857142,0,0,8,9,8,15.055555555555555,0,0,1,0,1.0,1.0,1.0,1.125,2,True,True,False,True,False,False,False,False,False,False,False,False,False,False,False,False,False,False,False,False,False,False,False,False,True,True,False
-0.5540677512436588,-0.9565076038994943,-0.6890793192886778,1.2831038927863632,0,6,8,6,12.0,0,0,6,6,6,11.666666666666666,0,1,1,0,1.0,1.0,1.3333333333333333,1.0,2,False,True,True,False,False,True,False,True,False,False,False,False,False,False,False,False,False,False,False,False,False,False,False,False,True,False,False
3.2521368007779965,-1.4115066422356652,-1.1586807749607886,-0.4303628237699172,0,6,8,5,12.2,0,0,6,7,5,12.2,0,0,1,0,0.8333333333333334,0.8333333333333334,1.3333333333333333,1.1666666666666667,0,True,True,False,False,False,True,False,False,False,False,False,False,False,False,False,False,False,False,False,False,False,False,True,False,True,False,False
-0.5540677512436588,0.5601558572210751,1.9835054357864228,1.546714156871945,0,1,1,0,0.0,1,0,5,0,0,0.0,0,1,0,0,0.0,0.0,1.0,0.0,0,True,True,True,False,False,False,False,True,True,False,True,False,True,False,False,True,False,False,False,True,False,False,True,False,True,False,False
-0.5540677512436588,2.0768193183416446,3.689263664477768,0.09685770440124603,6,12,17,6,12.166666666666666,0,7,12,14,10,13.3,0,1,0,1,0.5,0.8333333333333334,1.4166666666666667,1.1666666666666667,0,True,True,False,False,False,True,False,True,True,False,True,False,True,False,True,False,False,False,False,True,False,False,False,True,True,False,False
-0.5540677512436588,-0.9565076038994943,-0.10207749969853928,-0.6939730878554988,0,5,6,5,12.0,0,0,5,8,3,11.333333333333334,0,0,1,0,1.0,0.6,1.2,1.6,1,True,True,False,False,False,False,False,False,False,False,False,False,False,False,True,False,False,False,True,False,False,False,False,False,True,False,False
-0.5540677512436588,-0.19817587333920963,-1.1724925824805565,1.2831038927863632,0,6,7,6,11.0,0,0,6,11,5,11.0,0,1,1,0,1.0,0.8333333333333334,1.1666666666666667,1.8333333333333333,2,False,False,True,False,False,True,False,True,False,False,False,False,False,False,False,False,False,False,False,False,False,False,True,False,True,False,False
-0.5540677512436588,2.0768193183416446,2.349518335060275,-0.16675255968433558,0,8,8,7,13.08,0,0,8,8,7,13.08,0,0,1,0,0.875,0.875,1.0,1.0,2,True,False,False,True,False,False,False,True,False,False,False,False,False,False,False,False,False,False,False,False,False,False,True,False,True,True,False
-0.5540677512436588,-0.9565076038994943,-1.863082958468955,0.22866283644403682,0,5,7,4,10.5,0,0,5,7,5,11.6,0,1,1,0,0.8,1.0,1.4,1.4,2,True,False,False,False,False,False,False,True,False,False,False,False,False,False,True,False,False,False,True,False,False,False,False,False,True,True,False
-0.5540677512436588,-0.6531749116753804,-0.6476438967293743,-0.4303628237699172,0,6,9,6,10.666666666666666,1,0,6,6,5,11.2,0,0,1,0,1.0,0.8333333333333334,1.5,1.0,2,True,True,False,False,False,True,False,False,False,False,False,False,False,False,True,False,False,False,False,False,True,False,True,False,True,False,False
3.2521368007779965,0.7876553763891605,0.1189114206177474,-0.034947427641544786,0,5,6,4,14.0,0,0,5,5,5,13.8,0,0,1,0,0.8,1.0,1.2,1.0,1,True,True,False,False,False,False,False,False,False,False,False,False,False,False,False,False,False,False,False,False,False,False,True,False,True,False,False
0.2071731591606723,-1.3356734691796368,-1.0205626997631088,-0.6939730878554988,0,5,9,2,10.0,0,0,5,9,0,0.0,0,0,1,1,0.4,0.0,1.8,1.8,1,True,True,False,False,True,False,False,True,False,False,False,False,False,False,False,False,False,False,False,False,False,False,True,True,True,False,False
-0.5540677512436588,0.03690696313447821,-1.8078357283898834,0.09685770440124603,0,7,18,0,0.0,0,0,7,7,0,0.0,0,1,1,0,0.0,0.0,2.5714285714285716,1.0,0,True,True,False,True,False,False,False,True,False,False,False,False,False,False,True,False,False,False,False,False,False,False,False,False,True,False,False
0.2071731591606723,0.03690696313447821,-1.5177877704747558,-0.2985576917271264,0,6,6,6,14.0,0,0,6,6,6,13.5,0,0,1,1,1.0,1.0,1.0,1.0,2,True,False,False,False,False,True,False,False,False,False,False,False,False,False,False,False,False,False,False,False,False,False,True,False,False,False,True
-0.5540677512436588,0.03690696313447821,-1.863082958468955,0.3604679684868276,0,6,7,2,12.0,1,0,6,6,0,0.0,0,1,1,0,0.3333333333333333,0.0,1.1666666666666667,1.0,0,True,False,False,False,False,True,False,True,False,False,False,False,False,False,True,False,False,False,True,False,False,False,False,False,True,False,True
-0.5540677512436588,0.03690696313447821,-0.7926678756869375,2.073934685043108,0,6,12,3,12.666666666666666,0,0,6,14,0,0.0,1,1,1,0,0.5,0.0,2.0,2.3333333333333335,0,False,False,False,False,False,True,False,True,False,False,False,False,False,False,False,False,True,False,False,False,True,False,False,False,True,False,False
-0.5540677512436588,0.03690696313447821,-0.8962564320851973,2.732960345257062,2,8,11,8,11.875,0,0,6,7,6,12.333333333333334,0,1,1,0,1.0,1.0,1.375,1.1666666666666667,2,False,False,True,False,False,True,False,True,False,False,False,False,False,False,False,False,False,False,False,False,False,False,False,False,True,False,False
-0.5540677512436588,-0.19817587333920963,0.6921014326881187,-0.562167955812708,0,5,9,5,14.0,0,0,5,11,3,13.25,0,0,0,0,1.0,0.6,1.8,2.2,1,True,True,False,False,True,False,False,True,False,False,False,False,True,False,False,False,False,False,False,True,False,False,True,False,True,False,True
2.4908958903736655,0.18098999194093274,-0.1435129222578428,-0.6939730878554988,0,6,6,6,13.666666666666666,0,0,6,6,6,13.333333333333334,0,0,1,0,1.0,1.0,1.0,1.0,2,True,False,False,False,False,True,False,False,False,False,False,False,False,False,True,False,False,False,True,False,False,False,True,False,True,False,False
2.4908958903736655,-0.04650952722715268,-0.4611844952125066,-0.6939730878554988,0,7,7,7,13.75,0,0,8,9,8,14.47777777777778,0,0,1,0,1.0,1.0,1.0,1.125,2,True,False,False,True,False,False,False,False,False,False,False,False,False,False,False,False,False,False,False,False,False,False,True,False,True,True,False
-0.5540677512436588,0.18098999194093274,0.5056420311712521,-0.562167955812708,0,5,7,5,14.2,2,0,5,7,5,13.8,0,0,0,0,1.0,1.0,1.4,1.4,1,True,False,False,True,False,False,False,False,False,False,False,False,True,False,False,False,False,False,False,True,False,False,True,False,True,False,False
1.7296549799693344,-1.3356734691796368,-1.0689040260822968,-0.562167955812708,0,7,10,4,11.96,0,0,7,7,0,0.0,0,0,0,1,0.5714285714285714,0.0,1.4285714285714286,1.0,0,True,False,False,True,False,False,False,False,False,False,True,False,True,False,False,True,False,False,False,True,False,False,True,True,False,False,False
-0.5540677512436588,-0.19817587333920963,0.12581732437763296,-0.2985576917271264,7,10,12,8,12.875,0,4,9,14,5,13.4,0,0,1,0,0.8,0.5555555555555556,1.2,1.5555555555555556,0,True,False,False,True,False,False,True,False,False,True,False,False,False,False,False,False,False,False,False,False,False,False,False,False,True,False,False
1.7296549799693344,0.03690696313447821,-1.1724925824805565,-0.4303628237699172,0,0,0,0,0.0,0,0,0,0,0,0.0,0,0,1,0,0.0,0.0,0.0,0.0,2,True,False,False,False,False,True,False,False,False,False,False,False,False,False,False,False,False,False,False,False,False,False,True,False,True,False,False
-0.5540677512436588,-0.19817587333920963,-0.9307859508846172,1.6785192889147356,0,6,0,0,0.0,0,0,6,0,0,0.0,0,1,1,0,0.0,0.0,0.0,0.0,0,False,False,True,False,False,True,False,True,False,False,False,False,False,False,False,False,False,False,True,False,False,False,True,False,True,False,False
-0.5540677512436588,0.03690696313447821,2.280459297461435,2.6011552132142715,13,18,19,18,14.63157894736842,0,10,13,14,13,14.23076923076923,1,1,1,0,1.0,1.0,1.0555555555555556,1.0769230769230769,2,False,False,False,False,False,True,False,True,False,True,False,False,False,False,False,False,False,False,False,False,False,False,False,False,True,False,False
-0.5540677512436588,-0.7290080847314089,-0.6614557042491415,-0.562167955812708,0,6,0,0,0.0,0,0,6,0,0,0.0,0,0,1,0,0.0,0.0,0.0,0.0,0,True,False,False,False,False,True,False,False,False,False,False,False,False,False,False,False,False,False,False,False,False,False,True,False,True,False,False
-0.5540677512436588,-0.19817587333920963,-0.32997232377471053,-0.4303628237699172,4,10,12,10,13.0,0,5,11,11,11,12.272727272727272,0,0,0,1,1.0,1.0,1.2,1.0,2,True,False,False,False,False,True,False,True,False,False,True,False,False,False,False,True,False,False,False,False,False,False,False,True,True,False,False
0.2071731591606723,-0.8048412577874374,-0.6062084741700698,-0.562167955812708,0,6,0,0,0.0,0,0,6,0,0,0.0,0,0,1,0,0.0,0.0,0.0,0.0,0,True,False,False,False,False,True,False,False,False,False,False,False,False,False,True,False,False,False,False,False,False,False,True,False,True,False,False
-0.5540677512436588,-1.4873398152916937,-1.4003874065567279,-0.4303628237699172,0,6,15,4,14.2,0,0,6,17,4,13.25,0,0,1,0,0.6666666666666666,0.6666666666666666,2.5,2.8333333333333335,0,True,False,False,True,False,False,False,False,False,False,False,False,False,False,True,False,False,False,True,False,False,False,True,False,True,False,False
2.4908958903736655,-1.6390061614037505,-1.2967988501584682,-0.4303628237699172,2,7,9,6,13.266666666666666,0,0,7,10,5,12.3,0,0,0,0,0.8571428571428571,0.7142857142857143,1.2857142857142858,1.4285714285714286,0,True,False,False,True,False,False,False,False,False,False,True,False,True,False,True,False,False,False,False,True,False,False,True,False,True,False,False
0.2071731591606723,0.03690696313447821,-1.3796696952770762,-0.4303628237699172,0,7,12,6,11.666666666666666,0,0,7,10,3,13.0,0,0,1,0,0.8571428571428571,0.42857142857142855,1.7142857142857142,1.4285714285714286,1,True,False,False,False,False,True,False,False,False,False,False,False,False,False,False,False,False,False,False,True,False,False,True,False,True,False,False
-0.5540677512436588,0.7118222033331321,0.6299482988491625,-0.6939730878554988,0,6,8,6,13.857142857142858,0,0,6,6,6,15.0,0,0,1,0,1.0,1.0,1.3333333333333333,1.0,2,True,False,False,False,False,True,False,False,False,False,False,False,False,False,False,False,False,False,False,False,False,False,True,False,True,False,False
0.2071731591606723,-0.7290080847314089,-0.8064796832067057,-0.6939730878554988,0,5,9,3,13.0,0,0,5,11,3,11.0,0,0,1,0,0.6,0.6,1.8,2.2,1,True,False,False,False,False,False,False,False,False,False,False,False,False,False,True,False,False,False,False,False,False,False,True,False,True,True,False
-0.5540677512436588,-0.12234270028318116,0.8854667379648711,-0.562167955812708,0,5,6,5,13.4,0,0,5,5,5,12.8,0,0,1,0,1.0,1.0,1.2,1.0,2,True,False,False,True,False,False,False,False,False,False,False,False,False,False,False,False,False,False,False,False,False,False,True,False,True,False,False
0.9684140695650034,1.9251529722295875,2.073282184664915,-0.6939730878554988,0,6,6,6,12.666666666666666,0,0,6,7,6,12.571428571428571,0,0,1,0,1.0,1.0,1.0,1.1666666666666667,2,True,False,False,False,False,True,False,False,False,False,False,False,False,False,True,False,False,False,False,False,False,False,True,False,True,False,False
0.2071731591606723,-0.8048412577874374,0.2777472070950798,-0.6939730878554988,0,7,7,6,12.516666666666666,1,0,7,7,6,12.516666666666666,1,0,1,0,0.8571428571428571,0.8571428571428571,1.0,1.0,0,True,False,False,True,False,False,False,False,False,False,False,False,False,False,False,False,False,False,False,False,False,False,True,False,True,False,False
-0.5540677512436588,-0.19817587333920963,-1.863082958468955,-0.4303628237699172,0,7,11,6,11.616666666666667,0,0,7,7,7,13.0,0,0,1,0,0.8571428571428571,1.0,1.5714285714285714,1.0,1,True,False,False,True,False,False,False,True,False,False,False,False,False,False,False,False,False,False,True,False,False,False,False,False,True,False,False
-0.5540677512436588,1.6218202800054737,0.9269021605241746,-0.4303628237699172,0,6,13,2,10.0,0,0,6,12,4,10.75,0,0,1,0,0.3333333333333333,0.6666666666666666,2.1666666666666665,2.0,1,True,False,False,False,False,True,False,False,False,False,False,False,False,False,False,False,False,False,False,False,False,False,True,False,True,True,False
-0.5540677512436588,-0.9565076038994943,-0.9376918546445008,-0.4303628237699172,0,5,11,3,10.333333333333334,0,0,5,10,3,10.666666666666666,0,0,1,0,0.6,0.6,2.2,2.0,1,True,False,False,False,False,False,False,False,False,False,False,False,False,False,False,True,False,False,False,True,False,False,False,False,True,False,False
0.2071731591606723,0.5601558572210751,0.6921014326881187,-0.6939730878554988,0,5,12,5,13.142857142857142,2,0,5,6,5,11.4,0,0,1,0,1.0,1.0,2.4,1.2,2,True,False,False,True,False,False,False,False,False,False,False,False,False,False,False,False,False,False,False,False,False,False,False,False,True,False,False
-0.5540677512436588,-0.425675392507295,-0.35759593881424684,-0.6939730878554988,0,5,5,5,12.6,0,0,5,5,5,14.0,0,0,0,0,1.0,1.0,1.0,1.0,2,True,False,False,False,False,False,False,False,False,False,True,False,False,False,True,False,False,False,True,False,False,False,False,False,True,False,False
-0.5540677512436588,0.03690696313447821,0.2777472070950798,-0.2985576917271264,0,6,12,3,11.0,0,0,6,12,2,11.0,0,0,1,0,0.5,0.3333333333333333,2.0,2.0,0,True,False,False,False,False,False,False,False,False,False,False,False,False,False,True,False,False,False,True,False,False,False,True,False,True,False,False
0.2071731591606723,-0.9565076038994943,-0.5785848591305345,-0.562167955812708,0,5,8,5,10.8,0,0,5,9,4,11.25,2,0,1,0,1.0,0.8,1.6,1.8,2,True,False,False,False,False,False,False,False,False,False,False,False,False,False,False,False,False,False,False,False,False,False,True,False,True,False,False
-0.5540677512436588,0.33265633805298966,-0.32306642001482694,-0.562167955812708,0,0,0,0,0.0,0,0,0,0,0,0.0,0,0,0,0,0.0,0.0,0.0,0.0,0,True,False,False,False,False,True,False,False,False,False,True,False,False,False,False,True,False,False,False,False,False,False,False,False,True,False,False
-0.5540677512436588,-0.12234270028318116,0.06366419053867671,-0.562167955812708,0,5,5,5,12.8,0,0,5,5,5,14.2,0,0,1,0,1.0,1.0,1.0,1.0,2,True,False,False,False,False,False,False,False,False,False,False,False,False,False,False,False,False,False,False,False,False,False,False,False,True,True,False
-0.5540677512436588,-0.19817587333920963,-0.39212545761366674,-0.562167955812708,0,6,15,6,14.166666666666666,0,0,6,13,6,12.2,0,0,1,0,1.0,1.0,2.5,2.1666666666666665,2,True,False,False,True,False,False,False,False,False,False,False,False,False,False,True,False,False,False,False,False,False,False,True,False,True,False,False
3.2521368007779965,-0.8048412577874374,-0.6821734155287943,-0.562167955812708,0,7,12,5,12.1,0,0,7,0,0,0.0,0,0,1,0,0.7142857142857143,0.0,1.7142857142857142,0.0,0,True,False,False,True,False,False,False,False,False,False,False,False,False,False,True,False,False,False,True,False,False,False,True,False,True,False,False
-0.5540677512436588,2.0768193183416446,2.280459297461435,-0.4303628237699172,1,6,7,6,14.166666666666666,0,1,6,17,5,13.77777777777778,0,0,1,0,1.0,0.8333333333333334,1.1666666666666667,2.8333333333333335,2,True,False,False,True,False,False,True,False,False,True,False,False,False,False,False,False,False,False,False,False,False,False,True,False,True,False,False
-0.5540677512436588,1.015154895557246,1.2652914447584902,-0.6939730878554988,0,6,8,5,12.8,0,0,6,7,5,13.4,0,0,1,0,0.8333333333333334,0.8333333333333334,1.3333333333333333,1.1666666666666667,1,True,False,False,False,False,True,False,False,False,False,False,False,False,False,False,False,False,False,False,True,False,False,True,False,True,True,False
0.9684140695650034,-0.12234270028318116,-0.30234870873517516,-0.6939730878554988,0,6,7,6,13.0,0,0,6,6,6,13.666666666666666,0,0,0,0,1.0,1.0,1.1666666666666667,1.0,2,True,False,False,False,False,True,False,False,False,False,False,False,False,True,True,False,False,False,False,True,False,False,True,False,True,False,False
3.2521368007779965,-0.04650952722715268,0.0705700942985603,-0.562167955812708,0,7,7,7,13.467142857142855,0,0,8,9,8,15.011111111111113,0,0,1,0,1.0,1.0,1.0,1.125,2,True,False,False,True,False,False,False,False,False,False,False,False,False,False,False,False,False,False,False,False,False,False,True,False,True,False,False
0.9684140695650034,0.40848951110901816,-0.1435129222578428,-0.6939730878554988,0,7,9,7,13.2375,0,0,8,9,7,13.742857142857144,0,0,1,0,1.0,0.875,1.2857142857142858,1.125,0,True,False,False,True,False,False,False,False,False,False,False,False,False,False,True,False,False,False,False,False,False,False,True,False,True,True,False
0.2071731591606723,-0.19817587333920963,-0.22638376737645077,-0.6939730878554988,0,6,6,6,12.333333333333334,0,0,6,6,6,13.0,0,0,1,0,1.0,1.0,1.0,1.0,2,True,False,False,False,False,True,False,False,False,False,False,False,False,False,False,False,False,False,False,False,False,False,True,False,True,False,False
1.7296549799693344,-0.5015085655633235,-0.4749963027322748,-0.562167955812708,0,5,7,5,12.4,0,0,5,5,5,14.6,0,0,1,0,1.0,1.0,1.4,1.0,2,True,False,False,False,False,False,False,False,False,False,False,False,False,False,True,False,False,False,False,False,False,False,True,False,True,False,False
3.2521368007779965,1.166821241669303,0.3260885334142669,-0.562167955812708,0,7,8,5,14.0,0,0,7,7,0,0.0,0,0,1,0,0.7142857142857143,0.0,1.1428571428571428,1.0,0,True,False,False,True,False,False,False,False,False,False,False,False,False,False,False,True,False,False,False,True,False,False,True,False,True,False,False
-0.5540677512436588,-0.19817587333920963,0.4296770898125266,-0.4303628237699172,5,9,15,9,11.666666666666666,0,2,7,8,7,11.714285714285714,0,0,1,0,1.0,1.0,1.6666666666666667,1.1428571428571428,2,True,False,False,False,False,True,False,True,False,False,False,False,False,False,False,False,False,False,False,False,False,False,False,False,True,False,False
-0.5540677512436588,-1.1840071230675797,-1.2208339087997446,-0.562167955812708,0,6,7,5,12.0,0,0,6,9,4,12.5,0,0,1,1,0.8333333333333334,0.6666666666666666,1.1666666666666667,1.5,0,True,False,False,False,False,False,False,False,False,False,False,False,False,False,False,True,False,False,False,False,False,False,False,True,False,True,False
-0.5540677512436588,-0.9565076038994943,-0.9653154696840371,-0.4303628237699172,0,5,7,4,12.2,0,0,5,5,4,11.5,0,0,1,0,0.8,0.8,1.4,1.0,2,True,False,False,False,False,False,False,False,False,False,False,False,False,False,True,False,False,False,True,False,False,False,True,False,True,False,False
-0.5540677512436588,1.5459871069494453,2.1354353185038715,-0.6939730878554988,0,6,6,6,14.833333333333334,0,0,6,6,6,14.833333333333334,0,0,1,1,1.0,1.0,1.0,1.0,2,True,False,False,False,False,True,False,False,False,False,False,False,False,False,True,False,False,False,False,False,False,False,False,True,True,True,False
0.2071731591606723,-1.1840071230675797,-1.0274686035229934,-0.4303628237699172,0,7,9,5,13.188,0,0,8,9,7,12.892857142857142,0,0,1,0,0.7142857142857143,0.875,1.2857142857142858,1.125,1,True,False,False,True,False,False,False,False,False,False,False,False,False,False,True,False,False,False,False,False,False,False,False,False,True,True,False
-0.5540677512436588,3.441816433350157,3.2956271501643797,-0.6939730878554988,0,7,8,7,17.125,0,0,8,8,8,17.5875,0,0,1,0,1.0,1.0,1.1428571428571428,1.0,2,True,False,False,True,False,False,False,False,False,False,False,False,False,False,True,False,False,False,False,False,False,False,False,False,True,False,False
2.4908958903736655,-0.2740090463952381,0.12581732437763296,-0.562167955812708,0,7,7,6,12.666666666666666,0,0,7,7,6,12.666666666666666,0,0,1,0,0.8571428571428571,0.8571428571428571,1.0,1.0,2,True,False,False,True,False,False,False,False,False,False,False,False,False,False,False,False,False,False,False,False,False,False,True,False,True,False,False
3.2521368007779965,-1.2598402961236081,-1.165586678720673,-0.562167955812708,0,6,8,6,12.666666666666666,0,0,6,10,5,12.0,0,0,1,0,1.0,0.8333333333333334,1.3333333333333333,1.6666666666666667,2,True,False,False,False,False,True,False,False,False,False,False,False,False,False,True,False,False,False,True,False,False,False,True,False,True,True,False
-0.5540677512436588,-2.549004238076092,-1.8838006697486067,-0.16675255968433558,0,5,8,0,0.0,0,0,5,7,0,0.0,0,0,0,1,0.0,0.0,1.6,1.4,1,True,False,False,False,False,False,False,True,False,False,True,False,False,False,False,True,False,False,False,True,False,False,True,True,False,False,False
0.9684140695650034,0.18098999194093274,-0.4128431688933185,-0.562167955812708,0,6,7,6,11.333333333333334,0,0,6,6,6,11.5,0,0,1,0,1.0,1.0,1.1666666666666667,1.0,2,True,False,False,False,False,True,False,False,False,False,False,False,False,False,False,False,False,False,False,False,False,False,True,False,True,True,False
0.9684140695650034,0.6359890302771035,0.3260885334142669,-0.562167955812708,0,7,10,7,13.605,0,0,8,11,8,12.33125,0,0,1,0,1.0,1.0,1.4285714285714286,1.375,2,True,False,False,True,False,False,False,False,False,False,False,False,False,False,False,False,False,False,False,False,False,False,True,False,True,True,False
2.4908958903736655,-0.04650952722715268,-0.5440553403311146,-0.562167955812708,0,6,10,5,12.0,0,0,6,9,5,10.8,0,0,1,0,0.8333333333333334,0.8333333333333334,1.6666666666666667,1.5,2,True,False,False,False,False,True,False,False,False,False,False,False,False,False,True,False,False,False,False,False,False,False,True,False,True,True,False
1.7296549799693344,-0.04650952722715268,-0.15732472977761094,-0.562167955812708,0,5,10,0,0.0,0,0,5,10,0,0.0,0,0,1,0,0.0,0.0,2.0,2.0,0,True,False,False,False,False,False,False,False,False,False,False,False,False,False,False,False,False,False,False,False,False,False,True,False,True,False,False
-0.5540677512436588,-1.4873398152916937,-0.6752675117689096,-0.4303628237699172,0,6,8,5,11.2,0,0,6,12,3,11.666666666666666,0,0,1,0,0.8333333333333334,0.5,1.3333333333333333,2.0,0,True,False,False,False,False,False,False,False,False,False,False,False,False,False,False,False,False,False,False,False,False,False,True,False,True,False,False
-0.5540677512436588,0.10515681888490426,0.12581732437763296,-0.6939730878554988,0,5,10,5,13.375,0,0,5,9,5,14.166666666666666,0,0,0,0,1.0,1.0,2.0,1.8,2,True,False,False,False,False,False,False,False,False,False,True,False,False,False,False,True,False,False,False,False,False,False,False,False,True,False,False
-0.5540677512436588,0.25682316499696123,0.31227672589449973,-0.4303628237699172,0,7,8,6,13.863333333333337,0,0,8,9,7,14.178571428571429,0,0,1,0,0.8571428571428571,0.875,1.1428571428571428,1.125,2,True,False,False,True,False,False,False,False,False,False,False,False,False,False,False,False,False,False,False,False,False,False,False,False,True,True,False
-0.5540677512436588,0.25682316499696123,-0.36450184257413043,-0.6939730878554988,0,0,0,0,0.0,0,0,0,0,0,0.0,0,0,0,0,0.0,0.0,0.0,0.0,1,True,False,False,False,False,True,False,False,False,False,True,False,False,False,False,True,False,False,False,False,False,False,True,False,True,False,False
-0.5540677512436588,-0.2740090463952381,-0.24710147865610252,-0.562167955812708,0,5,6,5,12.4,0,0,5,6,5,13.4,0,0,1,0,1.0,1.0,1.2,1.2,2,True,False,False,True,False,False,False,False,False,False,False,False,False,False,True,False,False,False,False,False,False,False,False,False,True,False,False
-0.5540677512436588,0.40848951110901816,-0.15732472977761094,-0.6939730878554988,0,6,11,3,12.333333333333334,0,0,6,10,5,10.833333333333334,0,0,1,0,0.5,0.8333333333333334,1.8333333333333333,1.6666666666666667,1,True,False,False,False,False,True,False,False,False,False,False,False,False,False,False,False,False,False,False,False,False,False,True,False,True,False,False
-0.5540677512436588,0.33265633805298966,0.40205347477299225,-0.6939730878554988,0,6,7,6,13.333333333333334,0,0,6,8,5,11.8,0,0,1,0,1.0,0.8333333333333334,1.1666666666666667,1.3333333333333333,2,True,False,False,False,False,True,False,False,False,False,False,False,False,False,False,False,False,False,False,False,False,False,True,False,True,False,False
-0.5540677512436588,-1.3356734691796368,-1.2622693313590483,-0.2985576917271264,0,6,10,3,12.666666666666666,0,0,6,12,3,10.0,0,0,0,0,0.5,0.5,1.6666666666666667,2.0,0,True,False,False,False,False,True,False,True,False,False,True,False,False,False,False,True,False,False,True,False,False,False,True,False,True,False,False
-0.5540677512436588,-0.2740090463952381,0.7680663740468422,-0.562167955812708,0,6,8,6,12.0,0,0,6,10,4,11.5,0,0,1,0,1.0,0.6666666666666666,1.3333333333333333,1.6666666666666667,0,True,False,False,False,False,True,False,False,False,False,False,False,False,False,False,False,False,False,False,False,False,False,False,False,True,False,False
-0.5540677512436588,-0.12234270028318116,-0.03301846209969945,-0.6939730878554988,0,5,5,5,10.6,0,0,5,5,5,11.8,0,0,1,0,1.0,1.0,1.0,1.0,2,True,False,False,False,False,False,False,False,False,False,False,False,False,False,False,False,False,False,False,False,False,False,False,False,True,True,False
0.2071731591606723,0.02932364582887579,0.029134671739256792,-0.6939730878554988,0,6,8,6,12.25,0,0,6,7,6,11.857142857142858,0,0,1,0,1.0,1.0,1.3333333333333333,1.1666666666666667,2,True,False,False,False,False,True,False,False,False,False,False,False,False,False,False,False,False,False,False,False,False,False,True,False,True,True,False
0.9684140695650034,-0.577341738619352,-0.23328967113633534,-0.4303628237699172,0,6,10,4,11.0,0,0,6,9,6,11.833333333333334,0,0,1,0,0.6666666666666666,1.0,1.6666666666666667,1.5,2,True,False,False,False,False,True,False,False,False,False,False,False,False,False,False,False,False,False,False,False,False,False,True,False,True,False,False
-0.5540677512436588,-0.9565076038994943,-0.34378413129447866,0.09685770440124603,0,6,11,5,11.0,0,0,6,9,5,12.6,0,1,1,0,0.8333333333333334,0.8333333333333334,1.8333333333333333,1.5,2,True,False,True,False,False,True,False,True,False,False,False,False,False,False,False,False,False,False,False,False,False,False,False,False,True,True,False
-0.5540677512436588,-0.3498422194512666,-0.6062084741700698,-0.562167955812708,0,6,6,6,13.166666666666666,0,0,6,9,6,13.0,0,0,1,0,1.0,1.0,1.0,1.5,0,True,False,False,False,False,False,False,False,False,False,False,False,False,False,True,False,False,False,False,True,False,False,False,False,True,False,False
-0.5540677512436588,-0.425675392507295,-0.21257195985668262,-0.6939730878554988,0,7,9,7,12.855555555555554,0,0,8,12,7,12.761111111111113,0,0,1,0,1.0,0.875,1.2857142857142858,1.5,2,True,False,False,True,False,False,False,False,False,False,False,False,False,False,False,False,False,False,False,False,False,False,True,False,True,True,False
0.2071731591606723,0.10515681888490426,-0.08135978841888752,-0.6939730878554988,0,7,8,7,14.91875,0,0,8,8,8,15.355,0,0,1,0,1.0,1.0,1.1428571428571428,1.0,2,True,False,False,True,False,False,False,False,False,False,False,False,False,False,False,False,False,False,False,False,False,False,True,False,True,False,False
2.4908958903736655,-0.04650952722715268,-0.2540073824159871,-0.2985576917271264,0,6,13,4,11.5,0,0,6,10,3,11.0,0,0,1,0,0.6666666666666666,0.5,2.1666666666666665,1.6666666666666667,0,True,False,False,False,False,True,False,False,False,False,False,False,False,False,True,False,False,False,True,False,False,False,True,False,True,False,False
0.2071731591606723,-0.6531749116753804,-0.1780424410572627,-0.562167955812708,0,5,5,5,14.2,0,0,5,5,5,14.2,0,0,1,0,1.0,1.0,1.0,1.0,2,True,False,False,False,False,False,False,False,False,False,False,False,False,False,True,False,False,False,True,False,False,False,False,False,True,False,False
-0.5540677512436588,0.03690696313447821,-0.06754798089911936,-0.562167955812708,0,6,6,6,12.5,0,0,6,7,6,13.0,0,0,1,0,1.0,1.0,1.0,1.1666666666666667,2,True,False,False,False,False,True,False,False,False,False,False,False,False,False,False,False,False,False,False,False,False,False,False,False,True,True,False
-0.5540677512436588,2.8351510489019294,2.971049673449833,3.1283757413854345,0,1,1,0,0.0,0,0,6,0,0,0.0,0,1,1,1,0.0,0.0,1.0,0.0,1,False,False,False,False,False,True,False,True,False,False,False,False,False,False,False,False,False,False,False,False,False,False,False,True,True,False,False
0.9684140695650034,-0.577341738619352,-0.3783136500938986,-0.562167955812708,0,6,10,5,11.666666666666666,0,0,6,12,4,11.0,0,0,1,0,0.8333333333333334,0.6666666666666666,1.6666666666666667,2.0,2,True,False,False,False,False,True,False,False,False,False,False,False,False,False,False,False,False,False,False,False,False,False,False,False,True,False,False
-0.5540677512436588,-0.19817587333920963,0.20868816949623997,0.7558833646152,1,8,8,7,14.257142857142856,0,1,8,8,7,14.257142857142856,0,1,0,0,0.875,0.875,1.0,1.0,2,True,False,False,True,False,False,False,True,True,False,True,False,True,False,False,True,False,False,False,True,False,False,False,False,True,False,False
-0.5540677512436588,-0.577341738619352,-0.6890793192886778,-0.2985576917271264,0,6,13,3,12.0,0,0,6,12,2,11.333333333333334,0,0,1,0,0.5,0.3333333333333333,2.1666666666666665,2.0,0,True,False,False,False,False,True,False,True,False,False,False,False,False,False,True,False,False,False,False,False,False,False,True,False,True,False,False
-0.5540677512436588,-0.19817587333920963,0.20868816949623997,0.6240782325724092,0,5,13,4,11.25,1,0,5,11,4,10.5,0,1,1,0,0.8,0.8,2.6,2.2,1,True,False,False,True,False,False,False,True,False,False,False,False,False,False,False,False,False,False,False,False,False,False,True,False,True,False,False
0.2071731591606723,0.03690696313447821,-1.3106106576782364,-0.4303628237699172,0,7,8,7,12.457142857142856,0,0,8,8,8,13.5625,0,0,1,0,1.0,1.0,1.1428571428571428,1.0,2,True,False,False,True,False,False,False,False,False,False,False,False,False,False,False,True,False,False,False,False,False,False,False,False,True,False,False
-0.5540677512436588,-0.12234270028318116,0.36752395597357235,-0.562167955812708,0,7,7,6,11.683333333333332,0,0,7,7,6,11.683333333333332,0,0,0,0,0.8571428571428571,0.8571428571428571,1.0,1.0,2,True,False,False,True,False,False,False,False,False,False,True,False,False,False,True,False,False,False,True,False,False,False,True,False,True,False,False
-0.5540677512436588,1.3184875877813598,1.451750846275357,0.3604679684868276,0,6,10,3,11.666666666666666,0,0,6,8,5,12.0,0,1,0,0,0.5,0.8333333333333334,1.6666666666666667,1.3333333333333333,2,True,False,True,False,False,True,False,True,False,False,False,False,True,False,True,False,False,False,False,False,False,False,False,False,True,False,False
0.2071731591606723,-0.577341738619352,-0.30234870873517516,-0.4303628237699172,0,6,8,4,11.75,0,0,6,6,6,13.166666666666666,0,0,1,1,0.6666666666666666,1.0,1.3333333333333333,1.0,0,True,False,False,False,False,False,False,False,False,False,False,False,False,False,False,False,False,False,False,False,False,False,True,True,False,False,False
-0.5540677512436588,-0.12234270028318116,-0.27472509369563886,-0.6939730878554988,0,5,6,3,11.666666666666666,0,0,5,6,4,13.5,0,0,1,0,0.6,0.8,1.2,1.2,1,True,False,False,False,False,False,False,False,False,False,False,False,False,False,False,False,False,False,False,False,False,False,True,False,True,True,False
-0.5540677512436588,-0.19817587333920963,-1.6904353644718553,0.4922731005296184,0,6,9,5,13.2,0,0,6,10,5,12.0,0,1,1,0,0.8333333333333334,0.8333333333333334,1.5,1.6666666666666667,2,True,False,False,False,False,True,False,True,False,False,False,False,False,False,False,False,False,False,True,False,False,False,False,False,True,False,False
0.2071731591606723,-0.7290080847314089,-0.9445977584043854,-0.4303628237699172,0,7,8,4,11.95,0,0,7,8,4,11.95,0,0,1,0,0.5714285714285714,0.5714285714285714,1.1428571428571428,1.1428571428571428,0,True,False,False,True,False,False,False,False,False,False,False,False,False,False,False,False,False,True,False,False,False,True,True,False,True,False,False
2.4908958903736655,0.6359890302771035,0.41586528229275943,-0.6939730878554988,0,6,8,5,12.4,0,0,6,12,5,10.4,0,0,1,0,0.8333333333333334,0.8333333333333334,1.3333333333333333,2.0,0,True,False,False,False,False,True,False,False,False,False,False,False,False,False,False,False,False,False,True,False,False,False,True,False,True,False,False
-0.5540677512436588,0.5601558572210751,0.8992785454846383,1.2831038927863632,2,7,8,6,14.35,0,3,8,10,6,14.583333333333334,0,1,1,0,0.8571428571428571,0.75,1.1428571428571428,1.25,0,True,False,False,True,False,False,True,False,True,False,False,False,False,False,False,False,False,False,True,False,False,False,False,False,True,False,False
-0.5540677512436588,0.5601558572210751,0.09128780557821303,1.546714156871945,19,21,21,21,12.61904761904762,0,13,19,19,19,12.789473684210526,0,1,0,0,1.0,1.0,1.0,1.0,2,True,False,False,False,False,True,False,True,False,False,True,False,False,False,False,True,False,False,False,True,False,False,True,False,True,False,False
-0.5540677512436588,0.5601558572210751,0.8992785454846383,0.3604679684868276,2,6,7,6,12.666666666666666,0,2,6,7,6,13.166666666666666,1,1,1,0,1.0,1.0,1.1666666666666667,1.1666666666666667,1,True,False,True,False,False,False,True,False,False,True,False,False,False,False,False,False,False,False,False,False,False,False,False,False,True,True,False
-0.5540677512436588,0.03690696313447821,-1.5868468080735956,0.4922731005296184,0,6,6,5,12.0,0,0,6,6,0,0.0,0,1,1,1,0.8333333333333334,0.0,1.0,1.0,0,True,False,False,False,False,True,False,True,False,False,False,False,False,False,False,True,False,False,True,False,False,False,False,True,False,False,False
0.9684140695650034,-0.12234270028318116,-0.32306642001482694,-0.562167955812708,0,6,6,6,12.166666666666666,0,0,6,6,0,0.0,0,0,1,1,1.0,0.0,1.0,1.0,0,True,False,False,False,False,True,False,False,False,False,False,False,False,False,True,False,False,False,True,False,False,False,True,False,False,False,False
0.2071731591606723,0.7876553763891605,0.5539833574904391,-0.4303628237699172,0,6,0,0,0.0,0,0,6,0,0,0.0,0,0,1,0,0.0,0.0,0.0,0.0,0,True,False,False,False,False,False,False,False,False,False,False,False,False,False,True,False,False,False,False,False,False,False,False,False,True,False,False
0.2071731591606723,-0.04650952722715268,-0.5440553403311146,-0.4303628237699172,0,5,9,3,10.0,0,0,5,9,3,10.571428571428571,0,0,0,1,0.6,0.6,1.8,1.8,0,True,False,False,False,False,False,False,False,False,False,True,False,True,False,True,False,False,False,False,False,False,False,True,True,False,False,False
-0.5540677512436588,0.7876553763891605,-0.026112558339815857,-0.2985576917271264,5,10,18,8,11.5,0,0,6,12,4,10.0,0,0,1,1,0.8,0.6666666666666666,1.8,2.0,1,True,False,False,False,False,True,False,True,False,False,False,False,False,False,True,False,False,False,False,False,False,False,False,True,False,False,False
0.9684140695650034,0.6359890302771035,0.13962913189740012,-0.6939730878554988,0,7,7,6,13.05,0,0,7,7,6,13.05,0,0,1,0,0.8571428571428571,0.8571428571428571,1.0,1.0,2,True,False,False,True,False,False,False,False,False,False,False,False,False,False,False,False,False,False,True,False,False,False,True,False,True,True,False
-0.5540677512436588,0.03690696313447821,2.439295083938767,0.09685770440124603,0,6,10,2,11.0,0,0,6,6,0,0.0,0,1,1,0,0.3333333333333333,0.0,1.6666666666666667,1.0,0,True,False,False,True,False,False,False,True,False,False,False,False,False,False,False,False,False,False,False,False,False,False,True,False,True,False,False
1.7296549799693344,1.166821241669303,2.515260025297491,-0.4303628237699172,0,6,7,6,11.5,0,0,6,6,6,12.0,0,0,0,0,1.0,1.0,1.1666666666666667,1.0,2,True,False,False,False,False,True,False,False,False,False,False,False,True,False,True,False,False,False,False,True,False,False,True,False,True,False,False
-0.5540677512436588,-0.577341738619352,-0.3783136500938986,-0.2985576917271264,0,6,7,6,12.0,0,0,6,6,6,12.5,0,0,1,0,1.0,1.0,1.1666666666666667,1.0,2,True,False,False,False,False,False,False,False,False,False,False,False,False,False,False,False,False,False,False,False,False,False,False,False,True,True,False
-0.5540677512436588,-0.9565076038994943,-0.28853690121540704,-0.034947427641544786,0,6,13,2,10.0,0,0,5,12,1,10.0,0,0,1,0,0.3333333333333333,0.2,2.1666666666666665,2.4,1,True,False,True,False,False,True,False,False,False,False,False,False,False,False,False,False,False,False,False,True,False,False,False,False,True,False,False
-0.5540677512436588,0.5601558572210751,-0.620020281689838,0.09685770440124603,0,5,5,0,0.0,0,0,5,5,0,0.0,0,1,0,0,0.0,0.0,1.0,1.0,0,True,False,False,False,False,False,False,True,False,False,False,False,True,False,True,False,False,False,False,True,False,False,True,False,True,False,False
-0.5540677512436588,0.48432268416504665,0.4849243198915993,-0.2985576917271264,0,6,0,0,0.0,0,0,6,0,0,0.0,0,0,1,0,0.0,0.0,0.0,0.0,0,True,False,False,False,False,True,False,True,False,False,False,False,False,False,True,False,False,False,False,False,False,False,False,False,True,False,False
1.7296549799693344,0.7118222033331321,0.1948763619764728,-0.6939730878554988,0,8,8,7,12.242857142857144,0,0,8,8,7,12.242857142857144,0,0,1,0,0.875,0.875,1.0,1.0,2,True,False,False,True,False,False,False,False,False,False,False,False,False,False,False,False,False,False,False,False,False,False,True,False,True,False,False
-0.5540677512436588,-0.19817587333920963,1.7279869966707162,0.4922731005296184,0,5,0,0,0.0,0,0,5,0,0,0.0,0,1,1,0,0.0,0.0,0.0,0.0,0,True,False,True,False,False,False,False,True,True,False,False,False,False,False,False,True,False,False,True,False,False,False,True,False,True,False,False
3.2521368007779965,-0.5015085655633235,-0.28853690121540704,-0.6939730878554988,0,8,8,8,12.93375,0,0,8,8,8,12.93375,0,0,1,0,1.0,1.0,1.0,1.0,2,True,False,False,True,False,False,False,False,False,False,False,False,False,False,True,False,False,False,True,False,False,False,True,False,True,False,False
-0.5540677512436588,1.3184875877813598,1.5898689214730366,1.546714156871945,0,5,0,0,0.0,0,0,5,0,0,0.0,0,1,0,0,0.0,0.0,0.0,0.0,0,True,False,False,False,True,False,True,False,True,False,True,False,True,False,False,True,False,False,False,True,False,False,False,False,True,False,False
-0.5540677512436588,-0.19817587333920963,0.33299443717415245,-0.6939730878554988,0,7,9,7,12.571428571428571,0,0,7,8,7,14.428571428571429,0,0,1,0,1.0,1.0,1.2857142857142858,1.1428571428571428,2,True,False,False,False,False,True,False,False,False,False,False,False,False,False,False,True,False,False,False,False,False,False,False,False,True,False,False
-0.5540677512436588,-0.9565076038994943,-1.4556346366357995,1.546714156871945,0,3,4,3,11.816666666666668,0,0,3,3,3,11.333333333333334,0,1,0,0,1.0,1.0,1.3333333333333333,1.0,1,True,False,False,True,False,False,False,True,False,False,False,False,True,False,False,False,False,False,False,True,False,False,False,False,True,False,False
-0.5540677512436588,0.40848951110901816,0.3537121484538032,-0.562167955812708,0,5,9,4,13.75,0,0,5,13,4,14.333333333333334,2,0,1,0,0.8,0.8,1.8,2.6,2,True,False,False,True,False,False,False,False,False,False,False,False,False,False,True,False,False,False,False,False,False,False,True,False,True,False,False
1.7296549799693344,-0.425675392507295,0.029134671739256792,-0.4303628237699172,0,6,8,6,11.166666666666666,0,0,6,6,6,11.333333333333334,0,0,1,0,1.0,1.0,1.3333333333333333,1.0,2,True,False,False,False,False,True,False,False,False,False,False,False,False,False,True,False,False,False,False,False,True,False,True,False,True,False,False
1.7296549799693344,0.5601558572210751,0.17415865069682004,-0.6939730878554988,0,8,8,7,12.324285714285711,0,0,8,8,7,12.324285714285711,0,0,1,0,0.875,0.875,1.0,1.0,2,True,False,False,True,False,False,False,False,False,False,False,False,False,False,False,False,False,False,False,False,False,False,True,False,True,False,False
-0.5540677512436588,-0.19817587333920963,-0.019206654579931284,-0.2985576917271264,3,6,6,6,12.166666666666666,0,2,6,7,6,11.714285714285714,0,0,1,1,1.0,1.0,1.0,1.1666666666666667,2,True,False,False,False,False,True,True,False,False,True,False,False,False,False,True,False,False,False,False,False,False,False,False,True,True,False,False
0.2071731591606723,-0.3498422194512666,-0.7236088380880977,-0.6939730878554988,0,6,11,5,11.142857142857142,0,0,6,11,4,11.25,0,0,1,0,0.8333333333333334,0.6666666666666666,1.8333333333333333,1.8333333333333333,2,True,False,False,False,False,True,False,False,False,False,False,False,False,False,False,False,False,False,False,False,False,False,False,False,True,True,False
-0.5540677512436588,-0.04650952722715268,-0.5440553403311146,-0.6939730878554988,0,6,9,4,11.0,0,0,6,9,4,10.75,0,0,1,0,0.6666666666666666,0.6666666666666666,1.5,1.5,2,True,False,False,False,False,True,False,False,False,False,False,False,False,False,False,False,True,False,False,False,True,False,True,False,True,False,False
0.2071731591606723,1.2426544147253313,-0.03301846209969945,-0.6939730878554988,0,8,8,7,12.914285714285713,0,0,8,8,7,12.914285714285713,0,0,1,0,0.875,0.875,1.0,1.0,2,True,False,False,True,False,False,False,False,False,False,False,False,False,False,False,False,False,False,False,False,False,False,True,False,True,False,False
1.7296549799693344,1.6976534530615022,1.5760571139532693,-0.6939730878554988,0,6,6,6,13.833333333333334,0,0,6,6,6,14.166666666666666,0,0,0,0,1.0,1.0,1.0,1.0,2,True,False,False,False,False,True,False,False,False,False,True,False,False,False,False,True,False,False,True,False,False,False,True,False,True,True,False
-0.5540677512436588,-0.9565076038994943,-0.8202914907264739,-0.562167955812708,0,6,8,6,13.857142857142858,0,0,6,9,5,13.4,0,0,1,0,1.0,0.8333333333333334,1.3333333333333333,1.5,2,True,False,False,True,False,False,False,False,False,False,False,False,False,False,False,False,False,False,False,False,False,False,True,False,True,False,False
-0.5540677512436588,0.03690696313447821,-0.1711365372973791,1.6785192889147356,0,6,7,6,13.714285714285714,0,0,6,6,5,12.8,0,1,0,0,1.0,0.8333333333333334,1.1666666666666667,1.0,0,True,False,False,False,False,False,False,True,False,False,True,False,False,False,False,True,False,False,False,True,False,False,False,False,True,True,False
0.2071731591606723,-0.12234270028318116,0.09128780557821303,-0.6939730878554988,0,8,8,7,12.642857142857142,0,0,8,8,7,12.642857142857142,0,0,1,0,0.875,0.875,1.0,1.0,2,True,False,False,True,False,False,False,False,False,False,False,False,False,False,False,False,False,False,True,False,False,False,True,False,True,True,False
-0.5540677512436588,1.2426544147253313,0.6230423950892789,-0.6939730878554988,0,7,7,6,12.916666666666666,0,0,7,7,6,12.916666666666666,0,0,1,0,0.8571428571428571,0.8571428571428571,1.0,1.0,2,True,False,False,True,False,False,False,False,False,False,False,False,False,False,False,False,False,False,False,False,False,False,False,False,True,True,False
-0.5540677512436588,0.5601558572210751,0.8992785454846383,-0.4303628237699172,0,6,8,6,15.625,0,0,6,8,6,15.857142857142858,0,0,0,0,1.0,1.0,1.3333333333333333,1.3333333333333333,2,True,False,False,False,False,True,False,True,False,False,False,False,True,False,False,False,False,False,False,True,False,False,True,False,True,True,False
-0.5540677512436588,0.03690696313447821,-0.04683026961946761,0.3604679684868276,0,5,7,0,0.0,0,0,5,8,0,0.0,0,1,1,0,0.0,0.0,1.4,1.6,0,True,False,True,False,False,False,False,True,False,False,False,False,False,False,False,False,False,False,False,False,False,False,False,False,True,True,False
-0.5540677512436588,-0.8048412577874374,-0.005394847060163122,-0.2985576917271264,0,6,8,6,11.714285714285714,0,0,6,7,6,12.0,0,0,1,0,1.0,1.0,1.3333333333333333,1.1666666666666667,2,True,False,False,False,False,True,False,True,False,False,False,False,False,False,True,False,False,False,True,False,False,False,False,False,True,False,False
-0.5540677512436588,-0.19817587333920963,1.2445737334788374,0.22866283644403682,0,7,10,6,12.125,0,0,8,9,8,13.3125,0,1,1,0,0.8571428571428571,1.0,1.4285714285714286,1.125,1,True,False,False,True,False,False,False,True,True,False,False,False,False,False,True,False,False,False,True,False,False,False,False,False,True,False,False
-0.5540677512436588,-0.8806744308434659,-0.7719501644072858,-0.562167955812708,0,5,7,5,11.6,0,0,5,5,5,11.6,0,0,0,0,1.0,1.0,1.4,1.0,2,True,False,False,False,False,False,False,False,False,False,False,False,True,False,True,False,False,False,True,False,False,False,True,False,True,True,False
-0.5540677512436588,-0.9565076038994943,-1.863082958468955,0.09685770440124603,0,6,11,1,10.0,0,0,6,6,0,0.0,6,1,1,0,0.16666666666666666,0.0,1.8333333333333333,1.0,0,True,False,True,False,False,True,False,True,False,False,False,False,False,False,False,False,False,False,False,False,False,False,True,False,True,False,False
-0.5540677512436588,0.03690696313447821,-1.6904353644718553,0.4922731005296184,0,6,16,1,10.0,0,0,6,13,0,0.0,0,1,1,0,0.16666666666666666,0.0,2.6666666666666665,2.1666666666666665,0,True,False,True,False,False,True,False,True,False,False,False,False,False,False,True,False,False,False,True,False,False,False,False,False,True,True,False
-0.5540677512436588,-0.8806744308434659,0.31227672589449973,-0.2985576917271264,0,5,10,0,0.0,1,0,5,9,2,13.5,0,0,1,0,0.0,0.4,2.0,1.8,0,True,False,False,True,False,False,False,False,False,False,False,False,False,False,False,True,False,False,False,True,False,False,False,False,True,False,False
-0.5540677512436588,0.02932364582887579,1.382691808676517,-0.6939730878554988,0,5,7,4,13.0,0,0,5,8,3,12.333333333333334,0,0,1,0,0.8,0.6,1.4,1.6,2,True,False,False,False,False,False,False,False,False,False,False,False,False,False,False,False,False,False,False,False,False,False,False,False,True,True,False
1.7296549799693344,0.10515681888490426,-0.30925461249505876,-0.562167955812708,0,6,6,6,13.333333333333334,0,0,6,6,6,14.5,0,0,1,0,1.0,1.0,1.0,1.0,2,False,False,False,False,False,True,False,False,False,False,False,False,False,False,True,False,False,False,False,False,False,False,False,False,True,True,False
0.9684140695650034,-1.3356734691796368,-0.6545498004892579,-0.6939730878554988,0,6,9,4,11.25,0,0,6,13,2,12.5,0,0,1,0,0.6666666666666666,0.3333333333333333,1.5,2.1666666666666665,0,True,False,False,False,False,False,False,False,False,False,False,False,False,False,False,True,False,False,False,True,False,False,True,False,True,False,False
-0.5540677512436588,-0.425675392507295,1.5898689214730366,-0.562167955812708,0,7,9,5,13.85,0,0,8,9,7,12.19285714285714,0,0,1,0,0.7142857142857143,0.875,1.2857142857142858,1.125,2,True,False,False,True,False,False,False,True,False,False,False,False,False,False,True,False,False,False,False,False,False,False,False,False,True,True,False
-0.5540677512436588,0.18098999194093274,0.03604057549914038,-0.562167955812708,0,7,8,6,13.741666666666667,0,0,8,9,7,14.9125,0,0,1,0,0.8571428571428571,0.875,1.1428571428571428,1.125,2,True,False,False,True,False,False,False,False,False,False,False,False,False,False,True,False,False,False,True,False,False,False,True,False,True,True,False
-0.5540677512436588,0.5601558572210751,0.8992785454846383,1.2831038927863632,2,6,7,6,15.333333333333334,0,0,5,5,5,15.8,0,1,0,0,1.0,1.0,1.1666666666666667,1.0,2,False,False,True,False,False,False,True,False,True,False,True,False,True,False,False,True,False,False,False,True,False,False,False,False,True,False,False
-0.5540677512436588,-0.19817587333920963,0.20868816949623997,2.8647654772998528,0,5,6,5,11.0,0,0,5,5,5,13.8,0,1,0,0,1.0,1.0,1.2,1.0,2,False,False,False,False,False,False,True,False,True,False,False,False,True,False,False,True,False,False,False,False,False,False,False,False,True,False,False
-0.5540677512436588,0.18098999194093274,0.4365829935724122,-0.4303628237699172,0,6,6,6,12.0,0,0,6,7,6,12.857142857142858,0,0,1,0,1.0,1.0,1.0,1.1666666666666667,2,True,False,False,False,False,True,False,False,False,False,False,False,False,False,False,False,False,False,False,False,False,False,False,False,True,True,False
0.2071731591606723,0.5601558572210751,-2.0702600712654746,0.6240782325724092,0,5,5,0,0.0,0,0,5,5,0,0.0,0,1,1,0,0.0,0.0,1.0,1.0,0,True,False,False,False,False,False,False,True,False,False,False,False,False,False,False,False,True,False,False,False,True,False,True,False,True,False,False
-0.5540677512436588,-0.9565076038994943,-1.034374507282877,-0.562167955812708,0,8,15,7,11.571428571428571,0,0,8,15,7,11.571428571428571,0,0,1,0,0.875,0.875,1.875,1.875,2,True,False,False,True,False,False,False,True,False,False,False,False,False,False,True,False,False,False,False,False,False,False,True,False,True,True,False
0.2071731591606723,0.5601558572210751,-0.23328967113633534,-0.6939730878554988,0,6,10,6,12.857142857142858,0,0,6,6,3,12.666666666666666,0,0,1,0,1.0,0.5,1.6666666666666667,1.0,2,True,False,False,False,False,False,False,False,False,False,False,False,False,False,True,False,False,False,True,False,False,False,True,False,True,False,False
-0.5540677512436588,0.03690696313447821,0.24321768829565987,1.9421295530003173,0,6,0,0,0.0,0,0,6,0,0,0.0,0,1,1,0,0.0,0.0,0.0,0.0,0,True,False,False,False,False,False,False,True,True,False,False,False,False,False,True,False,False,False,False,False,False,False,False,False,True,False,False
0.2071731591606723,0.18098999194093274,0.4365829935724122,-0.562167955812708,0,5,5,5,13.0,0,0,5,5,5,13.2,0,0,0,0,1.0,1.0,1.0,1.0,2,True,False,False,False,False,False,False,False,False,False,False,False,True,False,True,False,False,False,False,True,False,False,False,False,True,False,False
-0.5540677512436588,-0.7290080847314089,0.3537121484538032,-0.2985576917271264,0,6,9,5,11.0,0,0,6,8,5,12.0,0,0,1,0,0.8333333333333334,0.8333333333333334,1.5,1.3333333333333333,2,True,False,False,False,False,False,False,False,False,False,False,False,False,False,False,False,False,False,False,False,False,False,False,False,True,True,False
-0.5540677512436588,0.03690696313447821,-1.863082958468955,-0.2985576917271264,0,5,12,3,12.0,0,0,5,12,1,15.0,3,0,1,0,0.6,0.2,2.4,2.4,0,True,False,False,False,False,False,False,False,False,False,False,False,False,False,False,False,False,False,False,False,False,False,False,False,True,False,False
-0.5540677512436588,1.6218202800054737,0.9269021605241746,-0.16675255968433558,0,6,6,5,12.6,0,0,6,6,6,13.0,0,0,1,0,0.8333333333333334,1.0,1.0,1.0,2,True,False,False,False,False,True,False,False,False,False,False,False,False,False,False,False,False,False,False,False,False,False,False,False,True,True,False
-0.5540677512436588,1.166821241669303,1.0166789094026651,-0.6939730878554988,0,6,8,5,13.4,0,0,6,7,6,13.166666666666666,0,0,1,0,0.8333333333333334,1.0,1.3333333333333333,1.1666666666666667,2,True,False,False,False,False,True,False,False,False,False,False,False,False,False,True,False,False,False,False,False,False,False,False,False,True,True,False
0.2071731591606723,0.02932364582887579,-0.5026199177718101,-0.6939730878554988,0,6,9,6,11.333333333333334,0,0,6,9,6,11.571428571428571,0,0,1,0,1.0,1.0,1.5,1.5,2,True,False,False,False,False,True,False,False,False,False,False,False,False,False,False,True,False,False,False,False,False,False,False,False,True,True,False
-0.5540677512436588,-0.5015085655633235,-0.30925461249505876,0.22866283644403682,0,5,14,4,13.5,2,0,5,10,4,14.25,0,1,1,1,0.8,0.8,2.8,2.0,0,True,False,False,False,False,True,False,False,False,False,False,False,False,False,False,False,False,False,False,False,False,False,True,False,False,False,False
-0.5540677512436588,0.03690696313447821,0.8992785454846383,0.09685770440124603,2,6,11,3,11.75,0,1,6,14,3,10.333333333333334,0,1,1,1,0.5,0.5,1.8333333333333333,2.3333333333333335,0,True,False,False,True,False,False,False,True,False,False,False,False,False,False,False,False,False,False,False,False,False,False,False,True,False,False,False
0.9684140695650034,-0.577341738619352,-0.5233376290514619,-0.562167955812708,0,7,10,6,12.471428571428572,0,0,7,8,7,11.4625,0,0,0,0,0.8571428571428571,1.0,1.4285714285714286,1.1428571428571428,1,True,False,False,True,False,False,False,False,False,False,True,False,False,False,True,False,False,False,True,False,False,False,True,False,True,False,False
-0.5540677512436588,0.9393217225012175,1.9351641094672356,0.09685770440124603,11,17,19,11,12.909090909090908,0,9,13,15,9,13.555555555555555,0,1,0,0,0.6470588235294118,0.6923076923076923,1.1176470588235294,1.1538461538461537,1,True,False,False,False,False,True,True,False,False,False,True,False,True,False,False,True,False,False,False,True,False,False,True,False,True,False,False
0.2071731591606723,-1.1081739500115513,-0.5440553403311146,-0.4303628237699172,0,5,5,5,11.6,0,0,5,5,5,13.6,0,0,1,0,1.0,1.0,1.0,1.0,2,True,False,False,False,False,False,False,False,False,False,False,False,False,False,True,False,False,False,True,False,False,False,True,False,True,True,False
-0.5540677512436588,-0.9565076038994943,-0.29544280497529063,0.22866283644403682,0,5,5,0,0.0,0,0,5,9,0,0.0,0,1,1,1,0.0,0.0,1.0,1.8,0,True,False,False,False,False,False,False,True,False,False,False,False,False,False,False,False,False,False,False,True,False,False,False,False,False,False,False
-0.5540677512436588,-0.425675392507295,-0.6269261854497216,-0.4303628237699172,5,10,13,9,12.9,0,4,10,12,10,12.363636363636363,0,0,1,0,0.9,1.0,1.3,1.2,2,True,False,False,False,False,False,False,False,False,False,False,False,False,False,False,False,False,False,False,False,False,False,False,False,True,True,False
-0.5540677512436588,-0.19817587333920963,0.20868816949623997,-0.034947427641544786,0,8,8,8,13.22,0,0,8,8,8,13.22,0,0,1,0,1.0,1.0,1.0,1.0,2,True,False,False,True,False,False,True,False,True,False,False,False,False,False,True,False,False,False,False,True,False,False,False,False,True,False,False
0.9684140695650034,-0.2740090463952381,-0.48190220649215837,-0.562167955812708,0,8,8,7,13.151428571428571,0,0,8,8,7,13.151428571428571,0,0,1,0,0.875,0.875,1.0,1.0,2,True,False,False,True,False,False,False,False,False,False,False,False,False,False,False,False,False,False,False,False,False,False,True,False,True,True,False
-0.5540677512436588,-0.19817587333920963,0.20868816949623997,0.7558833646152,0,6,13,3,12.75,0,0,6,8,3,11.333333333333334,0,1,1,1,0.5,0.5,2.1666666666666665,1.3333333333333333,0,True,False,False,False,False,True,True,False,False,True,False,False,False,False,False,False,False,False,False,False,False,False,False,True,False,False,False
0.9684140695650034,-0.8806744308434659,-0.702891126808446,-0.2985576917271264,0,6,8,6,11.333333333333334,0,0,6,8,4,12.25,0,0,1,0,1.0,0.6666666666666666,1.3333333333333333,1.3333333333333333,2,True,False,False,False,False,False,False,False,False,False,False,False,False,False,True,False,False,False,False,False,False,False,True,False,True,False,False
-0.5540677512436588,0.25682316499696123,-0.24710147865610252,-0.6939730878554988,0,6,10,6,13.25,0,0,6,13,5,14.142857142857142,0,0,1,0,1.0,0.8333333333333334,1.6666666666666667,2.1666666666666665,2,True,False,False,False,False,False,False,False,False,False,False,False,False,False,False,False,False,False,False,False,False,False,True,False,True,True,False
0.9684140695650034,-0.577341738619352,-0.10898340345842286,-0.562167955812708,0,6,7,5,12.4,0,0,6,6,5,12.4,0,0,1,0,0.8333333333333334,0.8333333333333334,1.1666666666666667,1.0,1,True,False,False,False,False,True,False,False,False,False,False,False,False,False,False,False,False,False,False,False,False,False,True,False,True,False,False
0.9684140695650034,-0.12234270028318116,0.01532286421948863,-0.6939730878554988,0,6,6,6,15.0,0,0,6,6,6,12.833333333333334,0,0,1,0,1.0,1.0,1.0,1.0,0,True,False,False,False,False,True,False,False,False,False,False,False,False,False,False,False,False,False,False,False,False,False,True,False,True,True,False
-0.5540677512436588,-0.8048412577874374,-1.6282822306328992,-0.562167955812708,0,5,6,5,14.4,0,0,5,6,5,13.0,0,0,1,0,1.0,1.0,1.2,1.2,2,True,False,False,True,False,False,False,False,False,False,False,False,False,False,False,False,False,True,False,False,False,False,False,False,True,False,False
-0.5540677512436588,-0.425675392507295,-0.2609132861758707,-0.6939730878554988,0,6,12,1,11.0,0,0,6,12,0,0.0,0,0,1,0,0.16666666666666666,0.0,2.0,2.0,1,True,False,False,False,False,True,False,False,False,False,False,False,False,False,False,False,False,False,False,False,False,False,True,False,True,False,False
-0.5540677512436588,0.25682316499696123,-0.19876015233691544,-0.6939730878554988,0,5,8,5,12.4,0,0,5,6,5,10.8,0,0,1,0,1.0,1.0,1.6,1.2,2,True,False,False,False,False,False,False,False,False,False,False,False,False,False,True,False,False,False,True,False,False,False,False,False,True,False,False
-0.5540677512436588,0.03690696313447821,-1.897612477268375,1.8103244209575264,0,7,13,1,16.0,0,0,7,12,0,0.0,0,1,1,1,0.14285714285714285,0.0,1.8571428571428572,1.7142857142857142,0,False,False,False,True,False,False,False,True,False,False,False,False,False,False,False,False,False,False,False,False,False,False,True,True,False,True,False
-0.5540677512436588,-0.425675392507295,-0.1435129222578428,0.7558833646152,0,5,10,5,13.571428571428571,0,0,5,14,5,12.333333333333334,3,1,1,0,1.0,1.0,2.0,2.8,2,True,False,True,False,False,False,False,False,True,False,False,False,False,False,False,False,False,False,False,False,False,False,False,False,True,False,False
0.9684140695650034,-1.2598402961236081,-1.117245352401485,-0.6939730878554988,0,6,6,6,11.833333333333334,0,0,6,6,6,12.5,0,0,1,0,1.0,1.0,1.0,1.0,1,True,False,False,False,False,True,False,False,False,False,False,False,False,False,False,False,False,False,False,False,False,False,False,False,True,False,False
-0.5540677512436588,-0.8806744308434659,-0.5578671478508818,-0.562167955812708,0,6,8,5,11.666666666666666,0,0,6,9,5,12.666666666666666,0,0,1,0,0.8333333333333334,0.8333333333333334,1.3333333333333333,1.5,2,True,False,False,False,False,True,False,False,False,False,False,False,False,False,False,False,False,False,False,False,False,False,True,False,True,True,False
-0.5540677512436588,-0.6531749116753804,-0.5647730516107663,-0.16675255968433558,6,10,16,6,11.833333333333334,0,2,7,8,2,13.0,0,0,1,1,0.6,0.2857142857142857,1.6,1.1428571428571428,0,True,False,False,False,False,True,False,True,False,False,False,False,False,False,False,True,False,False,False,True,False,False,True,True,False,False,False
-0.5540677512436588,-0.12234270028318116,0.6921014326881187,-0.4303628237699172,0,6,8,6,11.166666666666666,0,0,6,10,5,10.6,0,0,1,0,1.0,0.8333333333333334,1.3333333333333333,1.6666666666666667,2,True,False,False,False,False,False,False,False,False,False,False,False,False,False,False,False,False,False,False,False,False,False,False,False,True,True,False
-0.5540677512436588,-2.473171065020064,-1.863082958468955,1.414909024829154,0,6,0,0,0.0,0,0,6,0,0,0.0,0,1,1,0,0.0,0.0,0.0,0.0,0,True,False,True,False,False,True,False,True,False,False,False,False,False,False,False,False,False,True,False,False,False,True,False,False,True,False,False
-0.5540677512436588,-0.19817587333920963,-0.48190220649215837,0.8876884966579909,8,12,17,8,11.75,0,6,12,19,6,12.166666666666666,2,1,1,1,0.6666666666666666,0.5,1.4166666666666667,1.5833333333333333,0,True,False,False,False,True,False,False,True,False,False,False,False,False,False,False,False,False,False,False,False,False,False,False,True,False,False,False
-0.5540677512436588,0.18098999194093274,-0.28853690121540704,-0.6939730878554988,0,6,7,6,14.0,0,0,6,7,6,14.0,0,0,1,0,1.0,1.0,1.1666666666666667,1.1666666666666667,2,True,False,False,False,False,True,False,False,False,False,False,False,False,False,True,False,False,False,True,False,False,False,False,False,True,False,False
-0.5540677512436588,-0.19817587333920963,-0.371407746334015,-0.6939730878554988,0,6,6,6,12.833333333333334,0,0,6,6,6,12.0,0,0,1,0,1.0,1.0,1.0,1.0,2,True,False,False,False,False,True,False,False,False,False,False,False,False,False,False,False,False,False,True,False,False,False,False,False,True,False,False
0.2071731591606723,1.015154895557246,1.5346216913939639,-0.6939730878554988,0,6,11,4,12.25,0,0,6,10,3,11.666666666666666,0,0,0,0,0.6666666666666666,0.5,1.8333333333333333,1.6666666666666667,2,True,False,False,False,False,True,False,False,False,False,True,False,False,False,False,True,False,False,False,True,False,False,True,False,True,False,False
1.7296549799693344,1.015154895557246,0.8992785454846383,-0.6939730878554988,0,8,8,7,14.828571428571427,0,0,8,8,7,14.828571428571427,0,0,0,0,0.875,0.875,1.0,1.0,2,True,False,False,True,False,False,False,False,False,False,True,False,False,False,False,True,False,False,False,True,False,False,True,False,True,False,False
0.2071731591606723,1.6218202800054737,0.4434888973322958,-0.562167955812708,0,6,7,5,11.4,0,0,6,8,5,12.8,0,0,1,0,0.8333333333333334,0.8333333333333334,1.1666666666666667,1.3333333333333333,2,True,False,False,False,False,True,False,False,False,False,False,False,False,False,False,False,False,False,False,False,False,False,True,False,True,True,False
-0.5540677512436588,0.33265633805298966,-0.0537361733793512,-0.562167955812708,0,6,6,6,13.0,0,0,6,8,6,12.5,0,0,1,0,1.0,1.0,1.0,1.3333333333333333,2,True,False,False,False,False,True,False,False,False,False,False,False,False,False,False,False,False,False,False,False,False,False,True,False,True,True,False
2.4908958903736655,1.3943207608373882,0.05675828677879213,-0.6939730878554988,0,8,8,7,13.671428571428573,0,0,8,8,7,13.671428571428573,0,0,1,0,0.875,0.875,1.0,1.0,2,True,False,False,True,False,False,False,False,False,False,False,False,False,False,False,False,False,False,False,False,False,False,False,False,True,True,False
-0.5540677512436588,1.3184875877813598,1.5898689214730366,-0.2985576917271264,0,6,9,6,12.666666666666666,0,0,6,8,5,12.8,0,0,1,0,1.0,0.8333333333333334,1.5,1.3333333333333333,2,True,False,False,False,False,True,True,False,False,True,False,False,False,False,True,False,False,False,False,False,False,False,False,False,True,True,False
0.2071731591606723,-0.8806744308434659,-0.9169741433648491,-0.4303628237699172,0,5,10,2,10.0,0,0,5,12,1,13.0,0,0,1,1,0.4,0.2,2.0,2.4,0,True,False,False,False,False,False,False,False,False,False,False,False,False,False,False,False,False,False,False,False,False,False,True,False,False,False,False
-0.5540677512436588,-0.8048412577874374,-0.6338320892096062,-0.4303628237699172,0,5,10,5,13.5,0,0,5,8,5,12.333333333333334,0,0,1,0,1.0,1.0,2.0,1.6,2,True,False,False,False,False,False,False,False,False,False,False,False,False,False,True,False,False,False,False,False,False,False,True,False,True,False,False
-0.5540677512436588,0.7876553763891605,0.671383721408466,-0.562167955812708,2,7,8,7,12.67,0,1,8,8,8,13.55,0,0,0,0,1.0,1.0,1.1428571428571428,1.0,2,True,False,False,True,False,False,False,False,False,False,True,False,False,False,False,True,False,False,True,False,False,False,False,False,True,False,False
-0.5540677512436588,1.4701539338934166,1.2238560221991848,-0.4303628237699172,0,6,8,6,14.5,0,0,6,7,6,15.428571428571429,0,0,1,0,1.0,1.0,1.3333333333333333,1.1666666666666667,2,True,False,False,False,False,True,False,False,False,False,False,False,False,False,True,False,False,False,True,False,False,False,False,False,True,False,False
0.9684140695650034,0.9393217225012175,0.8854667379648711,-0.6939730878554988,0,7,7,7,13.685714285714283,0,0,8,8,8,15.3875,0,0,1,0,1.0,1.0,1.0,1.0,2,True,False,False,True,False,False,False,False,False,False,False,False,False,False,True,False,False,False,False,False,False,False,True,False,True,False,False
-0.5540677512436588,-0.9565076038994943,-0.9169741433648491,-0.4303628237699172,0,6,8,5,11.0,0,0,6,10,3,10.666666666666666,0,0,1,0,0.8333333333333334,0.5,1.3333333333333333,1.6666666666666667,0,True,False,False,False,False,True,False,True,False,False,False,False,False,False,False,True,False,False,False,True,False,False,False,False,True,False,False
-0.5540677512436588,0.5601558572210751,0.8992785454846383,0.7558833646152,7,9,16,7,11.555555555555555,4,5,7,12,5,13.2,2,1,0,1,0.7777777777777778,0.7142857142857143,1.7777777777777777,1.7142857142857142,0,False,False,False,False,False,True,True,False,True,False,True,False,True,False,False,True,False,False,False,False,True,False,False,True,False,False,False
-0.5540677512436588,0.7876553763891605,1.0581143319619706,-0.6939730878554988,0,7,7,7,13.79714285714286,0,0,8,8,8,13.775,0,0,1,0,1.0,1.0,1.0,1.0,1,True,False,False,True,False,False,False,False,False,False,False,False,False,False,True,False,False,False,False,False,False,False,False,False,True,True,False
-0.5540677512436588,-0.2740090463952381,-0.5095258215316947,-0.4303628237699172,0,7,8,7,14.00375,0,0,8,11,7,13.812857142857142,0,0,1,0,1.0,0.875,1.1428571428571428,1.375,2,True,False,False,True,False,False,False,False,False,False,False,False,False,False,True,False,False,False,True,False,False,False,True,False,True,True,False
0.2071731591606723,0.48432268416504665,-0.22638376737645077,-0.16675255968433558,0,5,8,4,12.0,0,0,5,8,4,11.4,2,0,1,0,0.8,0.8,1.6,1.6,2,True,False,False,False,False,False,True,False,False,False,False,False,False,False,False,False,False,False,False,False,False,False,True,False,True,True,False
-0.5540677512436588,0.03690696313447821,1.1064556582811578,3.1283757413854345,0,6,9,5,14.166666666666666,0,0,6,7,6,14.166666666666666,0,1,0,0,0.8333333333333334,1.0,1.5,1.1666666666666667,2,False,False,True,False,False,True,False,False,False,False,False,True,False,False,True,False,False,False,False,False,False,False,True,False,True,True,False
-0.5540677512436588,-0.425675392507295,-1.8561770547090715,1.0194936287007816,1,5,5,5,14.0,0,0,5,5,5,13.8,0,1,1,0,1.0,1.0,1.0,1.0,2,False,False,True,False,False,False,False,True,False,False,False,False,False,False,False,False,False,False,True,False,False,False,False,False,True,False,False
-0.5540677512436588,-0.5015085655633235,-0.5233376290514619,-0.2985576917271264,0,6,7,5,13.8,0,0,6,6,6,12.833333333333334,0,0,1,0,0.8333333333333334,1.0,1.1666666666666667,1.0,2,True,False,False,False,False,True,False,False,False,False,False,False,False,False,False,False,False,False,True,False,False,False,False,False,True,True,False
-0.5540677512436588,-0.3498422194512666,-0.33687822753459506,-0.2985576917271264,0,6,8,5,12.8,0,0,6,10,6,11.857142857142858,0,0,1,0,0.8333333333333334,1.0,1.3333333333333333,1.6666666666666667,2,True,False,True,False,False,True,False,False,False,False,False,False,False,False,False,False,True,False,False,False,True,False,False,False,True,False,False
-0.5540677512436588,-2.473171065020064,-1.863082958468955,0.09685770440124603,0,6,6,6,12.166666666666666,0,0,6,6,6,13.833333333333334,0,1,1,0,1.0,1.0,1.0,1.0,2,False,False,False,False,False,True,False,True,False,True,False,False,False,False,True,False,False,False,True,False,False,False,False,False,True,False,False
-0.5540677512436588,-0.7290080847314089,-0.9031623358450809,-0.6939730878554988,0,6,8,6,12.5,0,0,6,6,6,12.333333333333334,0,0,0,0,1.0,1.0,1.3333333333333333,1.0,1,True,False,False,False,False,True,False,False,False,False,True,False,False,False,False,True,False,False,False,False,False,False,False,False,True,False,False
-0.5540677512436588,2.8351510489019294,-1.7940239208701152,1.1512987607435725,0,6,9,4,12.0,0,0,6,12,4,11.5,0,1,1,0,0.6666666666666666,0.6666666666666666,1.5,2.0,2,True,False,True,False,False,True,False,True,False,False,False,False,False,False,False,False,False,True,False,True,False,False,False,False,True,False,False
0.2071731591606723,-1.1840071230675797,-1.0481863148026451,-0.562167955812708,0,6,8,6,10.833333333333334,0,0,6,9,6,11.5,0,0,0,0,1.0,1.0,1.3333333333333333,1.5,2,True,False,True,False,False,True,False,False,False,False,True,False,False,False,False,True,False,False,True,False,False,False,True,False,True,True,False
-0.5540677512436588,0.5601558572210751,0.8992785454846383,0.09685770440124603,0,8,8,8,13.385,0,0,8,8,8,13.385,0,1,0,0,1.0,1.0,1.0,1.0,2,True,False,False,True,False,False,False,True,False,False,True,False,True,False,False,True,False,False,False,True,False,False,True,False,True,False,False
1.7296549799693344,-0.7290080847314089,-0.1780424410572627,-0.562167955812708,0,6,14,6,15.666666666666666,0,0,6,9,6,14.5,0,0,1,0,1.0,1.0,2.3333333333333335,1.5,2,True,False,False,True,False,False,False,False,False,False,False,False,False,False,True,False,False,False,False,False,False,False,True,False,True,False,False
-0.5540677512436588,1.3184875877813598,1.5898689214730366,-0.562167955812708,0,6,9,6,14.333333333333334,0,0,6,7,6,13.833333333333334,0,0,1,1,1.0,1.0,1.5,1.1666666666666667,2,True,False,False,False,False,True,True,False,False,True,False,False,False,False,False,False,False,False,False,False,False,False,False,True,True,True,False
-0.5540677512436588,0.5601558572210751,0.8992785454846383,0.09685770440124603,0,6,10,6,11.428571428571429,0,0,6,12,5,13.0,0,1,1,0,1.0,0.8333333333333334,1.6666666666666667,2.0,1,True,False,False,False,False,True,True,False,False,True,False,False,False,False,False,False,False,False,True,False,False,False,False,False,True,False,False
1.7296549799693344,-0.7290080847314089,-0.7581383568875176,-0.6939730878554988,0,6,9,6,11.666666666666666,0,0,6,8,6,11.666666666666666,0,0,1,0,1.0,1.0,1.5,1.3333333333333333,2,True,False,False,False,False,True,False,False,False,False,False,False,False,False,False,False,False,False,True,False,False,False,True,False,True,True,False
-0.5540677512436588,-0.19817587333920963,0.5954187800497426,-0.562167955812708,0,6,9,5,12.0,0,0,6,10,2,11.333333333333334,0,0,1,0,0.8333333333333334,0.3333333333333333,1.5,1.6666666666666667,0,True,False,False,False,False,True,False,False,False,False,False,False,False,False,False,True,False,False,False,False,False,False,True,False,True,True,False
-0.5540677512436588,0.33265633805298966,-0.4128431688933185,-0.562167955812708,0,8,8,7,14.725714285714288,0,0,8,8,7,14.725714285714288,0,0,0,0,0.875,0.875,1.0,1.0,2,False,False,False,True,False,False,False,False,False,False,True,False,False,False,False,True,False,False,True,False,False,False,False,False,True,True,False
0.2071731591606723,-0.5015085655633235,-0.5716789553706499,-0.6939730878554988,0,6,6,6,14.166666666666666,0,0,6,6,6,13.666666666666666,0,0,1,0,1.0,1.0,1.0,1.0,2,True,False,False,False,False,True,False,False,False,False,False,False,False,False,False,False,False,False,False,False,False,False,True,False,True,True,False
-0.5540677512436588,-0.577341738619352,-0.08826569217877112,-0.6939730878554988,0,6,10,6,11.571428571428571,0,0,6,8,6,12.333333333333334,0,0,1,0,1.0,1.0,1.6666666666666667,1.3333333333333333,2,True,False,False,False,False,True,False,False,False,False,False,False,False,False,False,True,False,False,False,True,False,False,True,False,True,False,False
1.7296549799693344,-1.5631729883477221,-1.3727637915171926,-0.4303628237699172,0,7,7,7,12.5,0,0,8,8,8,13.1375,0,0,1,0,1.0,1.0,1.0,1.0,2,True,False,False,True,False,False,False,False,False,False,False,False,False,False,True,False,False,False,False,False,False,False,True,False,True,False,False
-0.5540677512436588,0.6359890302771035,-0.10207749969853928,-0.6939730878554988,0,8,10,8,12.86,2,0,8,10,8,12.86,2,0,1,0,1.0,1.0,1.25,1.25,2,True,False,False,True,False,False,False,False,False,False,False,False,False,False,True,False,False,False,False,False,False,False,False,False,True,False,False
1.7296549799693344,0.18098999194093274,0.001511056699720468,-0.6939730878554988,0,6,10,6,12.25,0,0,6,9,6,13.714285714285714,0,0,1,0,1.0,1.0,1.6666666666666667,1.5,2,True,False,False,False,False,False,False,False,False,False,False,False,False,False,False,False,False,False,False,False,False,False,True,False,True,False,False
0.2071731591606723,-1.1840071230675797,-0.9307859508846172,-0.2985576917271264,0,5,7,4,12.0,0,0,5,5,5,12.2,0,0,1,0,0.8,1.0,1.4,1.0,2,True,False,False,True,False,False,False,False,False,False,False,False,False,False,False,False,False,False,False,False,False,False,True,False,True,True,False
-0.5540677512436588,2.0768193183416446,1.8937286869079322,-0.6939730878554988,0,7,9,7,15.116666666666667,0,0,8,9,8,16.168888888888887,0,0,1,0,1.0,1.0,1.2857142857142858,1.125,2,True,False,False,True,False,False,False,False,False,False,False,False,False,False,True,False,False,False,False,False,False,False,False,False,True,True,False
-0.5540677512436588,0.25682316499696123,-0.34378413129447866,-0.6939730878554988,0,5,6,2,12.5,0,0,5,6,4,10.25,0,0,1,1,0.4,0.8,1.2,1.2,0,True,False,False,False,False,False,False,True,False,False,False,False,False,False,True,False,False,False,True,False,False,False,False,True,False,False,False
0.2071731591606723,0.7876553763891605,0.0705700942985603,-0.562167955812708,0,6,11,0,0.0,0,0,6,0,0,0.0,0,0,1,0,0.0,0.0,1.8333333333333333,0.0,0,True,False,False,False,False,True,False,False,False,False,False,False,False,False,True,False,False,False,False,True,False,False,True,False,True,False,False
-0.5540677512436588,-1.0323407769555228,-0.7926678756869375,-0.562167955812708,0,6,8,4,11.0,0,0,6,9,4,11.0,0,0,1,0,0.6666666666666666,0.6666666666666666,1.3333333333333333,1.5,1,True,False,False,False,False,False,False,False,False,False,False,False,False,False,True,False,False,False,False,False,False,False,True,False,True,False,False
1.7296549799693344,-0.9565076038994943,-0.6752675117689096,-0.6939730878554988,0,6,8,6,11.875,0,0,6,11,4,14.6,0,0,1,0,1.0,0.6666666666666666,1.3333333333333333,1.8333333333333333,2,True,False,False,False,False,False,False,False,False,False,False,False,False,False,True,False,False,False,True,False,False,False,True,False,True,False,False
-0.5540677512436588,1.3184875877813598,1.5898689214730366,1.414909024829154,1,5,6,1,11.0,0,0,5,5,0,0.0,0,1,0,0,0.2,0.0,1.2,1.0,0,True,False,False,False,False,True,False,True,True,False,True,False,False,False,False,False,False,True,False,False,False,True,True,False,True,False,False
0.9684140695650034,0.7118222033331321,1.9558818207468884,-0.562167955812708,0,5,5,5,15.2,0,0,5,6,5,13.2,0,0,1,0,1.0,1.0,1.0,1.2,2,True,False,False,True,False,False,False,False,False,False,False,False,False,False,False,False,False,True,False,False,False,True,False,False,True,False,False
-0.5540677512436588,-0.9565076038994943,-0.48190220649215837,-0.562167955812708,2,6,7,5,11.6,0,1,6,12,2,11.0,0,0,1,1,0.8333333333333334,0.3333333333333333,1.1666666666666667,2.0,0,True,False,False,False,False,True,True,False,False,True,False,False,False,False,False,False,False,False,False,False,False,False,True,True,False,False,False
-0.5540677512436588,2.0768193183416446,-0.7512324531276341,0.3604679684868276,0,6,6,6,14.833333333333334,0,0,6,7,6,15.142857142857142,0,1,0,1,1.0,1.0,1.0,1.1666666666666667,2,True,False,False,False,False,True,False,True,False,False,True,False,False,False,False,True,False,False,False,True,False,False,False,True,True,False,False
-0.5540677512436588,0.03690696313447821,-0.5578671478508818,-0.2985576917271264,0,6,12,3,11.333333333333334,0,0,6,10,3,11.333333333333334,0,0,1,0,0.5,0.5,2.0,1.6666666666666667,0,True,False,False,False,False,True,False,False,False,False,False,False,False,False,False,False,True,False,False,False,True,False,True,False,True,False,False
0.2071731591606723,0.7118222033331321,0.022228767979372222,-0.6939730878554988,0,5,5,5,11.2,0,0,5,5,5,11.8,0,0,1,0,1.0,1.0,1.0,1.0,2,True,False,False,False,False,False,False,False,False,False,False,False,False,False,True,False,False,False,False,False,False,False,False,False,True,True,False
1.7296549799693344,-0.8806744308434659,-0.9169741433648491,-0.4303628237699172,0,6,8,5,13.4,0,0,6,9,5,13.666666666666666,0,0,1,0,0.8333333333333334,0.8333333333333334,1.3333333333333333,1.5,2,True,False,False,False,False,True,False,False,False,False,False,False,False,False,True,False,False,False,False,False,False,False,True,False,True,True,False
-0.5540677512436588,0.18098999194093274,-0.5854907628904181,0.22866283644403682,0,5,12,2,10.5,0,0,5,5,0,0.0,0,1,1,0,0.4,0.0,2.4,1.0,0,True,False,False,False,False,False,False,True,False,False,False,False,False,False,True,False,False,False,True,False,False,False,False,False,True,False,False
-0.5540677512436588,1.5459871069494453,1.3619740973968644,-0.6939730878554988,0,5,5,5,16.2,0,0,5,5,5,16.4,0,0,1,0,1.0,1.0,1.0,1.0,2,True,False,False,False,False,False,False,False,False,False,False,False,False,False,True,False,False,False,False,True,False,False,False,False,True,False,False
-0.5540677512436588,0.5601558572210751,-0.18494834481714728,-0.6939730878554988,0,7,7,7,14.542857142857144,0,0,8,11,8,14.88181818181818,0,0,1,0,1.0,1.0,1.0,1.375,2,True,False,False,True,False,False,False,False,False,False,False,False,False,False,False,True,False,False,False,False,False,False,True,False,True,True,False
-0.5540677512436588,1.4701539338934166,0.7473486627671915,-0.562167955812708,0,7,7,7,13.694285714285714,0,0,8,9,8,14.355555555555554,0,0,0,0,1.0,1.0,1.0,1.125,2,True,False,False,True,False,False,False,False,False,False,False,True,False,False,False,True,False,False,True,False,False,False,False,False,True,False,False
-0.5540677512436588,-0.9565076038994943,0.22249997701600713,-0.6939730878554988,0,6,8,6,11.285714285714286,0,0,6,10,6,11.857142857142858,0,0,1,0,1.0,1.0,1.3333333333333333,1.6666666666666667,2,True,False,False,False,False,True,False,False,False,False,False,False,False,False,True,False,False,False,False,False,False,False,False,False,True,True,False
-0.5540677512436588,2.0768193183416446,1.4379390387555897,-0.4303628237699172,0,7,11,6,11.757142857142856,0,0,8,12,6,13.083333333333334,0,0,1,0,0.8571428571428571,0.75,1.5714285714285714,1.5,1,True,False,False,True,False,False,False,False,False,False,False,False,False,False,False,False,False,False,False,False,False,False,False,False,True,False,False
-0.5540677512436588,1.3184875877813598,1.5898689214730366,0.3604679684868276,0,3,3,0,0.0,0,0,6,0,0,0.0,0,1,1,1,0.0,0.0,1.0,0.0,0,True,False,False,True,False,False,True,False,True,False,False,False,False,False,False,False,False,False,True,False,False,False,False,True,False,False,False
-0.5540677512436588,-2.473171065020064,-1.863082958468955,-0.562167955812708,0,8,8,7,13.058571428571428,0,0,8,8,7,13.058571428571428,0,0,1,0,0.875,0.875,1.0,1.0,2,True,False,False,True,False,False,False,True,False,False,False,False,False,False,False,False,False,False,False,False,False,False,True,False,True,True,False
-0.5540677512436588,1.3184875877813598,1.9765995320265393,-0.562167955812708,0,7,7,7,14.3,0,0,8,9,8,14.055555555555555,0,0,1,0,1.0,1.0,1.0,1.125,2,True,False,False,True,False,False,False,False,False,False,False,False,False,False,True,False,False,False,False,True,False,False,False,False,True,False,False
1.7296549799693344,-0.6531749116753804,-0.6614557042491415,-0.562167955812708,3,10,15,5,11.8,0,4,10,14,8,12.0,0,0,1,0,0.5,0.8,1.5,1.4,2,True,False,False,False,False,False,False,True,False,False,False,False,False,False,False,False,False,False,False,False,False,False,False,False,True,False,False
0.9684140695650034,0.6359890302771035,0.12581732437763296,-0.562167955812708,0,5,9,3,10.333333333333334,1,0,5,8,3,13.0,0,0,1,0,0.6,0.6,1.8,1.6,1,True,False,False,True,False,False,True,False,False,False,False,False,False,False,False,False,False,False,True,False,False,False,True,False,True,False,False
-0.5540677512436588,-0.8806744308434659,-0.6545498004892579,-0.6939730878554988,0,6,7,6,10.571428571428571,0,0,6,11,3,11.666666666666666,0,0,1,0,1.0,0.5,1.1666666666666667,1.8333333333333333,2,True,False,False,False,False,False,False,False,False,False,False,False,False,False,True,False,False,False,False,False,False,False,True,False,True,False,False
-0.5540677512436588,0.10515681888490426,-0.454278591452622,-0.562167955812708,0,7,7,6,13.333333333333334,0,0,7,7,6,13.333333333333334,0,0,1,0,0.8571428571428571,0.8571428571428571,1.0,1.0,2,True,False,False,True,False,False,False,True,False,True,False,False,False,False,False,False,False,False,False,False,False,False,True,False,True,False,False
-0.5540677512436588,0.10515681888490426,0.2708413033351962,-0.6939730878554988,0,6,10,6,11.857142857142858,0,0,6,9,5,11.0,0,0,1,1,1.0,0.8333333333333334,1.6666666666666667,1.5,2,True,False,False,False,False,True,False,False,False,False,False,False,False,False,False,False,False,False,False,False,False,False,False,True,True,False,False
-0.5540677512436588,-0.04650952722715268,-0.1366070184979592,-0.6939730878554988,0,6,9,5,12.6,0,0,6,8,5,11.4,0,0,0,0,0.8333333333333334,0.8333333333333334,1.5,1.3333333333333333,1,True,False,False,False,False,True,False,False,False,False,True,False,False,False,True,False,False,False,True,False,False,False,True,False,True,False,False
-0.5540677512436588,0.18098999194093274,0.6782896251683516,-0.6939730878554988,0,5,11,5,14.0,3,0,5,7,5,11.6,0,0,1,0,1.0,1.0,2.2,1.4,1,True,False,False,True,False,False,False,False,False,False,False,False,False,False,False,False,False,False,True,False,False,False,True,False,True,False,False
-0.5540677512436588,-0.7290080847314089,-0.371407746334015,-0.6939730878554988,0,7,12,5,12.0,0,0,7,9,6,12.666666666666666,0,0,1,0,0.7142857142857143,0.8571428571428571,1.7142857142857142,1.2857142857142858,1,True,False,False,False,False,True,False,False,False,False,False,False,False,False,False,False,False,False,False,False,False,False,True,False,True,False,False
-0.5540677512436588,1.3943207608373882,1.6589279590718764,0.3604679684868276,0,5,6,0,0.0,0,0,5,5,0,0.0,0,1,1,1,0.0,0.0,1.2,1.0,0,True,False,False,False,True,False,True,False,False,True,False,False,False,False,True,False,False,False,False,False,False,False,False,True,True,False,False
-0.5540677512436588,-1.9423388536278645,-1.6213763268730155,-0.4303628237699172,0,6,7,6,12.0,0,0,6,7,6,13.0,0,0,1,0,1.0,1.0,1.1666666666666667,1.1666666666666667,2,True,False,False,False,False,True,False,False,False,False,False,False,False,False,False,False,False,False,False,False,False,False,True,False,True,False,False
-0.5540677512436588,-0.5015085655633235,-0.5233376290514619,-0.562167955812708,0,6,6,6,12.666666666666666,0,0,6,6,6,11.666666666666666,0,0,1,0,1.0,1.0,1.0,1.0,2,True,False,True,False,False,True,False,False,False,False,False,False,False,False,False,False,False,False,False,False,False,False,False,False,True,False,False
-0.5540677512436588,0.02932364582887579,0.5125479349311356,-0.6939730878554988,0,6,6,6,12.166666666666666,0,0,6,9,6,13.666666666666666,0,0,1,0,1.0,1.0,1.0,1.5,2,True,False,False,False,False,True,False,False,False,False,False,False,False,False,True,False,False,False,False,False,False,False,True,False,True,True,False
-0.5540677512436588,0.5601558572210751,1.1064556582811578,-0.562167955812708,3,6,6,6,13.333333333333334,0,2,6,6,6,14.666666666666666,0,0,1,0,1.0,1.0,1.0,1.0,2,True,False,False,False,False,True,True,False,False,True,False,False,False,False,False,False,False,False,False,False,False,False,False,False,True,False,False
-0.5540677512436588,-1.714839334459779,-1.1724925824805565,2.205739817085899,0,7,8,7,15.0,0,0,7,7,7,14.571428571428571,0,1,0,1,1.0,1.0,1.1428571428571428,1.0,2,True,False,False,False,False,True,True,False,True,False,False,True,True,False,False,True,False,False,False,True,False,False,False,True,True,False,False
1.7296549799693344,0.6359890302771035,0.38133576349333953,-0.6939730878554988,0,8,8,8,13.39125,0,0,8,8,8,13.39125,0,0,1,0,1.0,1.0,1.0,1.0,2,True,False,False,True,False,False,False,False,False,False,False,False,False,False,False,False,False,False,False,False,False,False,True,False,True,True,False
-0.5540677512436588,-0.8048412577874374,-0.8479151057660093,-0.562167955812708,0,6,9,5,12.166666666666666,0,0,6,8,6,12.428571428571429,0,0,0,0,0.8333333333333334,1.0,1.5,1.3333333333333333,2,True,False,False,False,False,True,False,False,False,False,True,False,False,False,False,False,False,False,False,False,False,False,False,False,True,False,False
-0.5540677512436588,1.7734866261175306,2.75696665689343,-0.6939730878554988,0,5,9,4,11.25,0,0,5,6,4,12.5,0,0,0,0,0.8,0.8,1.8,1.2,2,True,False,False,False,False,True,False,False,False,False,True,False,False,False,False,True,False,False,True,False,False,False,False,False,True,False,False
-0.5540677512436588,-0.2740090463952381,-0.07445388465900295,-0.562167955812708,0,5,13,4,12.0,2,0,5,8,3,12.0,0,0,0,0,0.8,0.6,2.6,1.6,1,True,False,False,True,False,False,False,False,False,False,False,False,True,False,False,True,False,False,False,True,False,False,True,False,True,False,False
-0.5540677512436588,4.200148163910442,3.5442396855202047,-0.6939730878554988,0,0,0,0,0.0,0,0,0,0,0,0.0,0,0,0,0,0.0,0.0,0.0,0.0,0,True,False,False,False,False,True,False,False,False,False,True,False,True,False,False,True,False,False,False,True,False,False,True,False,True,False,False
-0.5540677512436588,-0.9565076038994943,-0.6890793192886778,1.2831038927863632,0,6,7,6,12.833333333333334,0,0,6,8,6,12.857142857142858,0,1,1,0,1.0,1.0,1.1666666666666667,1.3333333333333333,2,False,False,True,False,False,True,False,True,False,False,False,False,False,False,False,False,False,False,False,False,False,False,True,False,True,False,False
-0.5540677512436588,-0.19817587333920963,1.5898689214730366,1.546714156871945,0,6,10,6,14.0,0,0,6,11,6,13.1,0,1,0,0,1.0,1.0,1.6666666666666667,1.8333333333333333,2,True,False,False,False,False,True,False,True,True,False,True,False,True,False,False,True,False,False,False,True,False,False,False,False,True,False,False
-0.5540677512436588,-0.19817587333920963,0.20868816949623997,0.3604679684868276,3,5,5,4,13.0,0,1,5,7,2,12.0,0,1,1,0,0.8,0.4,1.0,1.4,1,True,False,False,False,False,False,False,True,False,False,False,False,False,False,False,False,False,False,False,True,False,False,True,False,True,False,False
-0.5540677512436588,0.5601558572210751,0.5608892612503227,-0.6939730878554988,0,6,7,6,13.5,0,0,6,8,6,12.5,0,0,1,0,1.0,1.0,1.1666666666666667,1.3333333333333333,2,True,False,False,False,False,True,False,False,False,False,False,False,False,False,False,False,False,False,True,False,False,False,True,False,True,False,False
-0.5540677512436588,-1.714839334459779,-1.1724925824805565,1.6785192889147356,10,16,24,13,10.692307692307692,1,9,13,19,9,12.307692307692308,0,1,1,0,0.8125,0.6923076923076923,1.5,1.4615384615384615,1,True,False,False,False,False,True,False,True,False,False,False,False,False,False,False,False,False,False,False,False,False,False,False,False,True,False,False
-0.5540677512436588,0.03690696313447821,0.6368542026090461,2.073934685043108,0,5,6,5,11.0,0,0,5,9,5,11.666666666666666,0,1,1,0,1.0,1.0,1.2,1.8,2,False,False,True,False,False,False,False,True,False,False,False,False,False,False,False,False,False,False,False,False,False,False,False,False,True,False,False
-0.5540677512436588,-0.9565076038994943,-0.7581383568875176,2.732960345257062,0,6,8,6,13.0,0,0,6,6,6,13.833333333333334,0,1,1,0,1.0,1.0,1.3333333333333333,1.0,2,False,False,False,False,False,True,False,True,False,False,False,False,False,False,False,False,False,False,False,False,False,False,False,False,True,False,False
0.2071731591606723,-2.7765037572441775,-1.863082958468955,-0.4303628237699172,0,6,10,5,12.0,0,0,6,9,4,11.25,0,0,0,0,0.8333333333333334,0.6666666666666666,1.6666666666666667,1.5,1,True,False,True,False,False,True,False,False,False,False,True,False,False,False,False,True,False,False,False,False,False,False,False,False,True,False,False
-0.5540677512436588,-1.1840071230675797,-0.7374206456078659,0.09685770440124603,0,6,9,4,12.6,0,0,6,6,4,11.5,0,1,1,0,0.6666666666666666,0.6666666666666666,1.5,1.0,0,True,False,False,False,False,False,False,False,False,False,False,False,False,False,False,False,False,False,False,False,False,False,True,False,True,False,False
-0.5540677512436588,-0.7290080847314089,0.4849243198915993,-0.4303628237699172,0,6,6,6,13.666666666666666,0,0,6,6,6,13.333333333333334,0,0,1,0,1.0,1.0,1.0,1.0,2,True,False,False,False,False,True,False,True,False,False,False,False,False,False,False,False,False,False,False,False,False,False,False,False,True,True,False
1.7296549799693344,-0.425675392507295,-0.19185424857703087,-0.562167955812708,0,0,0,0,0.0,0,0,0,0,0,0.0,0,0,1,1,0.0,0.0,0.0,0.0,0,True,False,False,False,False,True,False,False,False,False,False,False,False,False,False,False,False,False,True,False,False,False,True,False,False,False,False
-0.5540677512436588,1.3943207608373882,0.5194538386910192,-0.6939730878554988,0,7,7,6,14.2,0,0,7,7,6,14.2,0,0,1,1,0.8571428571428571,0.8571428571428571,1.0,1.0,2,False,False,False,True,False,False,False,False,False,False,False,False,False,False,False,False,False,False,False,False,False,False,False,True,True,True,False
-0.5540677512436588,-0.425675392507295,-0.4335608801729703,-0.16675255968433558,0,6,10,5,11.0,0,0,6,12,0,0.0,0,0,1,1,0.8333333333333334,0.0,1.6666666666666667,2.0,0,True,False,False,False,False,False,False,False,False,False,False,False,False,False,True,False,False,False,False,False,False,False,False,True,False,False,False
-0.5540677512436588,0.02932364582887579,0.008416960459604059,-0.6939730878554988,0,6,7,6,15.0,0,0,6,7,6,16.428571428571427,0,0,1,0,1.0,1.0,1.1666666666666667,1.1666666666666667,2,True,False,False,True,False,False,False,False,False,False,False,False,False,False,True,False,False,False,True,False,False,False,True,False,True,False,False
-0.5540677512436588,0.03690696313447821,0.41586528229275943,0.09685770440124603,0,7,9,6,12.585714285714284,0,0,8,9,7,13.44285714285714,0,1,1,0,0.8571428571428571,0.875,1.2857142857142858,1.125,2,True,False,False,True,False,False,False,True,False,False,False,False,False,False,False,False,False,False,False,False,False,False,False,False,True,False,False
-0.5540677512436588,0.03690696313447821,0.08438190181832748,1.2831038927863632,0,5,0,0,0.0,0,0,5,0,0,0.0,0,1,1,0,0.0,0.0,0.0,0.0,0,True,False,True,False,False,False,False,True,False,False,False,False,False,False,False,False,False,True,False,False,False,False,False,False,True,False,False
-0.5540677512436588,0.03690696313447821,0.20868816949623997,0.8876884966579909,0,6,6,0,0.0,0,0,6,6,0,0.0,0,1,1,1,0.0,0.0,1.0,1.0,1,True,False,False,False,False,True,False,True,False,False,False,False,False,False,False,True,False,False,False,False,False,False,False,True,True,True,False
-0.5540677512436588,2.0768193183416446,3.1091677486475127,0.3604679684868276,0,6,0,0,0.0,0,0,6,0,0,0.0,0,1,0,0,0.0,0.0,0.0,0.0,0,True,False,False,True,False,False,False,True,True,False,True,False,False,True,False,True,False,False,False,True,False,False,False,False,True,False,False
1.7296549799693344,0.5601558572210751,0.10509961309798022,-0.6939730878554988,0,6,7,6,11.666666666666666,0,0,6,10,6,11.833333333333334,0,0,1,0,1.0,1.0,1.1666666666666667,1.6666666666666667,2,True,False,False,False,False,True,False,False,False,False,False,False,False,False,True,False,False,False,False,True,False,False,True,False,True,False,False
-0.5540677512436588,1.015154895557246,0.10509961309798022,-0.562167955812708,0,6,13,3,12.666666666666666,0,0,6,12,2,10.0,0,0,1,1,0.5,0.3333333333333333,2.1666666666666665,2.0,0,True,False,False,False,False,True,False,False,False,False,False,False,False,False,False,False,False,False,False,False,False,False,False,True,True,False,False
1.7296549799693344,-1.5631729883477221,-1.034374507282877,-0.4303628237699172,0,5,10,3,10.333333333333334,0,0,5,9,4,11.0,2,0,1,0,0.6,0.8,2.0,1.8,1,True,False,False,False,False,False,False,False,False,False,False,False,False,False,False,False,False,False,False,False,False,False,True,False,True,False,False
-0.5540677512436588,0.5601558572210751,1.0719261394817379,-0.16675255968433558,7,11,18,8,13.5,0,4,9,16,7,13.714285714285714,0,0,1,0,0.7272727272727273,0.7777777777777778,1.6363636363636365,1.7777777777777777,2,True,False,False,True,False,False,True,False,False,True,False,False,False,False,False,False,False,False,False,False,False,False,True,False,True,True,False
1.7296549799693344,0.25682316499696123,0.41586528229275943,-0.562167955812708,0,7,8,5,13.98,0,0,7,8,5,13.98,0,0,1,0,0.7142857142857143,0.7142857142857143,1.1428571428571428,1.1428571428571428,1,True,False,False,True,False,False,False,False,False,False,False,False,False,False,False,False,False,False,False,True,False,False,True,False,True,False,False
-0.5540677512436588,0.03690696313447821,-1.448728732875916,-0.2985576917271264,0,6,13,6,16.153846153846153,0,0,6,10,6,15.75,0,0,1,0,1.0,1.0,2.1666666666666665,1.6666666666666667,2,True,False,False,True,False,False,False,False,False,False,False,False,False,False,False,False,False,False,True,False,False,False,True,False,True,True,False
1.7296549799693344,0.25682316499696123,-0.10207749969853928,-0.2985576917271264,0,7,7,6,14.033333333333331,0,0,7,7,6,14.033333333333331,0,0,1,0,0.8571428571428571,0.8571428571428571,1.0,1.0,2,True,False,False,True,False,False,False,False,False,False,False,False,False,False,True,False,False,False,False,False,False,False,True,False,True,True,False
-0.5540677512436588,0.10515681888490426,0.29155901461484696,-0.562167955812708,0,5,8,1,11.0,0,0,5,6,5,11.2,0,0,1,0,0.2,1.0,1.6,1.2,1,True,False,False,True,False,False,False,False,False,False,False,False,False,False,False,True,False,False,False,False,False,False,False,False,True,False,False
-0.5540677512436588,-0.8048412577874374,-0.9722213734439208,-0.562167955812708,0,7,8,7,13.857142857142858,0,0,7,8,6,13.666666666666666,0,0,1,0,1.0,0.8571428571428571,1.1428571428571428,1.1428571428571428,2,True,False,False,False,False,True,False,False,False,False,False,False,False,False,False,False,False,False,True,False,False,False,True,False,True,True,False
3.2521368007779965,0.40848951110901816,-0.15041882601772735,-0.6939730878554988,0,8,8,7,13.414285714285716,0,0,8,8,7,13.414285714285716,0,0,1,0,0.875,0.875,1.0,1.0,0,True,False,False,True,False,False,False,False,False,False,False,False,False,False,False,False,False,False,True,False,False,False,True,False,True,False,False
-0.5540677512436588,2.0768193183416446,0.9614316793235945,3.5237911375138067,7,11,11,11,13.545454545454543,0,3,7,7,7,13.571428571428571,0,1,0,0,1.0,1.0,1.0,1.0,2,False,False,True,False,False,True,False,True,False,False,False,False,False,True,False,False,False,False,True,False,False,False,False,False,True,False,False
-0.5540677512436588,-0.19817587333920963,1.451750846275357,1.0194936287007816,0,5,11,4,11.25,0,0,5,10,4,10.833333333333334,0,1,1,0,0.8,0.8,2.2,2.0,1,False,False,True,False,False,False,False,True,False,False,False,False,False,False,False,False,False,False,False,False,False,False,False,False,True,True,False
-0.5540677512436588,2.152652491397673,1.4793744613148931,-0.562167955812708,0,6,6,6,13.833333333333334,0,0,6,7,6,14.428571428571429,0,0,1,0,1.0,1.0,1.0,1.1666666666666667,2,True,False,False,False,False,True,False,False,False,False,False,False,False,False,True,False,False,False,False,False,False,False,False,False,True,True,False
-0.5540677512436588,0.5601558572210751,0.18797045821658723,1.546714156871945,0,5,8,5,12.0,0,0,5,9,5,12.857142857142858,0,1,1,0,1.0,1.0,1.6,1.8,2,False,False,True,False,False,False,False,True,False,False,False,False,False,False,True,False,False,False,False,False,False,False,False,False,True,False,False
-0.5540677512436588,0.03690696313447821,0.08438190181832748,1.0194936287007816,0,6,0,0,0.0,0,0,6,0,0,0.0,0,1,1,0,0.0,0.0,0.0,0.0,0,False,False,False,True,False,False,False,True,False,False,False,False,False,False,True,False,False,False,False,False,False,False,False,False,True,False,False
-0.5540677512436588,0.03690696313447821,-1.5868468080735956,2.4693500811714806,5,11,14,10,11.9,0,5,11,14,10,12.8,0,1,1,1,0.9090909090909091,0.9090909090909091,1.2727272727272727,1.2727272727272727,1,False,False,True,False,False,True,False,True,False,False,False,False,False,False,False,False,False,False,False,False,False,False,False,True,True,False,False
1.7296549799693344,-0.19817587333920963,-0.48880811025204196,1.414909024829154,0,5,5,0,0.0,0,0,5,0,0,0.0,0,1,1,1,0.0,0.0,1.0,0.0,0,True,False,False,False,False,False,False,False,False,False,False,False,False,False,False,False,False,False,False,False,False,False,True,False,False,False,False
-0.5540677512436588,1.4701539338934166,0.9683375830834781,-0.6939730878554988,0,7,7,7,15.135714285714286,0,0,8,8,8,15.287499999999998,0,0,1,0,1.0,1.0,1.0,1.0,2,True,False,False,True,False,False,False,False,False,False,False,False,False,False,True,False,False,False,True,False,False,False,True,False,True,True,False
-0.5540677512436588,-0.577341738619352,-0.7167029343282142,-0.6939730878554988,0,7,7,7,12.285714285714286,0,0,7,8,6,13.333333333333334,0,0,0,1,1.0,0.8571428571428571,1.0,1.1428571428571428,1,True,False,False,False,False,True,False,False,False,False,True,False,True,False,False,True,False,False,False,True,False,False,True,False,False,True,False
-0.5540677512436588,0.5601558572210751,0.8992785454846383,-0.2985576917271264,2,6,16,5,12.666666666666666,0,1,6,15,2,13.5,0,0,1,0,0.8333333333333334,0.3333333333333333,2.6666666666666665,2.5,1,True,False,False,True,False,False,True,False,False,True,False,False,False,False,True,False,False,False,False,False,False,False,True,False,True,False,False
-0.5540677512436588,0.03690696313447821,0.8992785454846383,0.3604679684868276,0,7,13,5,12.74,0,0,8,12,6,10.978571428571428,0,1,1,0,0.7142857142857143,0.75,1.8571428571428572,1.5,0,False,False,False,True,False,False,False,True,False,False,False,False,False,False,True,False,False,False,False,False,False,False,False,False,True,True,False
-0.5540677512436588,2.8351510489019294,-1.863082958468955,-0.4303628237699172,0,7,8,6,13.25,0,0,8,8,8,13.75,0,0,1,0,0.8571428571428571,1.0,1.1428571428571428,1.0,1,True,False,False,True,False,False,False,True,False,False,False,False,False,False,False,False,False,False,False,False,False,False,False,False,True,False,False
-0.5540677512436588,0.18098999194093274,-0.4128431688933185,-0.562167955812708,0,6,13,3,10.333333333333334,0,0,6,12,3,10.333333333333334,0,0,1,0,0.5,0.5,2.1666666666666665,2.0,1,True,False,False,False,False,True,False,False,False,False,False,False,False,False,True,False,False,False,False,False,False,False,False,False,True,False,False
-0.5540677512436588,-0.577341738619352,-0.6890793192886778,-0.562167955812708,0,6,7,6,13.428571428571429,0,0,6,6,6,13.166666666666666,0,0,1,0,1.0,1.0,1.1666666666666667,1.0,2,True,False,False,False,False,True,False,False,False,False,False,False,False,False,True,False,False,False,True,False,False,False,False,False,True,True,False
-0.5540677512436588,0.5601558572210751,0.9130903530044054,-0.4303628237699172,6,11,19,9,12.555555555555555,0,3,9,14,8,11.11111111111111,0,0,0,0,0.8181818181818182,0.8888888888888888,1.7272727272727273,1.5555555555555556,2,True,False,False,False,False,False,True,False,False,True,True,False,True,False,False,True,False,False,False,True,False,False,False,False,True,False,False
-0.5540677512436588,-0.6531749116753804,0.16034684317705286,-0.562167955812708,0,6,8,6,11.5,0,0,6,7,6,11.166666666666666,0,0,1,0,1.0,1.0,1.3333333333333333,1.1666666666666667,2,True,False,False,False,False,True,False,False,False,False,False,False,False,False,False,False,True,False,False,False,True,False,False,False,True,False,False
-0.5540677512436588,0.5601558572210751,1.2652914447584902,-0.6939730878554988,0,6,6,6,13.666666666666666,0,0,6,9,6,12.333333333333334,0,0,1,0,1.0,1.0,1.0,1.5,2,True,False,False,False,False,True,False,False,False,False,False,False,False,False,False,False,False,False,False,False,False,False,False,False,True,False,False
-0.5540677512436588,-0.19817587333920963,1.3274445785974445,0.6240782325724092,10,14,16,11,11.272727272727272,0,6,11,16,10,12.0,0,1,1,0,0.7857142857142857,0.9090909090909091,1.1428571428571428,1.4545454545454546,2,True,False,True,False,False,False,False,True,True,False,False,False,False,False,False,False,False,False,False,False,False,False,False,False,True,False,False
-0.5540677512436588,0.10515681888490426,-0.30925461249505876,-0.16675255968433558,0,6,10,5,13.166666666666666,0,0,6,8,5,12.4,0,0,1,0,0.8333333333333334,0.8333333333333334,1.6666666666666667,1.3333333333333333,1,True,False,False,False,False,True,False,False,False,False,False,False,False,False,True,False,False,False,True,False,False,False,True,False,True,False,False
-0.5540677512436588,2.0768193183416446,2.011129050825959,-0.2985576917271264,3,6,6,6,14.666666666666666,0,2,6,6,6,14.166666666666666,0,0,1,0,1.0,1.0,1.0,1.0,2,True,False,True,False,False,True,True,False,False,True,False,False,False,False,False,False,False,False,False,False,False,False,False,False,True,True,False
-0.5540677512436588,0.5601558572210751,0.8992785454846383,-0.2985576917271264,0,6,11,4,12.75,0,0,6,19,1,11.0,0,0,0,0,0.6666666666666666,0.16666666666666666,1.8333333333333333,3.1666666666666665,1,True,False,False,True,False,False,True,False,False,True,True,False,False,False,True,False,False,False,True,False,False,False,True,False,True,False,False
-0.5540677512436588,1.3184875877813598,0.8992785454846383,0.3604679684868276,0,7,11,5,11.2,0,0,8,13,5,12.14,0,1,1,0,0.7142857142857143,0.625,1.5714285714285714,1.625,1,True,False,False,True,False,False,False,True,False,False,False,False,False,False,True,False,False,False,False,True,False,False,False,False,True,False,False
3.2521368007779965,0.6359890302771035,0.09819370933809662,-0.6939730878554988,0,6,8,5,13.0,0,0,6,8,5,11.4,0,0,1,1,0.8333333333333334,0.8333333333333334,1.3333333333333333,1.3333333333333333,0,True,False,False,False,False,True,False,False,False,False,False,False,False,False,False,False,False,False,False,False,False,False,True,True,False,False,False
0.2071731591606723,-0.9565076038994943,-0.8271973944863575,-0.4303628237699172,0,5,8,2,10.5,0,0,5,8,2,12.333333333333334,0,0,1,1,0.4,0.4,1.6,1.6,0,True,False,False,True,False,False,False,False,False,False,False,False,False,False,False,False,False,False,False,False,False,False,False,False,False,False,False
0.2071731591606723,2.531818356677815,2.1906825485829424,-0.6939730878554988,0,6,7,6,14.857142857142858,0,0,6,7,6,14.0,0,0,1,0,1.0,1.0,1.1666666666666667,1.1666666666666667,2,True,False,False,True,False,False,False,False,False,False,False,False,False,False,True,False,False,False,False,True,False,False,False,False,True,False,False
1.7296549799693344,1.0909880686132745,-0.1711365372973791,-0.562167955812708,0,8,11,7,12.86,0,0,8,11,7,12.86,0,0,1,0,0.875,0.875,1.375,1.375,2,True,False,False,True,False,False,False,False,False,False,False,False,False,False,True,False,False,False,False,False,False,False,True,False,True,True,False
-0.5540677512436588,-0.8806744308434659,-1.0412804110427605,-0.4303628237699172,5,11,12,11,11.727272727272728,0,5,11,14,11,12.0,0,0,0,0,1.0,1.0,1.0909090909090908,1.2727272727272727,2,True,False,False,False,False,True,False,True,False,False,True,False,False,False,False,True,False,False,False,False,False,False,True,False,True,False,False
-0.5540677512436588,1.3184875877813598,1.5898689214730366,-0.16675255968433558,3,6,11,6,13.142857142857142,0,2,6,10,3,12.0,0,0,1,0,1.0,0.5,1.8333333333333333,1.6666666666666667,2,True,False,False,True,False,False,True,False,False,True,False,False,False,False,True,False,False,False,False,False,False,False,True,False,True,True,False
-0.5540677512436588,-0.6531749116753804,-0.8824446245654292,-0.6939730878554988,0,6,6,5,11.8,0,0,6,9,4,13.714285714285714,0,0,1,1,0.8333333333333334,0.6666666666666666,1.0,1.5,0,True,False,False,False,False,False,False,False,False,False,False,False,False,False,True,False,False,False,False,False,False,False,True,True,True,False,False
-0.5540677512436588,-2.7765037572441775,-2.1393191088643144,-0.562167955812708,0,5,10,3,10.666666666666666,0,0,5,9,0,0.0,3,0,1,0,0.6,0.0,2.0,1.8,0,True,False,False,False,False,False,False,False,False,False,False,False,False,False,False,False,False,False,True,False,False,False,True,False,True,False,False
1.7296549799693344,-0.577341738619352,0.13272322813751652,-0.6939730878554988,0,6,9,5,11.6,0,0,6,8,4,11.2,0,0,0,0,0.8333333333333334,0.6666666666666666,1.5,1.3333333333333333,1,True,False,False,False,False,True,False,False,False,False,False,False,True,False,False,True,False,False,False,True,False,False,False,False,True,True,False
-0.5540677512436588,0.25682316499696123,-0.36450184257413043,-0.4303628237699172,0,6,13,3,10.333333333333334,0,0,6,12,3,10.333333333333334,0,0,1,0,0.5,0.5,2.1666666666666665,2.0,1,True,False,False,False,False,False,False,False,False,False,False,False,False,False,False,False,False,False,False,False,False,False,True,False,True,False,False
-0.5540677512436588,-0.9565076038994943,-0.8410092020061256,-0.562167955812708,0,6,11,4,12.25,0,0,6,11,3,11.0,0,0,1,0,0.6666666666666666,0.5,1.8333333333333333,1.8333333333333333,1,True,False,False,False,False,True,False,False,False,False,False,False,False,False,False,False,False,False,False,False,False,False,True,False,True,False,False
-0.5540677512436588,-0.3498422194512666,0.001511056699720468,-0.562167955812708,0,6,6,6,12.0,0,0,6,7,4,12.75,0,0,1,0,1.0,0.6666666666666666,1.0,1.1666666666666667,1,True,False,False,False,False,False,False,False,False,False,False,False,False,False,False,False,False,False,False,False,False,False,False,False,True,False,False
-0.5540677512436588,0.7118222033331321,0.29846491837473255,-0.562167955812708,0,8,8,7,14.731428571428571,0,0,8,8,7,14.731428571428571,0,0,1,0,0.875,0.875,1.0,1.0,2,True,False,False,True,False,False,False,False,False,False,False,False,False,False,True,False,False,False,True,False,False,False,True,False,True,False,False
-0.5540677512436588,0.18098999194093274,0.6990073364480024,-0.6939730878554988,0,0,0,0,0.0,0,0,0,0,0,0.0,0,0,1,0,0.0,0.0,0.0,0.0,2,True,False,False,False,False,True,False,False,False,False,False,False,False,False,False,True,False,False,False,False,False,False,True,False,True,False,False
-0.5540677512436588,-0.9565076038994943,-0.48190220649215837,-0.2985576917271264,9,13,14,13,13.615384615384617,1,6,12,12,12,14.25,0,0,1,0,1.0,1.0,1.0769230769230769,1.0,2,True,False,False,False,False,True,True,False,True,False,False,False,False,False,False,True,False,False,False,False,False,False,True,False,True,False,False
-0.5540677512436588,0.5601558572210751,0.8302195078857985,0.4922731005296184,0,5,5,5,15.8,0,0,5,5,5,14.8,0,1,1,0,1.0,1.0,1.0,1.0,2,True,False,True,False,False,False,False,True,True,False,False,False,False,False,False,False,False,False,False,False,False,False,False,False,True,False,False
-0.5540677512436588,0.18098999194093274,0.1465350356572837,-0.562167955812708,0,6,6,6,14.666666666666666,0,0,6,7,6,14.571428571428571,0,0,1,0,1.0,1.0,1.0,1.1666666666666667,2,True,False,False,False,False,True,False,False,False,False,False,False,False,False,True,False,False,False,True,False,False,False,False,False,True,False,False
-0.5540677512436588,0.03690696313447821,0.08438190181832748,0.22866283644403682,0,5,5,0,0.0,0,0,5,5,0,0.0,0,1,1,0,0.0,0.0,1.0,1.0,0,False,False,False,True,False,False,False,True,False,False,False,False,False,False,False,False,True,False,False,False,True,False,False,False,True,False,False
0.2071731591606723,0.33265633805298966,-0.4266549764130867,-0.6939730878554988,0,8,8,7,14.654285714285717,0,0,8,8,7,14.654285714285717,0,0,1,0,0.875,0.875,1.0,1.0,2,True,False,False,True,False,False,False,False,False,False,False,False,False,False,False,False,False,False,False,False,False,False,True,False,True,True,False
-0.5540677512436588,-0.8048412577874374,0.6092305875695118,0.09685770440124603,0,8,8,7,12.401428571428571,0,0,8,8,7,12.401428571428571,0,1,1,0,0.875,0.875,1.0,1.0,2,True,False,False,True,False,False,False,True,True,False,False,False,False,False,True,False,False,False,False,False,False,False,False,False,True,False,False
0.9684140695650034,-0.3498422194512666,-0.5578671478508818,-0.4303628237699172,0,7,8,7,11.5875,0,0,8,9,7,14.071428571428571,0,0,1,0,1.0,0.875,1.1428571428571428,1.125,2,True,False,False,True,False,False,False,False,False,False,False,False,False,False,True,False,False,False,False,False,False,False,True,False,True,False,False
-0.5540677512436588,0.5601558572210751,0.8992785454846383,0.3604679684868276,3,5,5,5,14.0,0,1,5,5,5,15.6,0,1,1,0,1.0,1.0,1.0,1.0,2,True,False,True,False,False,False,True,False,True,False,False,False,False,False,False,False,False,False,False,False,False,False,False,False,True,False,False
-0.5540677512436588,-0.04650952722715268,0.008416960459604059,-0.4303628237699172,0,6,9,6,12.333333333333334,0,0,6,6,6,11.833333333333334,0,0,1,0,1.0,1.0,1.5,1.0,2,True,False,False,False,False,True,False,False,False,False,False,False,False,False,False,False,False,False,False,False,False,False,True,False,True,True,False
-0.5540677512436588,-0.12234270028318116,0.6921014326881187,-0.6939730878554988,0,5,5,5,14.0,0,0,5,6,5,15.4,0,0,1,0,1.0,1.0,1.0,1.2,2,True,False,False,True,False,False,False,False,False,False,False,False,False,False,False,False,False,True,False,False,False,True,False,False,True,False,False
-0.5540677512436588,-0.5015085655633235,0.029134671739256792,-0.562167955812708,0,6,13,6,15.23076923076923,0,0,6,10,6,12.375,0,0,1,0,1.0,1.0,2.1666666666666665,1.6666666666666667,2,True,False,False,True,False,False,False,False,False,False,False,False,False,False,False,False,False,False,False,False,False,False,True,False,True,False,False
-0.5540677512436588,0.03690696313447821,-2.0702600712654746,-0.034947427641544786,0,6,9,5,11.6,0,0,6,9,3,11.0,0,0,1,0,0.8333333333333334,0.5,1.5,1.5,0,True,False,False,False,False,True,False,False,False,False,False,False,False,False,False,False,False,False,False,False,False,False,True,False,True,False,False
1.7296549799693344,0.25682316499696123,-0.04683026961946761,-0.6939730878554988,0,7,7,6,11.6,0,0,7,7,6,11.6,0,0,1,0,0.8571428571428571,0.8571428571428571,1.0,1.0,2,True,False,False,True,False,False,False,False,False,False,False,False,False,False,False,False,False,False,False,False,False,False,True,False,True,True,False
1.7296549799693344,0.5601558572210751,0.03604057549914038,-0.6939730878554988,0,7,0,0,0.0,0,0,8,0,0,0.0,0,0,1,0,0.0,0.0,0.0,0.0,0,True,False,False,True,False,False,False,False,False,False,False,False,False,False,True,False,False,False,True,False,False,False,False,False,True,False,False
-0.5540677512436588,0.18098999194093274,-0.026112558339815857,-0.562167955812708,0,7,7,7,12.901428571428571,0,0,8,9,8,13.094444444444443,0,0,0,0,1.0,1.0,1.0,1.125,2,True,False,False,True,False,False,False,False,False,False,True,False,False,False,False,True,False,False,False,False,False,False,False,False,True,True,False
-0.5540677512436588,2.0768193183416446,-0.48190220649215837,0.8876884966579909,4,7,9,7,14.142857142857142,0,1,5,5,5,14.8,0,1,0,0,1.0,1.0,1.2857142857142858,1.0,2,True,False,True,False,False,False,False,True,False,False,False,False,True,False,True,False,False,False,False,True,False,False,False,False,True,False,False
-0.5540677512436588,0.5601558572210751,0.8992785454846383,0.7558833646152,0,6,0,0,0.0,0,0,6,0,0,0.0,0,1,0,0,0.0,0.0,0.0,0.0,0,True,False,False,True,False,False,True,False,False,True,False,False,True,False,True,False,False,False,False,False,False,False,True,False,True,False,False
3.2521368007779965,0.5601558572210751,0.31227672589449973,-0.562167955812708,0,8,8,8,13.25375,0,0,8,8,8,13.25375,0,0,0,0,1.0,1.0,1.0,1.0,2,True,False,False,True,False,False,False,False,False,False,True,False,False,False,False,True,False,False,False,True,False,False,True,False,True,False,False
3.2521368007779965,-1.3356734691796368,-1.0205626997631088,-0.4303628237699172,0,7,7,7,13.785714285714286,0,0,8,8,8,14.1,0,0,0,0,1.0,1.0,1.0,1.0,2,True,False,False,True,False,False,False,False,False,False,False,False,True,False,True,False,False,False,False,True,False,False,True,False,True,False,False
-0.5540677512436588,0.8634885494451889,1.6243984402724565,-0.4303628237699172,0,7,7,6,13.916666666666666,0,0,7,7,6,13.916666666666666,0,0,1,0,0.8571428571428571,0.8571428571428571,1.0,1.0,2,True,False,False,True,False,False,False,False,False,False,False,False,False,False,False,False,False,False,False,True,False,False,False,False,True,False,False
1.7296549799693344,-0.3498422194512666,-0.4128431688933185,-0.562167955812708,0,6,8,6,13.5,0,0,6,9,6,13.571428571428571,0,0,1,0,1.0,1.0,1.3333333333333333,1.5,2,True,False,False,False,False,False,False,False,False,False,False,False,False,False,False,True,False,False,False,False,False,False,True,False,True,False,False
-0.5540677512436588,-1.2598402961236081,-1.0205626997631088,-0.4303628237699172,0,5,8,3,11.333333333333334,0,0,5,12,2,10.666666666666666,0,0,0,0,0.6,0.4,1.6,2.4,1,True,False,False,False,False,False,False,False,False,False,False,False,True,False,False,False,False,False,False,True,False,False,True,False,True,False,False
0.2071731591606723,0.18098999194093274,0.16725274693693645,-0.2985576917271264,0,5,8,0,0.0,4,0,5,12,0,0.0,4,0,1,0,0.0,0.0,1.6,2.4,0,False,False,False,True,False,False,False,False,False,False,False,False,False,False,True,False,False,False,True,False,False,False,True,False,True,False,False
-0.5540677512436588,-0.8806744308434659,-0.868632817045661,-0.562167955812708,0,6,10,5,11.5,0,0,6,9,4,14.6,0,0,1,0,0.8333333333333334,0.6666666666666666,1.6666666666666667,1.5,2,True,False,False,False,False,False,False,False,False,False,False,False,False,False,True,False,False,False,False,False,False,False,False,False,True,False,False
0.9684140695650034,0.10515681888490426,-0.4611844952125066,-0.6939730878554988,0,8,8,7,12.082857142857142,0,0,8,8,7,12.082857142857142,0,0,1,0,0.875,0.875,1.0,1.0,2,True,False,False,True,False,False,False,False,False,False,False,False,False,False,False,False,False,False,False,False,False,False,True,False,True,True,False
-0.5540677512436588,-0.9565076038994943,-0.48190220649215837,0.4922731005296184,0,6,8,6,11.833333333333334,0,0,6,10,5,12.8,0,1,1,0,1.0,0.8333333333333334,1.3333333333333333,1.6666666666666667,2,True,False,True,False,False,True,False,True,False,False,False,False,False,False,False,False,False,False,False,False,False,False,False,False,True,True,False
0.2071731591606723,-0.577341738619352,-0.8617269132857774,-0.562167955812708,0,5,6,5,13.4,0,0,5,5,5,12.4,0,0,1,0,1.0,1.0,1.2,1.0,2,True,False,False,False,False,False,False,False,False,False,False,False,False,False,False,False,False,False,False,False,False,False,True,False,True,True,False
-0.5540677512436588,0.6359890302771035,0.05675828677879213,-0.562167955812708,0,7,7,0,0.0,2,0,7,7,0,0.0,2,0,1,0,0.0,0.0,1.0,1.0,0,True,False,False,True,False,False,False,False,False,False,False,False,False,False,False,False,False,True,False,True,False,False,False,False,True,True,False
-0.5540677512436588,0.5601558572210751,-0.1642306335374955,-0.562167955812708,0,6,7,5,14.2,0,0,6,7,6,14.571428571428571,0,0,1,0,0.8333333333333334,1.0,1.1666666666666667,1.1666666666666667,2,True,False,False,False,False,True,False,False,False,False,False,False,False,False,True,False,False,False,False,False,False,False,True,False,True,False,False
3.2521368007779965,0.8634885494451889,0.2294058807758927,-0.6939730878554988,0,8,8,7,13.814285714285717,0,0,8,8,7,13.814285714285717,0,0,1,0,0.875,0.875,1.0,1.0,2,True,False,False,True,False,False,False,False,False,False,False,False,False,False,True,False,False,False,True,False,False,False,True,False,True,True,False
-0.5540677512436588,-0.8048412577874374,-0.6062084741700698,-0.4303628237699172,0,6,10,4,11.25,0,0,6,6,6,10.5,0,0,1,0,0.6666666666666666,1.0,1.6666666666666667,1.0,1,True,False,False,False,False,False,False,False,False,False,False,False,False,False,True,False,False,False,True,False,False,False,False,False,True,True,False
-0.5540677512436588,-0.19817587333920963,-0.5647730516107663,-0.6939730878554988,0,6,6,6,14.5,0,0,6,8,6,13.666666666666666,0,0,1,0,1.0,1.0,1.0,1.3333333333333333,2,True,False,False,False,False,False,False,False,False,False,False,False,False,False,True,False,False,False,True,False,False,False,False,False,True,True,False
2.4908958903736655,0.03690696313447821,0.41586528229275943,-0.562167955812708,0,6,0,0,0.0,0,0,6,0,0,0.0,0,0,1,0,0.0,0.0,0.0,0.0,0,True,False,False,False,False,False,False,False,False,False,False,False,False,False,False,True,False,False,True,False,False,False,True,False,True,False,False
-0.5540677512436588,0.03690696313447821,0.13962913189740012,1.6785192889147356,0,7,7,6,11.3,0,0,7,7,6,11.3,0,1,1,0,0.8571428571428571,0.8571428571428571,1.0,1.0,2,False,False,False,True,False,False,False,True,False,False,False,False,False,False,False,False,False,False,False,False,False,False,True,False,True,False,False
-0.5540677512436588,1.0909880686132745,-1.863082958468955,-0.6939730878554988,0,2,2,0,0.0,0,0,4,4,1,16.0,0,0,0,0,0.0,0.25,1.0,1.0,1,True,False,False,True,False,False,False,True,False,False,True,False,True,False,False,True,False,False,False,True,False,False,False,False,True,False,False
-0.5540677512436588,-0.425675392507295,-0.4335608801729703,-0.6939730878554988,0,5,11,1,12.0,0,0,5,9,3,12.0,0,0,1,1,0.2,0.6,2.2,1.8,1,True,False,False,False,False,True,False,True,False,False,False,False,False,False,True,False,False,False,True,False,False,False,True,True,True,False,False
3.2521368007779965,0.25682316499696123,0.38133576349333953,-0.562167955812708,0,8,9,7,12.3,0,0,8,9,7,12.3,0,0,1,0,0.875,0.875,1.125,1.125,2,True,False,False,True,False,False,False,False,False,False,False,False,False,False,False,False,False,False,False,True,False,False,True,False,True,False,False
2.4908958903736655,-0.425675392507295,-0.4611844952125066,-0.6939730878554988,0,8,8,7,12.694285714285714,0,0,8,8,7,12.694285714285714,0,0,1,0,0.875,0.875,1.0,1.0,2,True,False,False,True,False,False,False,False,False,False,False,False,False,False,False,False,False,False,False,False,False,False,True,False,True,True,False
-0.5540677512436588,-0.7290080847314089,-0.8548210095258938,-0.6939730878554988,0,5,5,4,11.0,0,0,5,5,4,11.0,0,0,1,0,0.8,0.8,1.0,1.0,2,True,False,False,False,False,False,False,False,False,False,False,False,False,False,False,True,False,False,False,True,False,False,False,False,True,False,False
-0.5540677512436588,-0.3498422194512666,-0.7236088380880977,-0.562167955812708,0,6,6,6,13.0,0,0,6,6,6,14.166666666666666,0,0,1,0,1.0,1.0,1.0,1.0,2,True,False,False,False,False,True,False,False,False,False,False,False,False,False,False,False,False,False,False,True,False,False,True,False,True,True,False
-0.5540677512436588,-0.3498422194512666,0.05675828677879213,-0.562167955812708,0,7,8,7,14.4125,0,0,8,8,8,16.05,0,0,0,0,1.0,1.0,1.1428571428571428,1.0,2,True,False,False,True,False,False,False,False,False,False,True,False,False,False,False,True,False,False,False,True,False,False,False,False,True,True,False
0.2071731591606723,0.5601558572210751,0.20178226573635638,-0.6939730878554988,0,7,8,7,12.92875,0,0,8,8,8,14.0625,0,0,1,0,1.0,1.0,1.1428571428571428,1.0,0,True,False,False,True,False,False,False,False,False,False,False,False,False,False,False,False,False,False,False,False,False,False,True,False,True,False,False
0.2071731591606723,-0.8806744308434659,-0.5578671478508818,-0.4303628237699172,0,6,6,6,13.333333333333334,0,0,6,10,5,12.8,0,0,1,0,1.0,0.8333333333333334,1.0,1.6666666666666667,2,True,False,False,False,False,True,False,False,False,False,False,False,False,False,False,False,False,False,False,False,False,False,True,False,True,False,False
0.9684140695650034,-0.8048412577874374,-0.8755387208055456,-0.4303628237699172,0,6,8,5,12.8,0,0,6,9,5,12.8,0,0,1,0,0.8333333333333334,0.8333333333333334,1.3333333333333333,1.5,1,True,False,False,False,False,False,False,False,False,False,False,False,False,False,False,True,False,False,False,False,False,False,True,False,True,True,False
-0.5540677512436588,-0.5015085655633235,-0.8410092020061256,-0.4303628237699172,0,8,8,7,14.402857142857142,0,0,8,8,7,14.402857142857142,0,0,1,0,0.875,0.875,1.0,1.0,2,True,False,False,True,False,False,False,False,False,False,False,False,False,False,True,False,False,False,True,False,False,False,True,False,True,False,False
1.7296549799693344,0.18098999194093274,-0.27472509369563886,-0.6939730878554988,0,8,8,7,13.381428571428572,0,0,8,8,7,13.381428571428572,0,0,1,0,0.875,0.875,1.0,1.0,2,True,False,False,True,False,False,False,False,False,False,False,False,False,False,False,False,False,False,False,False,False,False,True,False,True,True,False
0.2071731591606723,-0.12234270028318116,-0.33687822753459506,-0.6939730878554988,0,7,8,7,14.13125,0,0,8,8,8,13.98375,0,0,1,0,1.0,1.0,1.1428571428571428,1.0,2,True,False,False,True,False,False,False,False,False,False,False,False,False,False,False,False,False,False,True,False,False,False,True,False,True,False,False
1.7296549799693344,0.5601558572210751,-0.22638376737645077,-0.562167955812708,0,5,11,5,11.714285714285714,2,0,5,6,5,12.6,0,0,1,0,1.0,1.0,2.2,1.2,2,True,False,False,True,False,False,False,False,False,False,False,False,False,False,True,False,False,False,False,False,False,False,False,False,True,False,False
0.9684140695650034,-0.12234270028318116,0.37442985973345594,-0.562167955812708,0,5,5,5,11.8,0,0,5,8,4,11.25,0,0,1,0,1.0,0.8,1.0,1.6,1,True,False,False,False,False,False,False,False,False,False,False,False,False,False,False,False,False,False,False,False,False,False,True,False,True,False,False
-0.5540677512436588,-0.19817587333920963,-0.8410092020061256,2.732960345257062,0,6,9,6,11.166666666666666,0,1,6,15,2,11.0,1,1,1,0,1.0,0.3333333333333333,1.5,2.5,2,False,False,True,False,False,True,False,True,False,False,False,False,False,False,False,False,False,True,False,False,False,True,False,False,True,False,False
-0.5540677512436588,-0.19817587333920963,0.20868816949623997,1.1512987607435725,0,6,7,0,0.0,0,0,6,6,0,0.0,0,1,1,0,0.0,0.0,1.1666666666666667,1.0,0,True,False,False,False,False,True,True,False,True,False,False,False,False,False,True,False,False,False,False,False,False,False,False,False,True,False,False
-0.5540677512436588,0.5601558572210751,-0.32306642001482694,-0.16675255968433558,0,6,9,5,13.6,0,0,6,8,5,12.0,0,0,1,0,0.8333333333333334,0.8333333333333334,1.5,1.3333333333333333,0,True,False,False,False,False,True,False,True,False,False,False,False,False,False,False,False,False,False,False,False,False,False,False,False,True,False,False
-0.5540677512436588,-0.19817587333920963,1.7556106117102526,1.6785192889147356,4,12,14,12,13.846153846153848,0,5,12,18,11,14.090909090909092,0,1,1,0,1.0,0.9166666666666666,1.1666666666666667,1.5,2,False,False,False,False,False,True,False,True,False,False,False,False,False,False,True,False,False,False,False,False,False,False,True,False,True,False,False
-0.5540677512436588,-0.577341738619352,-0.4749963027322748,-0.6939730878554988,0,6,7,6,12.5,0,0,6,8,6,13.333333333333334,0,0,1,0,1.0,1.0,1.1666666666666667,1.3333333333333333,2,True,False,False,False,False,True,False,False,False,False,False,False,False,False,True,False,False,False,False,False,False,False,False,False,True,True,False
-0.5540677512436588,2.0768193183416446,1.9420700132271194,-0.4303628237699172,0,5,5,5,16.4,0,0,5,5,5,14.6,0,0,0,0,1.0,1.0,1.0,1.0,2,True,False,False,False,False,True,False,False,False,False,True,False,True,False,False,True,False,False,False,True,False,False,True,False,True,False,False
-0.5540677512436588,-0.19817587333920963,-0.1711365372973791,-0.4303628237699172,5,11,11,11,13.818181818181818,0,5,11,11,11,13.454545454545457,0,0,1,0,1.0,1.0,1.0,1.0,2,True,False,False,False,False,True,False,True,False,False,False,False,False,False,True,False,False,False,False,False,False,False,False,False,True,True,False
-0.5540677512436588,0.8634885494451889,-0.005394847060163122,-0.562167955812708,0,6,8,5,10.6,0,0,6,11,4,10.5,0,0,0,0,0.8333333333333334,0.6666666666666666,1.3333333333333333,1.8333333333333333,2,True,False,False,False,False,True,False,False,False,False,True,False,False,False,False,True,False,False,False,True,False,False,False,False,True,False,False
-0.5540677512436588,0.03690696313447821,1.8108578417893233,0.09685770440124603,0,5,8,5,10.2,0,0,5,6,5,12.2,0,1,0,1,1.0,1.0,1.6,1.2,2,True,False,False,False,False,False,False,True,False,False,True,False,False,False,False,True,False,False,True,False,False,False,True,True,True,False,False
-0.5540677512436588,1.166821241669303,0.1948763619764728,-0.4303628237699172,0,6,11,5,10.6,0,0,6,11,4,10.4,0,0,1,0,0.8333333333333334,0.6666666666666666,1.8333333333333333,1.8333333333333333,1,True,False,False,False,False,True,False,False,False,False,False,False,False,False,True,False,False,False,False,False,False,False,False,False,True,False,False
-0.5540677512436588,0.03690696313447821,0.5539833574904391,0.4922731005296184,7,10,10,9,11.444444444444445,0,4,11,11,5,10.8,0,1,0,0,0.9,0.45454545454545453,1.0,1.0,0,True,False,True,False,False,True,False,True,False,False,True,False,True,False,False,True,False,False,False,True,False,False,False,False,True,False,False
-0.5540677512436588,0.02932364582887579,0.29846491837473255,-0.4303628237699172,0,6,9,5,14.333333333333334,0,4,8,8,8,12.625,0,0,1,0,0.8333333333333334,1.0,1.5,1.0,1,True,False,False,False,False,True,False,False,False,False,False,False,False,False,True,False,False,False,False,False,False,False,True,False,True,False,False
3.2521368007779965,-0.2740090463952381,-0.12279521097819103,-0.034947427641544786,15,16,18,16,13.0,0,11,13,15,13,13.266666666666667,0,0,1,0,1.0,1.0,1.125,1.1538461538461537,2,True,False,False,False,False,True,False,True,False,False,False,False,False,False,False,False,True,False,False,False,True,False,False,False,True,True,False
2.4908958903736655,0.8634885494451889,0.9890552943631308,-0.6939730878554988,0,8,9,8,13.31,1,0,8,9,8,13.31,1,0,1,0,1.0,1.0,1.125,1.125,2,True,False,False,True,False,False,False,False,False,False,False,False,False,False,True,False,False,False,False,False,False,False,True,False,True,True,False
-0.5540677512436588,-0.9565076038994943,-0.6821734155287943,-0.6939730878554988,0,6,10,5,10.571428571428571,1,0,6,9,5,12.2,0,0,1,0,0.8333333333333334,0.8333333333333334,1.6666666666666667,1.5,2,True,False,False,False,False,True,False,False,False,False,False,False,False,False,True,False,False,False,False,False,False,False,True,False,True,True,False
0.9684140695650034,0.8634885494451889,-0.03301846209969945,-0.4303628237699172,0,8,8,7,13.487142857142857,0,0,8,8,7,13.487142857142857,0,0,1,0,0.875,0.875,1.0,1.0,2,True,False,False,True,False,False,False,False,False,False,False,False,False,False,False,False,False,False,False,False,False,False,True,False,True,True,False
-0.5540677512436588,-0.04650952722715268,-0.4749963027322748,-0.4303628237699172,0,6,6,6,12.333333333333334,0,0,6,7,6,11.833333333333334,0,0,1,0,1.0,1.0,1.0,1.1666666666666667,2,True,False,False,False,False,False,False,False,False,False,False,False,False,False,False,False,False,False,False,False,False,False,False,False,True,True,False
-0.5540677512436588,0.7118222033331321,0.09819370933809662,-0.034947427641544786,0,6,11,6,11.875,0,0,6,9,5,12.833333333333334,0,0,1,0,1.0,0.8333333333333334,1.8333333333333333,1.5,0,True,False,False,False,False,False,False,False,False,False,False,False,False,False,False,False,False,False,False,False,False,False,False,False,True,False,False
0.2071731591606723,0.25682316499696123,0.8992785454846383,-0.4303628237699172,0,7,7,6,13.966666666666669,0,0,7,7,6,13.966666666666669,0,0,1,0,0.8571428571428571,0.8571428571428571,1.0,1.0,2,True,False,False,True,False,False,False,False,False,False,False,False,False,False,False,False,False,False,False,False,False,False,True,False,True,False,False
-0.5540677512436588,0.03690696313447821,-1.1724925824805565,0.6240782325724092,0,5,10,0,0.0,0,0,5,10,0,0.0,0,1,1,1,0.0,0.0,2.0,2.0,0,True,False,False,False,False,False,False,True,False,False,False,False,False,False,False,False,True,False,False,False,True,False,True,False,False,False,False
-0.5540677512436588,-0.8048412577874374,-0.702891126808446,-0.2985576917271264,0,5,8,4,11.5,0,0,5,5,5,12.8,0,0,1,0,0.8,1.0,1.6,1.0,2,True,False,False,False,False,False,False,False,False,False,False,False,False,False,False,True,False,False,True,False,False,False,True,False,True,False,False
0.2071731591606723,0.03690696313447821,-1.5523172892741757,-0.2985576917271264,0,2,2,2,12.5,0,0,7,0,0,0.0,0,0,1,0,1.0,0.0,1.0,0.0,0,True,False,False,True,False,False,False,False,False,False,False,False,False,False,False,False,False,False,False,False,False,False,True,False,True,False,False
-0.5540677512436588,0.5601558572210751,0.8992785454846383,0.6240782325724092,0,7,0,0,0.0,0,0,8,0,0,0.0,0,1,1,0,0.0,0.0,0.0,0.0,0,True,False,False,True,False,False,True,False,True,False,False,False,False,False,False,False,True,False,False,False,True,False,False,False,True,False,False
-0.5540677512436588,-1.1840071230675797,-0.951503662164269,-0.6939730878554988,0,7,10,6,11.98,0,0,8,11,7,13.225,0,0,0,0,0.8571428571428571,0.875,1.4285714285714286,1.375,2,True,False,False,True,False,False,False,False,False,False,True,False,False,False,False,True,False,False,False,True,False,False,False,False,True,False,False
-0.5540677512436588,-0.3498422194512666,-0.5785848591305345,-0.2985576917271264,0,6,8,5,13.2,0,0,6,7,5,11.8,0,0,1,0,0.8333333333333334,0.8333333333333334,1.3333333333333333,1.1666666666666667,1,True,False,False,False,False,True,False,False,False,False,False,False,False,False,False,False,False,False,False,False,False,False,True,False,True,True,False
-0.5540677512436588,0.25682316499696123,-0.21947786361656718,-0.562167955812708,0,7,10,6,11.614285714285714,0,0,8,8,8,14.0375,0,0,1,0,0.8571428571428571,1.0,1.4285714285714286,1.0,2,True,False,False,True,False,False,False,False,False,False,False,False,False,False,True,False,False,False,True,False,False,False,False,False,True,False,False
3.2521368007779965,0.6359890302771035,-0.019206654579931284,-0.6939730878554988,0,8,8,7,14.314285714285717,0,0,8,8,7,14.314285714285717,0,0,1,0,0.875,0.875,1.0,1.0,2,True,False,False,True,False,False,False,False,False,False,False,False,False,False,False,True,False,False,False,True,False,False,True,False,True,True,False
0.9684140695650034,-0.19817587333920963,0.4711125123718321,-0.562167955812708,0,7,0,0,0.0,0,0,8,0,0,0.0,0,0,0,0,0.0,0.0,0.0,0.0,0,True,False,False,True,False,False,False,False,False,False,True,False,False,False,False,True,False,False,True,False,False,False,False,False,True,False,False
-0.5540677512436588,0.5601558572210751,0.8992785454846383,-0.4303628237699172,2,6,9,6,12.666666666666666,0,1,6,12,2,13.0,0,0,1,0,1.0,0.3333333333333333,1.5,2.0,1,True,False,False,True,False,False,True,False,False,True,False,False,False,False,False,False,False,False,False,False,False,False,False,False,True,False,False
0.9684140695650034,-2.321504718908007,-1.8216475359096513,-0.4303628237699172,0,7,9,6,12.766666666666666,0,0,8,10,7,12.128571428571428,0,0,1,0,0.8571428571428571,0.875,1.2857142857142858,1.25,2,True,False,False,True,False,False,False,False,False,False,False,False,False,False,False,False,False,False,True,False,False,False,True,False,True,True,False
-0.5540677512436588,-0.5015085655633235,0.3951475710131067,-0.6939730878554988,0,6,7,6,12.666666666666666,0,0,6,7,5,12.2,0,0,1,0,1.0,0.8333333333333334,1.1666666666666667,1.1666666666666667,2,True,False,False,False,False,True,False,False,False,False,False,False,False,False,False,False,False,False,False,False,False,False,False,False,True,True,False
0.2071731591606723,-0.577341738619352,-1.4072933103166125,-0.4303628237699172,4,6,7,6,11.5,0,0,6,10,4,10.571428571428571,0,0,1,0,1.0,0.6666666666666666,1.1666666666666667,1.6666666666666667,0,True,False,False,False,False,False,False,True,False,False,False,False,False,False,True,False,False,False,False,True,False,False,True,False,True,False,False
-0.5540677512436588,-0.9565076038994943,0.9269021605241746,1.0194936287007816,2,6,13,5,11.4,0,0,6,14,4,11.75,0,1,1,0,0.8333333333333334,0.6666666666666666,2.1666666666666665,2.3333333333333335,0,True,False,False,False,False,False,False,True,False,False,False,False,False,False,True,False,False,False,True,False,False,False,False,False,True,False,False
0.9684140695650034,-0.04650952722715268,0.09128780557821303,-0.562167955812708,0,7,8,7,14.70625,0,0,8,8,8,14.4775,0,0,1,0,1.0,1.0,1.1428571428571428,1.0,2,True,False,False,True,False,False,False,False,False,False,False,False,False,False,False,False,False,False,False,False,False,False,True,False,True,True,False
0.9684140695650034,-0.3498422194512666,-0.5785848591305345,-0.562167955812708,0,7,9,6,11.814285714285717,0,0,8,8,7,13.542857142857144,0,0,1,0,0.8571428571428571,0.875,1.2857142857142858,1.0,2,True,False,False,True,False,False,False,False,False,False,False,False,False,False,True,False,False,False,True,False,False,False,True,False,True,True,False
-0.5540677512436588,-1.3356734691796368,-0.24710147865610252,-0.034947427641544786,1,6,8,6,13.0,1,0,6,8,6,11.875,0,0,1,0,1.0,1.0,1.3333333333333333,1.3333333333333333,2,True,False,False,False,False,True,False,False,False,False,False,False,False,False,False,True,False,False,False,False,False,False,False,False,True,False,False
-0.5540677512436588,-0.577341738619352,-0.20566605609679903,-0.562167955812708,0,6,7,6,14.857142857142858,0,0,6,6,6,13.333333333333334,0,0,1,0,1.0,1.0,1.1666666666666667,1.0,2,True,False,False,False,False,False,False,False,False,False,False,False,False,False,True,False,False,False,True,False,False,False,False,False,True,False,False
3.2521368007779965,0.33265633805298966,-0.39212545761366674,-0.4303628237699172,0,7,7,6,12.6,0,0,7,7,6,12.6,0,0,0,0,0.8571428571428571,0.8571428571428571,1.0,1.0,2,True,False,False,True,False,False,False,False,False,False,False,False,True,False,False,True,False,False,False,True,False,False,True,False,True,False,False
-0.5540677512436588,-2.3973378919640354,-1.7940239208701152,-0.16675255968433558,0,6,9,5,13.333333333333334,0,0,6,17,4,11.4,0,0,1,1,0.8333333333333334,0.6666666666666666,1.5,2.8333333333333335,1,True,False,False,True,False,False,False,False,False,False,False,False,False,False,False,False,False,False,True,False,False,False,True,True,True,False,False
-0.5540677512436588,-0.5015085655633235,-0.6959852230485615,-0.6939730878554988,0,7,10,6,10.666666666666666,0,0,7,12,6,12.833333333333334,0,0,0,0,0.8571428571428571,0.8571428571428571,1.4285714285714286,1.7142857142857142,1,True,False,False,False,False,True,False,False,False,False,True,False,False,False,False,True,False,False,True,False,False,False,True,False,True,False,False
0.9684140695650034,-0.19817587333920963,0.20868816949623997,0.4922731005296184,1,5,6,2,11.5,0,0,5,5,1,11.0,0,1,1,1,0.4,0.2,1.2,1.0,0,True,False,False,False,False,True,True,False,True,False,False,False,False,False,False,False,False,True,True,False,False,False,False,True,False,False,False
-0.5540677512436588,-2.473171065020064,-0.48190220649215837,0.7558833646152,0,7,9,1,10.0,0,0,7,0,0,0.0,0,1,1,0,0.14285714285714285,0.0,1.2857142857142858,0.0,0,True,False,False,True,False,False,False,True,False,False,False,False,False,False,False,False,False,False,False,False,False,False,False,False,True,False,False
-0.5540677512436588,-0.8048412577874374,0.23631178453577628,-0.6939730878554988,0,6,10,5,11.8,0,0,6,10,5,12.2,0,0,1,0,0.8333333333333334,0.8333333333333334,1.6666666666666667,1.6666666666666667,2,True,False,False,False,False,False,False,False,False,False,False,False,False,False,True,False,False,False,False,True,False,False,True,False,True,False,False
-0.5540677512436588,-0.5015085655633235,-0.5716789553706499,-0.6939730878554988,0,6,7,5,11.8,0,0,6,6,6,12.666666666666666,0,0,1,0,0.8333333333333334,1.0,1.1666666666666667,1.0,2,True,False,False,False,False,True,False,False,False,False,False,False,False,False,False,False,False,False,False,False,False,False,False,False,True,False,False
-0.5540677512436588,-0.3498422194512666,0.31227672589449973,-0.6939730878554988,0,8,8,8,12.77125,0,0,8,8,8,12.77125,0,0,1,0,1.0,1.0,1.0,1.0,2,True,False,False,True,False,False,False,False,False,False,False,False,False,False,False,False,False,False,False,False,False,False,False,False,True,False,False
0.9684140695650034,0.10515681888490426,-0.454278591452622,-0.4303628237699172,0,5,13,3,11.333333333333334,2,0,5,8,5,12.6,0,0,1,0,0.6,1.0,2.6,1.6,1,True,False,False,True,False,False,False,False,False,False,False,False,False,False,False,False,False,False,False,False,False,False,True,False,True,False,False
0.2071731591606723,-0.3498422194512666,0.1465350356572837,-0.6939730878554988,0,6,6,6,12.666666666666666,0,0,6,7,5,14.6,0,0,1,0,1.0,0.8333333333333334,1.0,1.1666666666666667,2,True,False,False,False,False,False,False,False,False,False,False,False,False,False,False,False,False,False,False,False,False,False,True,False,True,False,False
-0.5540677512436588,-0.577341738619352,0.34680624469391963,-0.6939730878554988,1,6,10,5,12.2,1,0,6,11,4,10.833333333333334,0,0,1,1,0.8333333333333334,0.6666666666666666,1.6666666666666667,1.8333333333333333,1,True,False,False,False,False,True,False,False,False,False,False,False,False,False,True,False,False,False,True,False,False,False,False,False,False,False,False
0.2071731591606723,-0.19817587333920963,0.20868816949623997,0.6240782325724092,0,5,9,1,12.0,1,0,4,10,0,0.0,4,1,0,1,0.2,0.0,1.8,2.5,0,True,False,False,True,False,False,True,False,True,False,True,False,True,False,False,True,False,False,False,True,False,False,False,False,False,False,False
0.2071731591606723,0.18098999194093274,0.40205347477299225,-0.6939730878554988,0,8,12,7,11.721428571428572,0,0,8,12,7,11.721428571428572,0,0,1,0,0.875,0.875,1.5,1.5,2,True,False,False,True,False,False,False,False,False,False,False,False,False,False,False,False,False,False,False,False,False,False,True,False,True,True,False
-0.5540677512436588,0.03690696313447821,1.1547969846003447,0.4922731005296184,0,7,12,4,14.0,0,0,7,14,3,12.525,0,1,1,0,0.5714285714285714,0.42857142857142855,1.7142857142857142,2.0,1,True,False,False,True,False,False,False,True,False,False,False,False,False,False,True,False,False,False,False,False,False,False,False,False,True,False,False
-0.5540677512436588,0.5601558572210751,1.783234226749789,0.3604679684868276,0,7,9,7,14.75,0,0,7,12,5,13.8,3,1,0,0,1.0,0.7142857142857143,1.2857142857142858,1.7142857142857142,1,True,False,False,False,True,False,False,True,False,False,True,False,False,False,False,True,False,False,True,False,False,False,False,False,True,False,False
0.2071731591606723,0.40848951110901816,0.4503948010921794,-0.6939730878554988,0,6,6,6,12.666666666666666,0,0,6,6,6,13.666666666666666,0,0,1,0,1.0,1.0,1.0,1.0,2,True,False,False,False,False,True,False,False,False,False,False,False,False,False,False,False,False,False,False,True,False,False,True,False,True,False,False
-0.5540677512436588,1.3184875877813598,1.3274445785974445,-0.6939730878554988,0,5,12,4,13.0,2,0,5,6,5,14.0,0,0,0,0,0.8,1.0,2.4,1.2,0,True,False,False,False,False,True,False,False,False,False,True,False,True,False,False,True,False,False,False,True,False,False,False,False,True,False,False
0.2071731591606723,-0.577341738619352,-0.8133855869665894,-0.2985576917271264,0,5,6,0,0.0,0,0,5,5,0,0.0,0,0,1,0,0.0,0.0,1.2,1.0,0,True,False,False,False,False,False,False,False,False,False,False,False,False,False,True,False,False,False,False,False,False,False,False,False,True,False,False
0.2071731591606723,-0.8806744308434659,-0.4335608801729703,-0.6939730878554988,0,6,8,4,10.75,0,0,6,9,0,0.0,0,0,0,0,0.6666666666666666,0.0,1.3333333333333333,1.5,1,True,False,False,False,False,True,False,False,False,False,True,False,False,False,False,True,False,False,False,True,False,False,True,False,True,False,False
-0.5540677512436588,-0.9565076038994943,-1.7387766907910434,1.1512987607435725,0,5,5,0,0.0,0,0,5,10,0,0.0,0,1,1,1,0.0,0.0,1.0,2.0,0,False,False,True,False,False,True,False,True,False,False,False,False,False,False,False,False,False,True,False,False,False,True,False,False,False,False,False
0.2071731591606723,0.5601558572210751,-1.863082958468955,0.6240782325724092,0,5,6,4,12.5,0,0,5,7,4,11.75,0,1,1,0,0.8,0.8,1.2,1.4,2,True,False,False,False,False,False,False,True,False,False,False,False,False,False,False,False,True,False,False,False,True,False,False,False,True,False,False
-0.5540677512436588,-2.473171065020064,-0.35069003505436225,2.205739817085899,0,4,4,0,0.0,0,0,5,0,0,0.0,0,1,1,1,0.0,0.0,1.0,0.0,0,True,False,True,False,False,False,False,True,False,False,False,False,False,False,False,False,False,False,False,True,False,False,False,False,False,False,False
0.2071731591606723,0.5601558572210751,-0.454278591452622,2.073934685043108,0,5,5,0,0.0,0,0,4,4,0,0.0,0,1,1,1,0.0,0.0,1.0,1.0,0,False,False,True,False,False,True,False,False,False,False,False,False,False,False,False,False,False,False,False,False,False,False,False,True,False,False,False
0.2071731591606723,0.5601558572210751,-0.454278591452622,2.073934685043108,0,6,0,0,0.0,0,0,6,0,0,0.0,0,1,1,1,0.0,0.0,0.0,0.0,0,False,False,False,False,False,True,False,False,False,False,False,False,False,False,False,False,False,False,False,False,False,False,False,True,False,False,False
-0.5540677512436588,-0.9565076038994943,1.5069980763544295,3.5237911375138067,0,6,7,6,12.5,0,0,6,15,5,12.4,0,1,1,0,1.0,0.8333333333333334,1.1666666666666667,2.5,2,False,False,False,False,False,True,False,True,False,False,False,False,False,False,False,False,False,False,True,False,False,False,False,False,True,False,False
0.2071731591606723,0.40848951110901816,-0.27472509369563886,-0.034947427641544786,0,6,10,5,12.8,0,0,6,9,3,11.666666666666666,0,0,1,0,0.8333333333333334,0.5,1.6666666666666667,1.5,0,True,False,False,False,False,True,False,False,False,False,False,False,False,False,False,False,False,False,True,False,False,False,True,False,True,False,False
-0.5540677512436588,0.03690696313447821,-1.863082958468955,3.2601808734282254,0,6,11,1,10.0,0,0,6,11,1,11.0,0,1,1,0,0.16666666666666666,0.16666666666666666,1.8333333333333333,1.8333333333333333,0,False,False,True,False,False,True,False,True,False,False,False,False,False,False,False,False,True,False,False,False,True,False,False,False,True,False,False
0.2071731591606723,-1.1081739500115513,-1.0274686035229934,-0.034947427641544786,0,6,11,4,11.25,0,0,6,10,5,10.2,0,0,1,0,0.6666666666666666,0.8333333333333334,1.8333333333333333,1.6666666666666667,0,True,False,False,False,False,True,False,False,False,False,False,False,False,False,False,False,False,False,False,False,False,False,True,False,True,False,False
3.2521368007779965,0.18098999194093274,-0.012300750820047694,-0.6939730878554988,0,8,8,7,12.61,0,0,8,8,7,12.61,0,0,1,0,0.875,0.875,1.0,1.0,2,True,False,False,True,False,False,False,False,False,False,False,False,False,False,True,False,False,False,True,False,False,False,True,False,True,True,False
-0.5540677512436588,-0.19817587333920963,-0.7650442606474013,-0.6939730878554988,0,5,14,2,12.0,2,0,5,6,5,12.6,0,0,0,0,0.4,1.0,2.8,1.2,2,True,False,False,False,False,True,False,False,False,False,True,False,False,False,False,True,False,False,False,False,False,False,False,False,True,False,False
-0.5540677512436588,1.3184875877813598,0.38133576349333953,-0.4303628237699172,0,6,9,5,13.0,0,0,6,7,6,13.5,0,0,0,1,0.8333333333333334,1.0,1.5,1.1666666666666667,2,True,False,False,False,False,True,False,True,False,False,True,False,False,False,False,True,False,False,False,False,False,False,True,False,False,False,True
0.9684140695650034,1.2426544147253313,0.3606180522136868,-0.6939730878554988,0,5,9,4,12.0,0,0,5,8,5,13.0,0,0,1,0,0.8,1.0,1.8,1.6,2,True,False,False,True,False,False,False,False,False,False,False,False,False,False,False,False,False,False,False,False,False,False,True,False,True,True,True
-0.5540677512436588,3.593482779462214,3.903346681034171,-0.6939730878554988,0,7,8,4,12.0,0,0,8,8,0,0.0,0,0,0,0,0.5714285714285714,0.0,1.1428571428571428,1.0,0,True,False,False,True,False,False,False,False,False,False,True,False,True,False,False,True,False,False,False,True,False,False,True,False,True,False,True
-0.5540677512436588,0.03690696313447821,0.6230423950892789,1.0194936287007816,0,5,12,1,12.0,0,0,5,9,1,11.0,4,1,1,0,0.2,0.2,2.4,1.8,0,True,True,False,False,True,False,False,True,False,False,False,False,False,False,False,False,False,False,False,True,False,False,False,False,True,False,False
-0.5540677512436588,0.03690696313447821,-1.8009298246299987,0.09685770440124603,0,5,9,1,12.0,0,0,5,6,3,10.5,0,1,1,0,0.2,0.6,1.8,1.2,1,True,True,False,False,True,False,False,True,False,False,False,False,False,False,True,False,False,False,False,True,False,False,True,False,True,False,False
-0.5540677512436588,0.9393217225012175,-0.8617269132857774,0.09685770440124603,0,0,0,0,0.0,0,0,0,0,0,0.0,0,1,0,0,0.0,0.0,0.0,0.0,2,True,True,False,False,False,True,False,True,False,False,True,False,False,False,False,True,False,False,False,False,False,False,True,False,True,False,False
-0.5540677512436588,-1.714839334459779,-1.1517748712009048,0.3604679684868276,0,5,5,0,0.0,0,0,5,9,0,0.0,0,1,1,1,0.0,0.0,1.0,1.8,0,True,True,False,False,False,False,False,True,False,False,False,False,False,False,False,False,False,False,False,False,False,False,False,True,False,False,False
-0.5540677512436588,1.6218202800054737,0.7059132402078859,-0.6939730878554988,0,6,11,5,13.625,0,0,6,9,4,11.75,0,0,0,1,0.8333333333333334,0.6666666666666666,1.8333333333333333,1.5,0,True,True,False,False,False,True,False,False,False,False,True,False,True,False,False,True,False,False,False,True,False,False,True,True,True,False,False
-0.5540677512436588,-0.5015085655633235,-0.6959852230485615,-0.562167955812708,0,5,12,3,11.666666666666666,0,0,5,10,3,11.666666666666666,0,0,1,0,0.6,0.6,2.4,2.0,1,True,True,False,False,False,False,False,False,False,False,False,False,False,False,True,False,False,False,False,False,False,False,False,False,True,True,False
-0.5540677512436588,0.02932364582887579,-0.35759593881424684,-0.16675255968433558,0,6,0,0,0.0,0,0,6,0,0,0.0,0,0,1,0,0.0,0.0,0.0,0.0,0,True,True,False,False,False,False,False,False,False,False,False,False,False,False,False,False,False,False,False,False,False,False,True,False,True,False,False
0.2071731591606723,0.9393217225012175,0.022228767979372222,-0.6939730878554988,0,8,8,7,11.69,0,0,8,8,7,11.69,0,0,0,0,0.875,0.875,1.0,1.0,2,True,True,False,True,False,False,False,False,False,False,True,False,True,False,False,True,False,False,False,True,False,False,True,False,True,False,False
-0.5540677512436588,-0.9565076038994943,-0.48190220649215837,-0.4303628237699172,0,6,11,0,0.0,6,0,6,12,0,0.0,12,0,1,1,0.0,0.0,1.8333333333333333,2.0,0,True,True,False,False,False,True,True,False,False,True,False,False,False,False,True,False,False,False,False,False,False,False,False,True,False,False,False
-0.5540677512436588,1.3184875877813598,1.5898689214730366,0.22866283644403682,0,0,0,0,0.0,0,0,0,0,0,0.0,0,1,0,0,0.0,0.0,0.0,0.0,2,True,True,False,False,False,True,True,False,False,True,True,False,True,False,False,True,False,False,False,True,False,False,False,False,True,False,False
-0.5540677512436588,1.3184875877813598,-1.863082958468955,0.09685770440124603,0,5,10,4,11.5,0,0,5,11,5,11.285714285714286,0,1,0,0,0.8,1.0,2.0,2.2,2,True,True,True,False,False,False,False,True,False,False,True,False,True,False,True,False,False,False,True,False,False,False,True,False,True,False,False
-0.5540677512436588,1.3184875877813598,1.5898689214730366,0.4922731005296184,0,5,10,1,14.0,0,0,5,0,0,0.0,0,1,0,0,0.2,0.0,2.0,0.0,0,True,True,False,False,True,False,False,True,False,False,True,False,True,False,True,False,False,False,True,False,False,False,True,False,True,False,False
-0.5540677512436588,-0.425675392507295,-0.6959852230485615,-0.2985576917271264,0,6,7,5,11.0,0,0,6,7,5,12.4,0,0,0,0,0.8333333333333334,0.8333333333333334,1.1666666666666667,1.1666666666666667,2,True,True,False,False,False,False,False,False,False,False,True,False,False,False,True,False,False,False,True,False,False,False,False,False,True,False,False
-0.5540677512436588,0.5601558572210751,0.8992785454846383,-0.2985576917271264,0,6,7,6,12.857142857142858,0,0,6,6,6,13.166666666666666,0,0,1,0,1.0,1.0,1.1666666666666667,1.0,2,True,True,False,False,False,True,True,False,False,True,False,False,False,False,False,True,False,False,False,False,False,False,True,False,True,False,False
0.9684140695650034,-0.3498422194512666,-0.33687822753459506,-0.562167955812708,0,6,9,4,12.5,0,0,6,6,6,11.333333333333334,0,0,1,0,0.6666666666666666,1.0,1.5,1.0,0,True,True,False,False,False,True,False,False,False,False,False,False,False,False,False,False,False,False,False,False,False,False,True,False,True,False,False
-0.5540677512436588,-0.425675392507295,2.280459297461435,0.6240782325724092,0,7,7,7,14.528571428571428,0,0,8,11,8,15.018181818181818,0,1,1,0,1.0,1.0,1.0,1.375,2,True,True,False,True,False,False,False,True,False,False,False,False,False,False,True,False,False,False,True,False,False,False,False,False,True,False,False
-0.5540677512436588,-1.1840071230675797,-0.5923966666503017,-0.4303628237699172,0,5,8,5,10.0,0,0,5,10,2,12.0,0,0,1,0,1.0,0.4,1.6,2.0,1,True,True,False,False,False,False,False,False,False,False,False,False,False,False,True,False,False,False,False,False,False,False,False,False,True,False,False
-0.5540677512436588,1.3184875877813598,1.5898689214730366,-0.2985576917271264,0,6,8,6,13.0,0,0,6,10,6,12.625,0,0,1,0,1.0,1.0,1.3333333333333333,1.6666666666666667,2,True,True,False,False,False,True,True,False,False,True,False,False,False,False,True,False,False,False,False,False,False,False,False,False,True,True,False
-0.5540677512436588,1.6218202800054737,1.2376678297189538,-0.6939730878554988,0,7,7,7,15.957142857142856,0,0,8,9,8,15.188888888888888,0,0,1,0,1.0,1.0,1.0,1.125,2,True,True,False,True,False,False,False,False,False,False,False,False,False,False,True,False,False,False,False,True,False,False,False,False,True,True,False
0.2071731591606723,-0.425675392507295,-0.4059372651334349,-0.6939730878554988,0,5,6,5,13.2,0,0,5,8,5,12.6,0,0,1,0,1.0,1.0,1.2,1.6,1,True,True,False,False,True,False,False,False,False,False,False,False,False,False,False,False,False,False,False,False,False,False,True,False,True,True,False
0.2071731591606723,0.02932364582887579,-0.35759593881424684,-0.4303628237699172,0,5,9,4,10.2,0,0,5,6,3,11.0,0,0,1,0,0.8,0.6,1.8,1.2,1,True,True,False,False,False,False,False,False,False,False,False,False,False,False,True,False,False,False,False,False,False,False,False,False,True,False,False
-0.5540677512436588,-0.9565076038994943,1.36888000115675,0.22866283644403682,2,5,6,5,14.2,0,1,5,5,2,13.5,0,1,1,0,1.0,0.4,1.2,1.0,1,True,True,False,False,True,False,False,True,True,False,False,False,False,False,True,False,False,False,False,False,False,False,False,False,True,False,False
-0.5540677512436588,0.03690696313447821,0.7611604702869585,-0.16675255968433558,0,6,8,6,12.625,0,0,6,11,2,14.5,0,0,1,1,1.0,0.3333333333333333,1.3333333333333333,1.8333333333333333,1,True,True,False,False,False,False,False,False,False,False,False,False,False,False,True,False,False,False,False,False,False,False,False,True,True,False,False
-0.5540677512436588,1.2426544147253313,0.7611604702869585,-0.6939730878554988,0,8,11,6,13.496666666666668,1,0,8,11,6,13.496666666666668,1,0,1,0,0.75,0.75,1.375,1.375,1,True,True,False,True,False,False,False,False,False,False,False,False,False,False,False,False,False,False,False,False,False,False,False,False,True,False,False
0.2071731591606723,-0.577341738619352,-0.7374206456078659,-0.562167955812708,0,5,8,5,13.25,0,0,5,8,5,11.0,0,0,1,0,1.0,1.0,1.6,1.6,2,True,True,False,False,False,False,False,False,False,False,False,False,False,False,False,False,False,False,False,False,False,False,True,False,True,False,False
2.4908958903736655,-0.5015085655633235,-0.30925461249505876,-0.562167955812708,0,5,12,3,12.0,0,0,5,10,3,12.0,0,0,1,0,0.6,0.6,2.4,2.0,0,True,True,False,False,True,False,False,False,False,False,False,False,False,False,True,False,False,False,True,False,False,False,True,False,True,False,False
-0.5540677512436588,0.03690696313447821,-0.8271973944863575,0.22866283644403682,0,6,10,4,13.0,0,0,6,9,4,13.75,0,1,1,1,0.6666666666666666,0.6666666666666666,1.6666666666666667,1.5,0,True,True,False,False,False,True,False,True,False,False,False,False,False,False,False,False,False,False,False,False,False,False,True,True,False,False,False
-0.5540677512436588,-1.3356734691796368,-0.8271973944863575,-0.2985576917271264,5,11,12,9,11.77777777777778,0,3,8,11,3,13.666666666666666,0,0,1,1,0.8181818181818182,0.375,1.0909090909090908,1.375,0,True,True,False,False,False,True,False,True,False,False,False,False,False,False,False,True,False,False,False,False,False,False,False,True,True,False,False
0.9684140695650034,-1.1840071230675797,-0.4957140140119265,-0.562167955812708,0,5,10,2,11.0,0,0,6,10,0,0.0,0,0,0,0,0.4,0.0,2.0,1.6666666666666667,0,True,True,False,False,True,False,False,False,False,False,False,False,True,False,False,True,False,False,False,True,False,False,True,False,True,False,False
0.2071731591606723,0.03690696313447821,-2.2083781464631542,-0.4303628237699172,0,5,14,0,0.0,0,0,5,5,0,0.0,0,0,1,0,0.0,0.0,2.8,1.0,0,True,True,False,False,False,False,False,False,False,False,False,False,False,False,True,False,False,False,True,False,False,False,False,False,True,False,False
-0.5540677512436588,1.3184875877813598,1.5898689214730366,0.22866283644403682,9,14,16,14,12.428571428571429,0,3,9,13,6,10.857142857142858,0,1,0,0,1.0,0.6666666666666666,1.1428571428571428,1.4444444444444444,0,True,True,False,False,False,True,True,False,False,True,True,False,True,False,False,True,False,False,False,True,False,False,False,False,True,False,False
-0.5540677512436588,-0.19817587333920963,-0.6338320892096062,-0.4303628237699172,0,5,8,3,11.0,0,0,5,11,3,12.0,0,0,1,0,0.6,0.6,1.6,2.2,1,True,True,False,False,False,False,False,False,False,False,False,False,False,False,False,False,False,False,True,False,False,False,True,False,True,False,False
-0.5540677512436588,2.152652491397673,1.1893265033997649,-0.6939730878554988,0,0,0,0,0.0,0,0,0,0,0,0.0,0,0,1,0,0.0,0.0,0.0,0.0,2,True,True,False,False,False,True,False,False,False,False,False,False,False,False,False,False,False,False,False,False,False,False,True,False,True,False,False
-0.5540677512436588,-0.19817587333920963,0.20868816949623997,-0.034947427641544786,0,6,12,3,11.5,0,0,6,12,3,10.666666666666666,0,0,0,1,0.5,0.5,2.0,2.0,1,True,True,False,False,False,False,True,False,False,True,False,True,False,True,False,False,False,False,False,False,False,False,True,True,True,False,False
-0.5540677512436588,-1.6390061614037505,0.08438190181832748,-0.034947427641544786,0,8,8,8,12.5075,0,0,8,8,8,12.5075,0,0,0,0,1.0,1.0,1.0,1.0,2,True,True,False,True,False,False,False,True,False,False,False,False,True,False,False,False,False,False,False,False,False,False,True,False,True,False,False
-0.5540677512436588,0.5601558572210751,0.5747010687700919,-0.2985576917271264,7,12,18,11,12.090909090909092,0,5,12,14,11,12.0,0,0,0,0,0.9166666666666666,0.9166666666666666,1.5,1.1666666666666667,2,True,True,False,False,False,True,True,False,False,True,True,False,False,False,True,False,False,False,True,False,False,False,False,False,True,False,False
-0.5540677512436588,-0.04650952722715268,1.168608792120114,-0.4303628237699172,0,5,14,2,11.0,3,0,5,9,3,12.666666666666666,0,0,1,0,0.4,0.6,2.8,1.8,1,True,True,False,False,False,True,False,False,False,False,False,False,False,False,False,True,False,False,False,True,False,False,True,False,True,False,False
-0.5540677512436588,0.48432268416504665,0.9476198718038253,0.22866283644403682,0,5,13,1,10.0,0,0,5,8,2,11.333333333333334,0,1,1,0,0.2,0.4,2.6,1.6,0,True,True,True,False,False,False,False,True,False,False,False,False,False,False,True,False,False,False,False,False,False,False,False,False,True,False,False
-0.5540677512436588,-0.04650952722715268,0.23631178453577628,-0.6939730878554988,0,6,6,6,13.5,0,0,6,9,5,13.2,0,0,1,0,1.0,0.8333333333333334,1.0,1.5,2,True,True,False,False,False,True,False,False,False,False,False,False,False,False,False,False,False,False,False,False,False,False,True,False,True,False,False
3.2521368007779965,-1.0323407769555228,-0.2609132861758707,-0.16675255968433558,0,6,6,6,14.166666666666666,0,0,6,8,6,13.625,0,0,1,0,1.0,1.0,1.0,1.3333333333333333,2,True,True,False,False,False,True,False,False,False,True,False,False,False,False,False,False,False,False,False,False,False,False,True,False,True,False,False
-0.5540677512436588,0.03690696313447821,-0.620020281689838,0.4922731005296184,0,6,7,6,14.0,0,0,6,7,6,14.714285714285714,0,1,1,0,1.0,1.0,1.1666666666666667,1.1666666666666667,2,True,True,False,False,False,False,False,True,False,False,False,False,False,False,False,True,False,False,False,False,False,False,False,False,True,False,False
-0.5540677512436588,0.03690696313447821,-0.48190220649215837,0.22866283644403682,0,3,4,0,0.0,0,0,3,5,0,0.0,0,1,0,0,0.0,0.0,1.3333333333333333,1.6666666666666667,0,True,True,False,False,False,True,False,True,False,False,True,False,False,False,False,True,False,False,True,False,False,False,False,False,True,False,False
1.7296549799693344,-0.2740090463952381,-0.5578671478508818,-0.6939730878554988,0,5,9,3,11.666666666666666,0,0,5,10,3,11.333333333333334,4,0,1,0,0.6,0.6,1.8,2.0,0,True,True,False,False,True,False,False,False,False,False,False,False,False,False,False,False,True,False,True,False,False,False,True,False,True,False,False
-0.5540677512436588,-0.3498422194512666,-0.6752675117689096,-0.4303628237699172,0,5,7,5,14.6,1,0,5,5,5,14.2,0,0,1,0,1.0,1.0,1.4,1.0,2,True,True,False,True,False,False,False,False,False,False,False,False,False,False,False,False,False,False,False,False,False,False,False,False,True,False,False
-0.5540677512436588,-0.9565076038994943,-0.48190220649215837,0.4922731005296184,0,6,10,5,13.0,0,0,6,13,5,11.5,0,1,0,0,0.8333333333333334,0.8333333333333334,1.6666666666666667,2.1666666666666665,2,True,True,False,False,False,True,False,True,False,False,True,False,True,False,False,True,False,False,False,True,False,False,False,False,True,False,False
-0.5540677512436588,-0.19817587333920963,-0.6131143779299544,-0.4303628237699172,0,6,7,6,12.166666666666666,0,0,6,9,6,12.0,0,0,1,0,1.0,1.0,1.1666666666666667,1.5,2,True,True,True,False,False,True,False,False,False,False,False,False,False,False,False,False,False,False,False,False,False,False,False,False,True,False,False
-0.5540677512436588,-0.19817587333920963,-0.15041882601772735,-0.16675255968433558,0,5,9,0,0.0,0,0,5,5,1,12.0,0,0,1,0,0.0,0.2,1.8,1.0,0,True,True,False,False,False,False,False,False,False,False,False,False,False,False,False,False,False,False,False,False,False,False,True,False,True,False,False
3.2521368007779965,-1.6390061614037505,-1.414199214076496,-0.562167955812708,0,5,10,3,10.5,0,0,5,11,3,10.8,0,0,0,0,0.6,0.6,2.0,2.2,0,True,True,False,False,True,False,False,False,False,False,False,False,True,False,True,False,False,False,False,False,False,False,True,False,True,False,False
3.2521368007779965,-0.8806744308434659,-0.702891126808446,-0.4303628237699172,0,5,14,3,12.4,0,0,5,8,5,10.833333333333334,0,0,0,0,0.6,1.0,2.8,1.6,1,True,True,False,False,False,False,False,False,False,False,True,False,False,False,True,False,False,False,True,False,False,False,False,False,True,False,False
1.7296549799693344,-1.1840071230675797,-1.2208339087997446,-0.562167955812708,0,0,0,0,0.0,0,0,0,0,0,0.0,0,0,1,0,0.0,0.0,0.0,0.0,2,True,True,False,False,False,True,False,True,False,False,False,False,False,False,False,False,False,False,False,False,False,False,False,False,True,False,False
-0.5540677512436588,0.03690696313447821,-0.48190220649215837,0.7558833646152,0,5,12,0,0.0,4,0,5,8,0,0.0,1,1,1,1,0.0,0.0,2.4,1.6,0,False,True,False,True,False,False,False,True,False,False,False,False,False,False,True,False,False,False,True,False,False,False,True,False,False,False,False
0.2071731591606723,1.2426544147253313,0.7266309514875386,-0.562167955812708,0,8,8,7,13.828571428571427,0,0,8,8,7,13.828571428571427,0,0,0,0,0.875,0.875,1.0,1.0,2,True,True,False,True,False,False,False,False,False,False,True,False,False,False,False,False,False,False,False,False,False,False,False,False,True,False,False
0.2071731591606723,2.9868173950139862,1.5898689214730366,0.6240782325724092,0,5,7,5,10.6,0,0,5,6,5,10.2,0,1,1,0,1.0,1.0,1.4,1.2,1,True,False,True,False,False,False,False,True,False,False,False,False,False,False,False,False,False,False,False,False,False,False,True,False,True,True,False
-0.5540677512436588,0.10515681888490426,-0.454278591452622,-0.4303628237699172,0,6,7,6,11.5,0,0,6,6,6,11.666666666666666,0,0,1,0,1.0,1.0,1.1666666666666667,1.0,2,False,False,False,False,False,True,False,False,False,False,False,False,False,False,True,False,False,False,True,False,False,False,False,False,True,False,False
1.7296549799693344,0.25682316499696123,0.671383721408466,-0.4303628237699172,0,6,6,4,13.5,0,0,6,8,6,13.625,0,0,1,0,0.6666666666666666,1.0,1.0,1.3333333333333333,2,True,False,False,False,False,True,False,False,False,False,False,False,False,False,False,False,False,False,False,False,False,False,True,False,True,False,False
-0.5540677512436588,0.03690696313447821,-0.5854907628904181,1.0194936287007816,0,6,12,0,0.0,0,0,6,0,0,0.0,0,1,0,0,0.0,0.0,2.0,0.0,0,True,False,True,False,False,True,False,True,False,False,False,False,True,False,False,False,True,False,False,True,False,False,True,False,True,False,False
2.4908958903736655,0.6359890302771035,0.41586528229275943,-0.6939730878554988,0,7,8,7,12.5375,0,0,8,9,7,12.614285714285714,0,0,1,0,1.0,0.875,1.1428571428571428,1.125,2,True,False,False,True,False,False,False,False,False,False,False,False,False,False,True,False,False,False,True,False,False,False,True,False,True,False,False
-0.5540677512436588,0.6359890302771035,0.12581732437763296,-0.562167955812708,0,6,6,6,14.833333333333334,0,0,6,8,6,13.285714285714286,0,0,1,0,1.0,1.0,1.0,1.3333333333333333,1,True,False,False,False,False,False,False,False,False,False,False,False,False,False,False,False,False,False,False,False,False,False,True,False,True,False,False
-0.5540677512436588,1.166821241669303,0.41586528229275943,-0.6939730878554988,0,5,10,4,12.0,0,0,5,9,4,12.8,0,0,1,0,0.8,0.8,2.0,1.8,2,True,False,False,False,False,False,False,False,False,False,False,False,False,False,False,False,False,False,False,False,False,False,True,False,True,False,False
-0.5540677512436588,-2.321504718908007,-1.7249648832712754,-0.562167955812708,0,6,8,5,11.8,0,0,6,8,5,11.6,0,0,1,0,0.8333333333333334,0.8333333333333334,1.3333333333333333,1.3333333333333333,2,True,False,False,False,False,False,False,False,False,False,False,False,False,False,False,False,False,False,False,False,False,False,False,False,True,False,False
-0.5540677512436588,0.7876553763891605,0.4780184161317157,-0.6939730878554988,0,5,5,5,15.0,0,0,5,5,5,15.2,0,0,1,0,1.0,1.0,1.0,1.0,2,True,False,False,False,False,False,False,False,False,False,False,False,False,False,False,True,False,False,False,True,False,False,False,False,True,True,False
-0.5540677512436588,-0.9565076038994943,0.001511056699720468,-0.562167955812708,0,5,7,3,12.0,0,0,5,7,5,13.2,0,0,1,0,0.6,1.0,1.4,1.4,2,True,False,False,True,False,False,False,False,False,False,False,False,False,False,False,False,False,True,False,False,False,True,False,False,True,False,False
-0.5540677512436588,-0.8806744308434659,-0.454278591452622,-0.6939730878554988,0,6,6,6,12.833333333333334,0,0,6,7,6,12.285714285714286,0,0,1,0,1.0,1.0,1.0,1.1666666666666667,2,True,False,False,False,False,True,False,False,False,False,False,False,False,False,False,False,False,False,False,False,False,False,True,False,True,True,False
0.9684140695650034,-0.8048412577874374,-0.1711365372973791,-0.562167955812708,0,6,12,6,11.666666666666666,0,0,6,14,3,12.0,0,0,1,0,1.0,0.5,2.0,2.3333333333333335,2,True,False,False,False,False,False,False,False,False,False,False,False,False,False,False,False,False,False,False,True,False,False,True,False,True,False,False
1.7296549799693344,-0.8048412577874374,-0.21257195985668262,-0.562167955812708,0,7,9,7,12.1625,0,0,8,8,8,13.825,0,0,1,0,1.0,1.0,1.2857142857142858,1.0,2,True,False,False,True,False,False,False,False,False,False,False,False,False,False,True,False,False,False,True,False,False,False,False,False,True,False,False
0.2071731591606723,-0.7290080847314089,-0.6338320892096062,-0.6939730878554988,0,6,6,6,13.833333333333334,0,0,6,11,6,14.555555555555555,0,0,1,0,1.0,1.0,1.0,1.8333333333333333,2,True,False,False,False,False,False,False,False,False,False,False,False,False,False,False,False,False,False,False,True,False,False,True,False,True,False,False
-0.5540677512436588,0.02932364582887579,-0.019206654579931284,-0.562167955812708,0,7,12,4,12.45,0,0,7,11,5,11.7,0,0,0,0,0.5714285714285714,0.7142857142857143,1.7142857142857142,1.5714285714285714,1,True,False,False,True,False,False,False,False,False,False,True,False,False,False,False,True,False,False,False,False,False,False,False,False,True,False,False
-0.5540677512436588,-1.714839334459779,-1.1724925824805565,-0.4303628237699172,2,6,9,6,12.125,0,2,6,7,6,13.571428571428571,0,0,1,0,1.0,1.0,1.5,1.1666666666666667,2,True,False,False,False,False,False,True,False,False,True,False,False,False,False,False,False,False,False,True,False,False,False,False,False,True,True,False
-0.5540677512436588,1.6976534530615022,0.5332656462107864,-0.4303628237699172,0,6,8,5,13.4,0,0,6,10,4,13.0,0,0,1,0,0.8333333333333334,0.6666666666666666,1.3333333333333333,1.6666666666666667,1,True,False,False,False,False,False,False,False,False,False,False,False,False,False,True,False,False,False,False,False,False,False,True,False,True,False,False
-0.5540677512436588,-1.0323407769555228,-0.951503662164269,-0.4303628237699172,0,6,8,6,13.333333333333334,0,0,6,8,5,14.0,0,0,1,1,1.0,0.8333333333333334,1.3333333333333333,1.3333333333333333,1,True,False,False,False,False,True,False,False,False,False,False,False,False,False,True,False,False,False,False,False,False,False,False,True,True,False,False
-0.5540677512436588,-0.9565076038994943,0.9683375830834781,0.7558833646152,10,15,15,11,11.454545454545457,0,9,13,16,11,11.545454545454543,0,1,1,0,0.7333333333333333,0.8461538461538461,1.0,1.2307692307692308,0,True,False,True,False,False,False,False,True,True,False,False,False,False,False,False,False,False,False,False,False,False,False,False,False,True,False,False
-0.5540677512436588,0.03690696313447821,-1.0689040260822968,-0.4303628237699172,0,6,10,4,12.0,0,0,6,14,3,10.0,0,0,1,1,0.6666666666666666,0.5,1.6666666666666667,2.3333333333333335,0,True,False,False,False,False,True,False,False,False,False,False,False,False,False,False,False,False,False,False,False,True,False,False,False,False,True,False
-0.5540677512436588,0.7876553763891605,0.8992785454846383,1.0194936287007816,0,7,8,6,12.666666666666666,0,0,7,9,5,12.6,0,1,1,1,0.8571428571428571,0.7142857142857143,1.1428571428571428,1.2857142857142858,0,False,False,False,False,False,True,False,True,False,False,False,False,False,False,False,False,False,False,False,False,False,False,False,True,False,False,False
-0.5540677512436588,1.2426544147253313,0.5056420311712521,-0.4303628237699172,0,6,7,6,12.666666666666666,0,0,6,9,6,13.77777777777778,0,0,1,0,1.0,1.0,1.1666666666666667,1.5,2,True,False,False,False,False,False,False,False,False,False,False,False,False,False,False,False,False,False,True,False,False,False,False,False,True,False,False
-0.5540677512436588,0.02932364582887579,-0.11588930721830744,-0.2985576917271264,12,18,22,18,11.88888888888889,1,11,13,13,13,11.461538461538462,0,0,1,0,1.0,1.0,1.2222222222222223,1.0,2,True,False,False,False,False,True,False,False,False,False,False,False,False,False,False,False,False,False,False,False,False,False,True,False,True,False,False
-0.5540677512436588,0.5601558572210751,0.8992785454846383,-0.034947427641544786,0,6,0,0,0.0,0,0,6,0,0,0.0,0,0,1,0,0.0,0.0,0.0,0.0,0,True,False,False,False,False,True,True,False,True,False,False,False,False,False,False,False,False,False,False,False,False,False,True,False,True,False,False
2.4908958903736655,-0.8048412577874374,-0.5095258215316947,-0.2985576917271264,0,6,6,4,13.0,0,0,6,8,4,11.6,0,0,1,1,0.6666666666666666,0.6666666666666666,1.0,1.3333333333333333,0,True,False,False,False,False,True,False,False,False,False,False,False,False,False,True,False,False,False,False,False,False,False,False,True,False,False,False
-0.5540677512436588,2.8351510489019294,2.971049673449833,0.09685770440124603,4,7,7,7,16.885714285714283,0,3,8,9,8,15.744444444444444,0,1,1,0,1.0,1.0,1.0,1.125,2,True,False,False,True,False,False,True,False,True,False,False,False,False,False,False,False,False,False,True,False,False,False,False,False,True,False,False
-0.5540677512436588,-0.9565076038994943,1.6243984402724565,0.4922731005296184,0,6,6,6,12.5,0,1,6,6,6,12.333333333333334,0,1,1,0,1.0,1.0,1.0,1.0,2,True,False,True,False,False,True,False,True,False,False,False,False,False,False,True,False,False,False,True,False,False,False,False,False,True,False,False
-0.5540677512436588,0.7876553763891605,0.0705700942985603,-0.6939730878554988,0,7,9,7,13.055555555555555,0,0,8,8,8,15.8125,0,0,1,0,1.0,1.0,1.2857142857142858,1.0,2,True,False,False,True,False,False,False,False,False,False,False,False,False,False,False,True,False,False,False,False,False,False,False,False,True,True,False
0.9684140695650034,-1.3356734691796368,-1.2622693313590483,-0.2985576917271264,0,0,0,0,0.0,0,0,0,0,0,0.0,0,0,1,1,0.0,0.0,0.0,0.0,0,True,False,False,False,False,True,False,False,False,False,False,False,False,False,False,False,False,False,False,False,False,False,True,False,False,False,False
-0.5540677512436588,-0.7290080847314089,-0.371407746334015,-0.562167955812708,0,5,7,0,0.0,0,0,5,5,0,0.0,0,0,0,1,0.0,0.0,1.4,1.0,0,True,False,False,False,False,True,False,False,False,False,False,False,True,False,False,True,False,False,False,True,False,False,True,True,True,True,False
3.2521368007779965,-0.12234270028318116,-0.11588930721830744,-0.562167955812708,0,8,8,7,12.355714285714283,0,0,8,8,7,12.355714285714283,0,0,1,0,0.875,0.875,1.0,1.0,2,True,False,False,True,False,False,False,False,False,False,False,False,False,False,False,False,False,False,False,False,False,False,True,False,True,True,False
-0.5540677512436588,-0.425675392507295,-0.6476438967293743,-0.6939730878554988,0,6,0,0,0.0,0,0,6,0,0,0.0,0,0,1,0,0.0,0.0,0.0,0.0,0,True,False,False,True,False,False,False,False,False,False,False,False,False,False,False,False,False,False,False,False,False,False,False,False,True,False,False
0.9684140695650034,-0.5015085655633235,-0.18494834481714728,-0.6939730878554988,0,7,8,5,11.98,0,0,7,8,5,11.98,0,0,1,0,0.7142857142857143,0.7142857142857143,1.1428571428571428,1.1428571428571428,1,True,False,False,True,False,False,False,True,False,False,False,False,False,False,False,False,False,False,True,False,False,False,True,False,True,True,False
0.2071731591606723,-1.5631729883477221,-1.4418228291160324,-0.4303628237699172,0,7,7,7,13.857142857142858,0,0,7,8,7,12.571428571428571,0,0,1,1,1.0,1.0,1.0,1.1428571428571428,2,True,False,False,False,False,True,False,False,False,False,False,False,False,False,False,False,False,False,False,False,False,False,True,True,True,True,False
-0.5540677512436588,1.3184875877813598,0.8923726417247547,0.09685770440124603,0,6,9,5,13.0,0,0,6,6,6,14.166666666666666,0,1,1,0,0.8333333333333334,1.0,1.5,1.0,2,False,False,True,False,False,True,False,False,False,False,False,False,False,False,True,False,False,False,False,False,False,False,True,False,True,False,False
-0.5540677512436588,-1.2598402961236081,-1.117245352401485,-0.4303628237699172,0,6,6,6,12.833333333333334,0,0,6,10,6,11.166666666666666,0,0,1,0,1.0,1.0,1.0,1.6666666666666667,2,True,False,False,False,False,True,False,False,False,False,False,False,False,False,False,True,False,False,False,True,False,False,True,False,True,False,False
0.9684140695650034,-1.1081739500115513,-0.620020281689838,-0.4303628237699172,0,5,11,4,11.0,0,0,5,7,5,13.2,0,0,1,0,0.8,1.0,2.2,1.4,1,True,False,False,False,False,False,False,False,False,False,False,False,False,False,True,False,False,False,False,False,False,False,False,False,True,False,False
-0.5540677512436588,-0.19817587333920963,-0.6338320892096062,-0.562167955812708,0,8,8,7,12.357142857142858,0,0,8,8,7,12.357142857142858,0,0,1,0,0.875,0.875,1.0,1.0,2,True,False,False,True,False,False,False,False,False,False,False,False,False,False,False,False,False,False,False,False,False,False,True,False,True,True,False
3.2521368007779965,0.8634885494451889,0.03604057549914038,-0.6939730878554988,0,8,8,7,13.857142857142858,0,0,8,8,7,13.857142857142858,0,0,1,0,0.875,0.875,1.0,1.0,2,True,False,False,True,False,False,False,False,False,False,False,False,False,False,False,False,False,False,False,False,False,False,True,False,True,True,False
0.2071731591606723,-2.0940051997399216,0.18797045821658723,-0.4303628237699172,0,6,6,6,12.333333333333334,0,0,6,6,6,10.666666666666666,0,0,1,0,1.0,1.0,1.0,1.0,2,True,False,False,False,False,True,False,False,True,False,False,False,False,False,False,False,False,False,False,False,False,False,True,False,True,True,False
-0.5540677512436588,0.7876553763891605,0.25012359205554346,-0.4303628237699172,0,7,8,7,12.847142857142858,0,0,8,10,8,13.788888888888888,0,0,1,0,1.0,1.0,1.1428571428571428,1.25,2,True,False,False,True,False,False,False,False,False,False,False,False,False,False,False,False,False,False,False,False,False,False,True,False,True,False,False
0.2071731591606723,0.33265633805298966,-0.04683026961946761,-0.562167955812708,0,7,9,6,12.339999999999998,0,0,8,9,8,13.01875,0,0,1,0,0.8571428571428571,1.0,1.2857142857142858,1.125,2,True,False,False,True,False,False,False,False,False,False,False,False,False,False,True,False,False,False,False,False,False,False,True,False,True,True,False
-0.5540677512436588,0.5601558572210751,0.8992785454846383,-0.562167955812708,0,6,10,5,12.666666666666666,0,0,6,19,4,11.75,0,0,0,0,0.8333333333333334,0.6666666666666666,1.6666666666666667,3.1666666666666665,1,True,False,False,True,False,False,True,False,False,True,True,False,False,False,False,True,False,False,False,True,False,False,True,False,True,False,False
-0.5540677512436588,0.03690696313447821,-1.5177877704747558,-0.4303628237699172,0,6,6,6,13.833333333333334,0,0,6,6,6,12.5,0,0,0,0,1.0,1.0,1.0,1.0,2,True,False,False,False,False,True,False,False,False,False,True,False,False,False,True,False,False,False,True,False,False,False,True,False,True,False,False
0.2071731591606723,-1.2598402961236081,-0.8548210095258938,-0.562167955812708,0,5,15,2,10.75,0,0,5,11,2,10.0,0,0,1,0,0.4,0.4,3.0,2.2,0,True,False,False,False,False,False,False,False,False,False,False,False,False,False,True,False,False,False,False,True,False,False,True,False,True,False,False
2.4908958903736655,-1.1840071230675797,-0.8548210095258938,-0.562167955812708,0,6,11,4,13.25,0,0,6,10,4,10.25,0,0,1,0,0.6666666666666666,0.6666666666666666,1.8333333333333333,1.6666666666666667,0,True,False,False,False,False,True,False,False,False,False,False,False,False,False,False,False,False,False,False,False,False,False,True,False,True,False,False
-0.5540677512436588,0.33265633805298966,0.2777472070950798,-0.6939730878554988,0,8,8,8,13.73125,0,0,8,8,8,13.73125,0,0,1,0,1.0,1.0,1.0,1.0,2,True,False,False,True,False,False,False,False,False,False,False,False,False,False,False,False,False,False,True,False,False,False,True,False,True,True,False
1.7296549799693344,-1.2598402961236081,-1.2415516200793966,-0.034947427641544786,0,6,6,6,13.333333333333334,0,0,6,8,3,12.666666666666666,0,0,1,0,1.0,0.5,1.0,1.3333333333333333,0,True,False,False,False,False,True,False,False,False,False,False,False,False,False,False,False,False,False,False,False,False,False,False,False,True,True,False
-0.5540677512436588,0.03690696313447821,0.34680624469391963,-0.2985576917271264,0,6,8,5,12.0,0,0,6,9,5,10.8,0,0,1,0,0.8333333333333334,0.8333333333333334,1.3333333333333333,1.5,0,True,False,False,False,False,True,False,False,False,False,False,False,False,False,False,False,False,False,False,False,False,False,True,False,True,False,False
-0.5540677512436588,-0.19817587333920963,0.20868816949623997,-0.034947427641544786,5,9,10,9,10.88888888888889,0,3,8,10,6,11.333333333333334,0,0,1,0,1.0,0.75,1.1111111111111112,1.25,2,True,False,True,False,False,True,True,False,False,True,False,False,False,False,False,False,False,False,False,False,False,False,True,False,True,False,False
0.9684140695650034,-2.0181720266838927,-1.2070221012799767,-0.562167955812708,0,7,8,7,13.025,0,0,8,9,8,13.811111111111112,0,0,1,0,1.0,1.0,1.1428571428571428,1.125,2,True,False,False,True,False,False,False,False,False,False,False,False,False,False,False,False,False,False,False,False,False,False,True,False,True,False,False
0.2071731591606723,-0.577341738619352,-0.7650442606474013,-0.6939730878554988,0,6,6,6,13.0,0,0,6,6,6,14.166666666666666,0,0,1,0,1.0,1.0,1.0,1.0,2,True,False,False,False,False,True,False,False,False,False,False,False,False,False,True,False,False,False,False,False,False,False,True,False,True,False,False
-0.5540677512436588,0.10515681888490426,0.3191826296543833,-0.562167955812708,0,6,10,5,11.8,0,0,6,10,5,12.0,0,0,1,0,0.8333333333333334,0.8333333333333334,1.6666666666666667,1.6666666666666667,2,True,False,False,False,False,True,False,False,False,False,False,False,False,False,False,False,False,False,False,False,False,False,True,False,True,False,False
-0.5540677512436588,0.03690696313447821,-0.48190220649215837,0.22866283644403682,0,8,8,7,12.042857142857144,0,0,8,8,7,12.042857142857144,0,1,1,0,0.875,0.875,1.0,1.0,2,True,False,False,True,False,False,False,True,False,False,False,False,False,False,False,False,False,False,False,False,False,False,False,False,True,True,False
0.2071731591606723,-1.1840071230675797,-1.1932102937602085,-0.562167955812708,0,6,9,5,12.2,0,0,6,10,4,13.0,0,0,1,0,0.8333333333333334,0.6666666666666666,1.5,1.6666666666666667,1,True,False,False,False,False,True,False,False,False,False,False,False,False,False,True,False,False,False,False,False,False,False,True,False,True,False,False
-0.5540677512436588,0.25682316499696123,0.6506660101288153,-0.562167955812708,0,7,8,7,12.8375,0,0,8,8,8,15.5,0,0,1,0,1.0,1.0,1.1428571428571428,1.0,2,True,False,False,True,False,False,False,False,False,False,False,False,False,False,True,False,False,False,False,False,False,False,False,False,True,True,False
-0.5540677512436588,-0.9565076038994943,-0.48190220649215837,0.09685770440124603,0,7,13,7,11.0,0,0,8,13,7,11.7,0,1,1,1,1.0,0.875,1.8571428571428572,1.625,2,True,False,False,True,False,False,False,True,False,False,False,False,False,False,False,False,False,False,False,False,False,False,False,True,True,True,False
-0.5540677512436588,0.18098999194093274,0.3882416672532231,-0.6939730878554988,0,6,7,6,13.5,0,0,6,9,5,14.0,0,0,1,0,1.0,0.8333333333333334,1.1666666666666667,1.5,2,True,False,False,False,False,False,False,False,False,False,False,False,False,False,False,False,False,False,False,False,False,False,True,False,True,True,False
2.4908958903736655,-0.8048412577874374,-0.9722213734439208,-0.562167955812708,0,6,8,6,12.125,0,0,6,7,6,12.714285714285714,0,0,1,0,1.0,1.0,1.3333333333333333,1.1666666666666667,2,True,False,False,False,False,True,False,False,False,False,False,False,False,False,False,False,False,False,True,False,False,False,True,False,True,True,False
2.4908958903736655,1.0909880686132745,0.5056420311712521,-0.6939730878554988,0,8,12,7,12.62857142857143,0,0,8,12,7,12.62857142857143,0,0,1,0,0.875,0.875,1.5,1.5,2,True,False,False,True,False,False,False,False,False,False,False,False,False,False,False,False,False,False,False,False,False,False,False,False,True,True,False
-0.5540677512436588,-0.9565076038994943,-0.2609132861758707,0.4922731005296184,0,5,9,3,10.666666666666666,0,0,5,7,4,11.4,0,1,1,0,0.6,0.8,1.8,1.4,1,True,False,True,False,False,False,False,True,False,False,False,False,False,False,False,False,False,False,True,False,False,False,False,False,True,False,False
0.9684140695650034,-0.8806744308434659,-0.6752675117689096,-0.562167955812708,0,6,11,5,11.2,0,0,6,13,5,11.6,0,0,1,0,0.8333333333333334,0.8333333333333334,1.8333333333333333,2.1666666666666665,2,True,False,False,False,False,True,False,False,False,False,False,False,False,False,True,False,False,False,True,False,False,False,False,False,True,False,False
-0.5540677512436588,0.18098999194093274,0.1948763619764728,-0.6939730878554988,0,6,6,6,12.666666666666666,0,0,6,6,6,11.833333333333334,0,0,1,0,1.0,1.0,1.0,1.0,0,True,False,False,False,False,True,False,False,False,False,False,False,False,False,False,True,False,False,False,True,False,False,False,False,True,True,False
-0.5540677512436588,-0.19817587333920963,2.142341222263755,1.414909024829154,0,6,7,4,13.5,0,0,6,6,0,0.0,6,1,1,1,0.6666666666666666,0.0,1.1666666666666667,1.0,0,False,False,False,False,False,False,False,True,False,False,False,False,False,False,False,False,False,False,False,False,True,False,False,True,False,False,False
3.2521368007779965,-0.3498422194512666,-0.7236088380880977,-0.6939730878554988,0,5,9,3,11.666666666666666,0,0,5,15,2,11.0,0,0,1,0,0.6,0.4,1.8,3.0,1,True,False,False,False,False,False,False,False,False,False,False,False,False,False,False,False,False,False,False,False,False,False,False,False,True,False,False
-0.5540677512436588,-0.2740090463952381,-0.4128431688933185,-0.6939730878554988,0,5,8,2,10.5,0,0,5,7,3,12.333333333333334,0,0,1,0,0.4,0.6,1.6,1.4,1,True,False,False,False,False,False,False,False,False,False,False,False,False,False,True,False,False,False,False,False,False,False,True,False,True,False,False
0.9684140695650034,0.7876553763891605,0.4711125123718321,-0.6939730878554988,0,8,8,8,14.26875,0,0,8,8,8,14.26875,0,0,1,0,1.0,1.0,1.0,1.0,1,True,False,False,True,False,False,False,False,False,False,False,False,False,False,False,False,False,False,False,False,False,False,True,False,True,False,False
0.2071731591606723,-1.866505680571836,-0.8271973944863575,-0.4303628237699172,0,6,0,0,0.0,0,0,6,0,0,0.0,0,0,1,1,0.0,0.0,0.0,0.0,0,True,False,False,False,False,True,False,False,False,False,False,False,False,False,False,False,False,False,False,False,False,False,True,True,False,False,False
-0.5540677512436588,-0.19817587333920963,0.33299443717415245,-0.562167955812708,0,5,8,2,10.5,0,0,5,11,3,13.333333333333334,0,0,1,0,0.4,0.6,1.6,2.2,1,True,False,False,False,False,False,False,False,False,False,False,False,False,False,False,False,False,False,False,False,False,False,True,False,True,True,False
-0.5540677512436588,0.18098999194093274,-0.4128431688933185,-0.2985576917271264,0,6,11,5,11.2,0,0,6,15,1,10.0,0,0,1,0,0.8333333333333334,0.16666666666666666,1.8333333333333333,2.5,1,True,False,False,False,False,True,False,False,False,False,False,False,False,False,False,True,False,False,True,False,False,False,False,False,True,False,False
-0.5540677512436588,0.5601558572210751,1.7556106117102526,0.3604679684868276,0,5,5,5,12.0,0,0,5,6,5,14.833333333333334,0,1,1,0,1.0,1.0,1.0,1.2,2,False,False,True,False,False,False,False,True,True,False,False,False,False,False,False,False,False,False,False,False,False,False,False,False,True,False,False
0.2071731591606723,-0.9565076038994943,-1.1586807749607886,0.4922731005296184,0,7,9,7,12.228571428571428,0,1,8,10,8,13.2125,0,1,1,0,1.0,1.0,1.2857142857142858,1.25,2,True,False,False,True,False,False,False,True,False,False,False,False,False,False,True,False,False,False,False,True,False,False,False,False,True,False,False
-0.5540677512436588,-1.1840071230675797,-0.9307859508846172,-0.4303628237699172,0,5,6,4,11.5,0,0,5,5,4,10.75,0,0,1,0,0.8,0.8,1.2,1.0,2,True,False,False,False,False,False,False,False,False,False,False,False,False,False,True,False,False,False,False,True,False,False,True,False,True,False,False
-0.5540677512436588,1.3943207608373882,1.203138310919534,-0.6939730878554988,0,6,8,6,15.375,0,0,6,7,6,16.428571428571427,0,0,1,0,1.0,1.0,1.3333333333333333,1.1666666666666667,2,True,False,False,False,False,True,False,False,False,False,False,False,False,False,True,False,False,False,False,False,True,False,True,False,True,False,False
-0.5540677512436588,0.5601558572210751,1.1271733695608104,-0.034947427641544786,7,12,19,9,13.666666666666666,0,4,9,15,6,13.5,0,0,1,1,0.75,0.6666666666666666,1.5833333333333333,1.6666666666666667,1,True,False,False,True,False,False,True,False,False,True,False,False,False,False,True,False,False,False,True,False,False,False,True,False,False,False,False
-0.5540677512436588,0.03690696313447821,-1.863082958468955,0.09685770440124603,0,8,11,7,12.614285714285714,0,0,8,11,7,12.614285714285714,0,1,0,0,0.875,0.875,1.375,1.375,2,True,False,False,True,False,False,False,True,False,False,False,False,True,False,True,False,False,False,False,True,False,False,False,False,True,False,False
-0.5540677512436588,-0.19817587333920963,-0.04683026961946761,-0.562167955812708,3,6,7,5,12.2,0,2,6,6,6,11.5,0,0,1,0,0.8333333333333334,1.0,1.1666666666666667,1.0,2,True,False,False,False,False,True,True,False,False,True,False,False,False,False,False,False,False,False,False,False,False,False,True,False,True,True,False
-0.5540677512436588,-0.577341738619352,-0.7650442606474013,-0.562167955812708,0,6,13,4,11.75,0,0,6,10,4,11.0,0,0,1,0,0.6666666666666666,0.6666666666666666,2.1666666666666665,1.6666666666666667,2,True,False,False,False,False,True,False,False,False,False,False,False,False,False,False,True,False,False,True,False,False,False,False,False,True,False,False
1.7296549799693344,-0.577341738619352,-0.8341032982462411,-0.562167955812708,0,6,9,5,11.4,0,0,6,9,3,10.0,0,0,1,1,0.8333333333333334,0.5,1.5,1.5,1,True,False,False,False,False,True,False,False,False,False,False,False,False,False,False,False,False,False,False,False,False,False,True,True,True,True,False
-0.5540677512436588,0.18098999194093274,-0.4128431688933185,-0.6939730878554988,0,6,10,5,10.6,0,0,6,14,2,10.0,0,0,1,1,0.8333333333333334,0.3333333333333333,1.6666666666666667,2.3333333333333335,1,True,False,False,False,False,True,False,False,False,False,False,False,False,False,True,False,False,False,False,False,False,False,False,True,True,False,False
-0.5540677512436588,-0.8806744308434659,-1.0136567960032252,-0.16675255968433558,14,16,16,13,10.923076923076923,0,13,13,13,11,11.454545454545457,0,0,1,0,0.8125,0.8461538461538461,1.0,1.0,2,True,False,True,False,False,True,False,True,False,False,False,False,False,False,True,False,False,False,False,False,False,False,False,False,True,False,False
-0.5540677512436588,0.6359890302771035,0.001511056699720468,-0.4303628237699172,0,6,6,5,12.4,0,0,6,9,5,12.4,0,0,1,0,0.8333333333333334,0.8333333333333334,1.0,1.5,2,True,False,False,False,False,True,False,True,False,False,False,False,False,False,True,False,False,False,False,False,False,False,False,False,True,False,False
-0.5540677512436588,-0.19817587333920963,-0.48190220649215837,0.22866283644403682,0,6,6,0,0.0,0,0,6,6,0,0.0,0,1,1,0,0.0,0.0,1.0,1.0,0,True,False,False,False,False,True,False,True,False,False,False,False,False,False,False,False,False,False,False,False,False,False,False,False,True,False,False
-0.5540677512436588,3.593482779462214,3.6616400494382315,-0.2985576917271264,0,6,6,6,15.833333333333334,0,0,6,8,6,15.5,0,0,0,0,1.0,1.0,1.0,1.3333333333333333,2,True,False,False,False,False,True,True,False,False,True,False,False,True,False,True,False,False,False,False,True,False,False,False,False,True,False,False
-0.5540677512436588,-1.1840071230675797,-0.6614557042491415,-0.562167955812708,0,7,12,5,11.8,0,0,7,9,6,11.708333333333334,0,0,1,0,0.7142857142857143,0.8571428571428571,1.7142857142857142,1.2857142857142858,1,True,False,False,True,False,False,False,False,False,False,False,False,False,False,False,False,False,False,False,False,False,False,True,False,True,False,False
1.7296549799693344,-0.425675392507295,-0.7719501644072858,-0.6939730878554988,0,6,7,6,12.571428571428571,0,0,6,6,6,13.666666666666666,0,0,1,0,1.0,1.0,1.1666666666666667,1.0,2,True,False,False,False,False,True,False,False,False,False,False,False,False,False,True,False,False,False,False,True,False,False,True,False,True,False,False
0.9684140695650034,-0.5015085655633235,0.6575719138886988,-0.6939730878554988,0,5,7,3,12.0,0,0,5,7,4,13.25,1,0,1,0,0.6,0.8,1.4,1.4,2,True,False,False,False,False,False,False,False,False,False,False,False,False,False,False,False,True,False,False,False,True,False,True,False,True,False,False
0.9684140695650034,0.7876553763891605,0.13962913189740012,-0.562167955812708,0,7,8,7,13.3625,0,0,8,9,8,14.444444444444445,0,0,0,0,1.0,1.0,1.1428571428571428,1.125,2,True,True,False,True,False,False,False,False,False,False,True,False,True,False,False,False,False,False,False,False,False,False,True,False,True,False,False
-0.5540677512436588,0.8634885494451889,0.7335368552474223,-0.562167955812708,0,5,6,5,15.4,0,0,5,5,5,16.0,0,0,0,0,1.0,1.0,1.2,1.0,2,True,False,False,True,False,False,False,False,False,False,True,False,True,False,False,False,False,False,False,False,False,False,True,False,True,True,True
0.2071731591606723,-0.5015085655633235,0.17415865069682004,-0.6939730878554988,0,6,9,5,12.2,0,0,6,9,4,11.75,0,0,1,1,0.8333333333333334,0.6666666666666666,1.5,1.5,0,True,False,False,False,False,True,False,False,False,False,False,False,False,False,True,False,False,False,True,False,False,False,True,True,False,False,False
-0.5540677512436588,0.5601558572210751,0.1465350356572837,-0.4303628237699172,6,11,11,11,12.818181818181818,0,6,11,11,11,13.545454545454543,0,0,1,0,1.0,1.0,1.0,1.0,2,True,False,False,False,False,True,False,True,False,True,False,False,False,False,True,False,False,False,False,False,False,False,True,False,True,True,False
2.4908958903736655,1.166821241669303,0.22249997701600713,-0.562167955812708,0,7,0,0,0.0,0,0,8,0,0,0.0,0,0,1,0,0.0,0.0,0.0,0.0,0,True,False,False,True,False,False,False,False,False,False,False,False,False,False,True,False,False,False,False,False,False,False,True,False,True,False,False
-0.5540677512436588,-2.473171065020064,0.5056420311712521,0.6240782325724092,12,17,21,17,13.394736842105264,0,11,17,19,17,13.554736842105264,0,1,1,0,1.0,1.0,1.2352941176470589,1.1176470588235294,2,True,False,False,True,False,False,False,True,False,False,False,False,False,False,True,False,False,False,False,False,False,False,True,False,True,False,False
-0.5540677512436588,1.3943207608373882,0.7887840853264949,-0.4303628237699172,0,6,8,6,14.25,0,0,6,8,6,11.0,0,0,1,0,1.0,1.0,1.3333333333333333,1.3333333333333333,2,True,False,False,False,False,True,False,False,False,False,False,False,False,False,False,False,False,False,False,False,False,False,True,False,True,True,False
-0.5540677512436588,-0.9565076038994943,-0.48190220649215837,0.8876884966579909,9,11,19,9,13.444444444444445,1,5,7,7,7,14.714285714285714,0,1,1,0,0.8181818181818182,1.0,1.7272727272727273,1.0,0,True,False,True,False,False,True,False,True,False,False,False,False,False,False,False,False,False,True,False,False,False,False,True,False,True,False,False
1.7296549799693344,0.18098999194093274,-0.24019557489621893,-0.562167955812708,0,7,8,7,12.285714285714286,0,0,8,10,8,11.7375,0,0,1,0,1.0,1.0,1.1428571428571428,1.25,2,True,False,False,True,False,False,False,False,False,False,False,False,False,False,False,False,False,False,False,False,False,False,True,False,True,True,False
0.2071731591606723,-0.8806744308434659,-0.7512324531276341,-0.16675255968433558,0,6,7,6,11.666666666666666,0,0,6,7,5,13.2,0,0,1,0,1.0,0.8333333333333334,1.1666666666666667,1.1666666666666667,2,True,False,False,False,False,True,False,False,False,False,False,False,False,False,False,True,False,False,False,True,False,False,True,False,True,False,False
-0.5540677512436588,-1.2598402961236081,-1.117245352401485,-0.6939730878554988,0,6,8,6,12.166666666666666,0,0,6,6,6,13.5,0,0,1,0,1.0,1.0,1.3333333333333333,1.0,2,True,False,False,False,False,False,False,False,False,False,False,False,False,False,True,False,False,False,False,False,False,False,True,False,True,False,False
-0.5540677512436588,1.0909880686132745,1.0926438507613905,-0.034947427641544786,0,6,11,2,10.0,0,0,6,15,2,11.0,0,0,1,0,0.3333333333333333,0.3333333333333333,1.8333333333333333,2.5,0,True,False,False,False,False,True,False,False,False,False,False,False,False,False,False,False,False,False,False,False,False,False,True,False,True,False,False
1.7296549799693344,2.0768193183416446,1.9696936282666557,-0.6939730878554988,0,6,6,6,14.0,0,0,6,6,6,15.0,0,0,1,0,1.0,1.0,1.0,1.0,2,True,False,False,False,False,True,False,False,False,False,False,False,False,False,True,False,False,False,False,False,False,False,True,False,True,False,False
-0.5540677512436588,0.02932364582887579,-0.019206654579931284,-0.6939730878554988,0,6,9,5,11.833333333333334,0,0,6,6,4,12.0,0,0,1,0,0.8333333333333334,0.6666666666666666,1.5,1.0,1,True,False,False,False,False,True,False,False,False,False,False,False,False,False,False,False,False,False,False,False,False,False,True,False,True,False,False
-0.5540677512436588,-2.473171065020064,2.5221659290573744,3.5237911375138067,0,6,7,1,15.0,0,0,5,12,0,0.0,0,1,1,1,0.16666666666666666,0.0,1.1666666666666667,2.4,0,False,True,False,False,False,True,False,True,False,False,False,False,False,False,False,False,True,False,False,False,True,False,False,True,False,False,False
-0.5540677512436588,1.3943207608373882,2.411671468899231,-0.562167955812708,0,0,0,0,0.0,0,0,0,0,0,0.0,0,0,0,0,0.0,0.0,0.0,0.0,2,True,False,False,False,False,True,False,False,False,False,True,False,True,False,False,True,False,False,True,False,False,False,True,False,True,True,True
0.2071731591606723,-0.6531749116753804,-0.2540073824159871,-0.16675255968433558,0,6,7,6,10.833333333333334,0,0,6,6,6,10.666666666666666,0,0,1,0,1.0,1.0,1.1666666666666667,1.0,2,True,False,False,False,False,False,False,False,False,False,False,False,False,False,False,False,False,False,False,False,False,False,True,False,True,False,True
-0.5540677512436588,0.5601558572210751,0.7266309514875386,-0.034947427641544786,3,6,7,6,13.142857142857142,0,2,6,6,6,14.0,0,0,1,1,1.0,1.0,1.1666666666666667,1.0,2,True,False,False,False,False,True,True,False,False,True,False,False,False,False,True,False,False,False,False,False,False,False,False,True,True,True,True
1.7296549799693344,2.8351510489019294,2.7362489456137773,-0.4303628237699172,2,5,8,5,14.4,1,0,5,6,5,14.0,0,0,1,1,1.0,1.0,1.6,1.2,0,True,False,False,True,False,False,False,False,False,False,False,False,False,False,True,False,False,False,True,False,False,False,False,True,False,True,False
-0.5540677512436588,0.03690696313447821,-1.6213763268730155,2.732960345257062,0,6,0,0,0.0,0,0,6,0,0,0.0,0,1,1,1,0.0,0.0,0.0,0.0,0,False,False,False,False,False,True,False,True,False,False,False,False,False,False,False,False,False,False,False,False,False,False,False,False,False,False,False
-0.5540677512436588,0.03690696313447821,-1.1724925824805565,3.3919860054710163,6,12,17,7,12.0,0,3,12,19,9,11.22222222222222,0,1,1,0,0.5833333333333334,0.75,1.4166666666666667,1.5833333333333333,2,False,True,False,False,False,True,False,True,False,False,False,False,False,False,False,False,False,False,False,False,False,False,False,False,True,False,False
-0.5540677512436588,-2.473171065020064,0.08438190181832748,2.9965706093426436,6,10,13,9,12.2,0,4,10,12,10,12.8,0,1,1,0,0.9,1.0,1.3,1.2,2,False,True,True,False,False,False,False,True,False,False,False,False,False,False,False,False,False,False,False,False,False,False,False,False,True,False,False
-0.5540677512436588,-0.9565076038994943,0.7404427590073058,2.3375449491286897,3,3,3,3,12.333333333333334,0,2,2,2,2,11.0,0,1,1,1,1.0,1.0,1.0,1.0,0,True,True,False,True,False,False,False,True,False,True,False,False,False,False,False,True,False,False,False,False,False,False,True,False,False,False,False
0.9684140695650034,0.02932364582887579,0.12581732437763296,-0.6939730878554988,0,7,8,7,11.8375,0,0,8,9,8,12.48125,0,0,1,0,1.0,1.0,1.1428571428571428,1.125,2,True,True,False,True,False,False,False,False,False,False,False,False,False,False,False,False,False,False,False,False,False,False,True,False,True,False,False
-0.5540677512436588,-0.9565076038994943,2.971049673449833,2.6011552132142715,0,5,5,5,11.8,0,0,5,6,5,14.0,0,1,1,0,1.0,1.0,1.0,1.2,2,False,True,True,False,False,False,False,True,False,False,False,False,False,False,False,False,False,False,False,True,False,False,False,False,True,False,False
0.2071731591606723,0.03690696313447821,-0.7305147418479814,6.159893778369623,0,5,5,0,0.0,0,0,5,9,0,0.0,0,1,1,1,0.0,0.0,1.0,1.8,0,False,True,False,False,False,False,False,True,False,False,False,False,False,False,False,False,False,False,False,False,False,False,False,True,False,False,False
-0.5540677512436588,0.03690696313447821,-1.8009298246299987,3.2601808734282254,0,6,0,0,0.0,0,0,6,0,0,0.0,0,1,1,0,0.0,0.0,0.0,0.0,0,False,True,False,False,False,True,False,True,False,False,False,False,False,False,False,False,False,False,True,False,False,False,False,False,True,False,False
-0.5540677512436588,0.03690696313447821,0.6230423950892789,2.3375449491286897,18,19,19,19,12.68421052631579,0,12,13,13,13,12.384615384615383,0,1,1,0,1.0,1.0,1.0,1.0,2,False,True,False,False,False,True,False,True,False,False,False,False,False,False,False,False,False,False,False,False,False,False,False,False,True,False,False
-0.5540677512436588,0.5601558572210751,0.20868816949623997,-0.2985576917271264,0,6,8,6,12.571428571428571,0,0,6,10,4,13.0,0,0,1,0,1.0,0.6666666666666666,1.3333333333333333,1.6666666666666667,1,True,True,False,False,False,False,False,False,False,False,False,False,False,False,False,False,False,False,False,True,False,False,False,False,True,False,False
-0.5540677512436588,-2.473171065020064,-1.863082958468955,1.546714156871945,0,7,18,3,11.25,0,0,7,7,0,0.0,0,1,1,1,0.42857142857142855,0.0,2.5714285714285716,1.0,0,True,True,False,False,True,False,False,True,False,False,False,False,False,False,False,False,False,False,False,False,False,False,False,True,False,False,True
-0.5540677512436588,0.03690696313447821,2.073282184664915,2.732960345257062,1,5,13,4,14.0,3,1,5,9,4,15.5,2,1,0,0,0.8,0.8,2.6,1.8,2,False,True,False,False,False,True,False,True,False,False,True,False,False,False,False,True,False,False,False,False,False,False,True,False,True,False,False
-0.5540677512436588,0.7876553763891605,1.7348929004305997,-0.6939730878554988,0,5,15,4,13.333333333333334,0,0,5,6,2,13.5,0,0,0,1,0.8,0.4,3.0,1.2,0,True,True,False,False,False,False,False,False,False,False,True,False,False,False,True,False,False,False,True,False,False,False,True,True,True,False,False
-0.5540677512436588,2.4559851836217867,2.480730506498071,2.8647654772998528,0,6,7,6,13.666666666666666,0,0,6,6,6,13.666666666666666,0,1,1,0,1.0,1.0,1.1666666666666667,1.0,2,False,True,True,False,False,True,False,False,False,False,False,False,False,False,False,False,True,False,False,False,True,False,True,False,True,False,False
-0.5540677512436588,1.6218202800054737,0.7059132402078859,-0.4303628237699172,0,6,12,3,10.0,0,0,6,9,5,10.8,0,0,0,0,0.5,0.8333333333333334,2.0,1.5,1,True,True,False,False,False,False,False,False,False,False,True,False,False,False,False,True,False,False,False,True,False,False,False,False,True,False,False
-0.5540677512436588,0.5601558572210751,0.8992785454846383,-0.16675255968433558,0,6,12,5,12.6,0,0,6,11,6,11.714285714285714,0,0,1,0,0.8333333333333334,1.0,2.0,1.8333333333333333,2,True,True,False,False,False,True,True,False,False,True,False,False,False,False,False,False,False,False,False,True,False,False,True,False,True,False,False
-0.5540677512436588,0.5601558572210751,1.348162289877097,2.073934685043108,0,5,10,3,17.333333333333332,0,0,5,11,1,17.0,0,1,1,0,0.6,0.2,2.0,2.2,0,True,True,False,False,True,False,False,True,False,False,False,False,False,False,True,False,False,False,False,False,False,False,False,False,True,False,False
-0.5540677512436588,-0.19817587333920963,0.20868816949623997,-0.4303628237699172,2,6,10,5,13.2,0,1,6,21,3,12.0,0,0,0,1,0.8333333333333334,0.5,1.6666666666666667,3.5,1,True,True,False,True,False,False,True,False,False,True,True,False,True,False,False,False,False,False,False,False,False,False,False,False,False,False,False
-0.5540677512436588,0.03690696313447821,0.0705700942985603,3.3919860054710163,0,5,9,3,14.0,0,0,5,8,3,13.666666666666666,0,1,1,0,0.6,0.6,1.8,1.6,0,False,True,False,False,False,False,False,True,False,False,False,False,False,False,False,False,False,False,False,True,False,False,False,False,True,False,False
-0.5540677512436588,4.351814510022499,4.3522304254266295,2.6011552132142715,4,4,4,4,13.875,0,1,1,1,1,12.5,0,1,0,0,1.0,1.0,1.0,1.0,0,True,True,False,True,False,False,True,False,True,False,True,False,True,False,False,True,False,False,False,True,False,False,True,False,True,False,False
-0.5540677512436588,-0.9565076038994943,0.4296770898125266,1.1512987607435725,0,5,5,0,0.0,0,0,5,5,0,0.0,0,1,1,0,0.0,0.0,1.0,1.0,0,False,True,True,False,False,False,False,True,False,False,False,False,False,False,False,False,False,False,False,False,False,False,True,False,True,False,False
-0.5540677512436588,-2.473171065020064,-0.18494834481714728,3.1283757413854345,3,9,9,9,13.11111111111111,0,3,7,7,7,14.857142857142858,0,1,1,0,1.0,1.0,1.0,1.0,2,True,True,False,False,False,True,False,True,False,True,False,False,False,False,False,False,False,False,False,False,False,False,False,False,True,False,False
-0.5540677512436588,-0.9565076038994943,0.7680663740468422,1.8103244209575264,0,5,8,5,13.0,0,0,5,11,4,13.333333333333334,2,1,1,0,1.0,0.8,1.6,2.2,0,False,True,True,False,False,False,False,True,False,False,False,False,False,False,False,False,False,False,False,False,False,False,False,False,True,True,False
-0.5540677512436588,0.03690696313447821,1.1962324071596504,2.3375449491286897,6,10,10,10,12.5,0,3,7,7,7,12.142857142857142,0,1,1,0,1.0,1.0,1.0,1.0,2,False,True,True,False,False,True,False,True,False,False,False,False,False,False,True,False,False,False,False,False,False,False,False,False,True,False,False
-0.5540677512436588,1.3184875877813598,0.8992785454846383,4.8418424579417145,17,18,18,18,14.11111111111111,0,11,13,13,13,14.23076923076923,0,1,1,0,1.0,1.0,1.0,1.0,2,False,True,False,False,False,True,False,True,False,False,False,False,False,False,False,False,False,False,False,False,False,False,False,False,True,False,False
-0.5540677512436588,-0.9565076038994943,1.4724685575550096,3.1283757413854345,6,11,11,11,14.727272727272728,0,6,9,9,9,15.77777777777778,0,1,1,0,1.0,1.0,1.0,1.0,2,False,True,False,False,False,False,False,True,False,False,False,False,False,False,False,False,False,False,False,False,False,False,False,False,True,False,False
-0.5540677512436588,0.03690696313447821,-2.1393191088643144,3.5237911375138067,0,6,6,0,0.0,0,0,5,6,0,0.0,0,1,1,1,0.0,0.0,1.0,1.2,0,True,True,True,False,False,True,False,True,False,False,False,False,False,False,False,False,False,False,False,False,False,False,False,True,False,False,False
-0.5540677512436588,0.03690696313447821,-0.36450184257413043,2.8647654772998528,0,5,5,0,0.0,0,0,5,5,0,0.0,0,1,1,0,0.0,0.0,1.0,1.0,0,False,True,True,False,False,False,False,True,False,False,False,False,False,False,False,False,False,True,False,False,False,True,True,False,True,False,False
-0.5540677512436588,-2.473171065020064,2.280459297461435,2.8647654772998528,0,5,5,0,0.0,0,0,5,5,0,0.0,0,1,1,1,0.0,0.0,1.0,1.0,0,True,True,False,False,True,False,False,True,False,False,False,False,False,False,False,False,False,False,False,False,False,False,False,True,False,False,False
-0.5540677512436588,0.03690696313447821,-1.1517748712009048,1.2831038927863632,0,5,7,4,13.5,0,0,5,6,5,11.6,0,1,1,0,0.8,1.0,1.4,1.2,2,False,True,False,True,False,False,False,True,False,False,False,False,False,False,False,False,False,True,False,False,False,True,False,False,True,False,False
-0.5540677512436588,0.7876553763891605,0.13962913189740012,-0.6939730878554988,0,8,8,7,13.105714285714283,0,0,8,8,7,13.105714285714283,0,0,0,0,0.875,0.875,1.0,1.0,2,True,True,False,True,False,False,False,False,False,False,True,False,True,False,False,True,False,False,False,True,False,False,False,False,True,False,False
-0.5540677512436588,-0.9565076038994943,1.5898689214730366,2.6011552132142715,0,5,8,5,13.5,2,0,5,5,5,14.4,0,1,1,0,1.0,1.0,1.6,1.0,2,False,True,False,True,False,False,False,True,False,False,False,False,False,False,False,False,False,False,False,False,False,False,False,False,True,False,False
-0.5540677512436588,2.152652491397673,-1.863082958468955,2.732960345257062,9,13,18,13,11.846153846153848,0,9,11,11,11,12.0,0,1,1,0,1.0,1.0,1.3846153846153846,1.0,2,True,True,True,False,False,True,False,True,False,False,False,False,False,False,True,False,False,False,False,False,False,False,False,False,True,False,False
-0.5540677512436588,0.03690696313447821,-1.3451401764776563,0.7558833646152,0,5,5,0,0.0,0,0,5,5,0,0.0,0,1,1,0,0.0,0.0,1.0,1.0,0,True,True,False,False,False,True,False,True,False,False,False,False,False,False,False,False,True,False,False,False,False,True,False,False,True,False,False
-0.5540677512436588,0.5601558572210751,2.971049673449833,3.9192065336421793,0,6,11,3,14.333333333333334,0,0,6,6,0,0.0,0,1,0,1,0.5,0.0,1.8333333333333333,1.0,0,False,True,False,False,False,False,False,True,False,False,True,False,False,False,False,True,False,False,False,False,False,False,False,True,False,False,False
-0.5540677512436588,-0.7290080847314089,-0.27472509369563886,1.8103244209575264,0,5,10,5,15.8,0,0,5,5,5,17.6,0,1,1,0,1.0,1.0,2.0,1.0,1,False,True,True,False,False,False,False,True,False,True,False,False,False,False,False,False,False,False,False,False,False,False,False,False,True,False,False
-0.5540677512436588,0.7118222033331321,0.7956899890863786,-0.6939730878554988,0,6,16,5,13.8,0,0,6,7,5,12.4,0,0,1,0,0.8333333333333334,0.8333333333333334,2.6666666666666665,1.1666666666666667,1,True,True,False,False,False,False,False,True,False,False,False,False,False,False,False,False,False,False,False,False,False,False,True,False,True,False,False
-0.5540677512436588,0.03690696313447821,0.8992785454846383,1.546714156871945,3,10,18,6,12.666666666666666,0,1,9,11,3,12.0,2,1,1,1,0.6,0.3333333333333333,1.8,1.2222222222222223,0,True,True,False,False,True,False,False,True,False,False,False,False,False,False,True,False,False,False,True,False,False,False,False,True,True,False,False
-0.5540677512436588,-1.3356734691796368,-0.9238800471247336,-0.034947427641544786,0,6,10,6,13.0,0,0,6,9,6,12.0,0,0,1,0,1.0,1.0,1.6666666666666667,1.5,1,True,True,False,False,False,False,False,False,False,False,False,False,False,False,False,True,False,False,False,False,False,False,False,False,True,False,False
-0.5540677512436588,1.7734866261175306,2.971049673449833,-0.16675255968433558,0,0,0,0,0.0,0,0,0,0,0,0.0,0,0,1,0,0.0,0.0,0.0,0.0,2,True,True,False,False,False,True,False,False,False,False,False,False,False,False,False,False,False,False,True,False,False,False,True,False,True,False,False
-0.5540677512436588,0.5601558572210751,-0.7926678756869375,1.2831038927863632,0,6,6,1,11.0,0,0,6,0,0,0.0,0,1,1,1,0.16666666666666666,0.0,1.0,0.0,0,True,True,True,False,False,True,False,True,False,False,False,False,False,False,False,False,False,True,True,False,False,False,False,False,False,False,False
0.9684140695650034,-0.19817587333920963,0.20868816949623997,2.3375449491286897,0,5,9,0,0.0,4,0,5,9,0,0.0,3,1,1,1,0.0,0.0,1.8,1.8,0,True,True,False,False,False,True,True,False,True,False,False,False,False,False,False,False,False,True,False,False,False,False,False,False,False,False,False
-0.5540677512436588,0.5601558572210751,0.8992785454846383,3.6555962695565976,4,7,7,7,15.2,0,6,8,8,8,16.575,0,1,1,0,1.0,1.0,1.0,1.0,2,False,True,False,True,False,False,True,False,True,False,False,False,False,False,False,False,False,False,False,False,False,False,False,False,True,False,False
-0.5540677512436588,0.5601558572210751,-0.026112558339815857,-0.562167955812708,2,6,7,6,14.428571428571429,0,1,7,8,7,14.375,0,0,0,0,1.0,1.0,1.1666666666666667,1.1428571428571428,2,True,True,False,False,False,False,False,True,False,False,False,False,True,False,False,True,False,False,False,True,False,False,False,False,True,False,False
-0.5540677512436588,0.03690696313447821,1.1202674658009248,1.546714156871945,0,5,5,0,0.0,0,0,5,5,0,0.0,0,1,1,0,0.0,0.0,1.0,1.0,0,True,True,True,False,False,False,False,True,False,False,False,False,False,False,False,False,False,False,False,False,False,False,False,False,True,False,False
0.2071731591606723,-0.12234270028318116,0.30537082213461614,-0.4303628237699172,0,0,0,0,0.0,0,0,0,0,0,0.0,0,0,1,0,0.0,0.0,0.0,0.0,2,True,True,False,False,False,True,False,False,False,False,False,False,False,False,True,False,False,False,False,False,False,False,True,False,True,False,True
-0.5540677512436588,0.6359890302771035,0.4365829935724122,-0.6939730878554988,0,6,13,4,13.75,0,0,6,8,5,11.2,0,0,0,0,0.6666666666666666,0.8333333333333334,2.1666666666666665,1.3333333333333333,1,True,True,False,False,False,False,False,True,False,False,True,False,True,False,False,True,False,False,False,True,False,False,True,False,True,False,False
-0.5540677512436588,-0.9565076038994943,-0.5993025704101862,-0.6939730878554988,0,6,11,5,12.166666666666666,0,0,6,15,3,12.0,0,0,1,1,0.8333333333333334,0.5,1.8333333333333333,2.5,0,True,True,False,False,False,True,False,False,False,False,False,False,False,False,False,False,False,False,False,False,False,False,False,True,False,True,False
-0.5540677512436588,0.5601558572210751,0.8992785454846383,-0.2985576917271264,0,6,12,5,12.142857142857142,0,0,6,11,5,11.666666666666666,0,0,0,0,0.8333333333333334,0.8333333333333334,2.0,1.8333333333333333,2,True,True,False,False,False,True,True,False,False,True,True,False,False,False,True,False,False,False,False,False,False,False,False,False,True,False,False
-0.5540677512436588,-0.04650952722715268,-0.15732472977761094,-0.2985576917271264,0,6,9,6,12.0,0,0,6,8,5,11.6,0,0,1,0,1.0,0.8333333333333334,1.5,1.3333333333333333,2,True,True,False,False,False,False,False,False,False,False,False,False,False,False,False,False,False,False,False,False,False,False,True,False,True,False,False
0.2071731591606723,-0.19817587333920963,0.8992785454846383,1.414909024829154,0,5,10,3,11.666666666666666,1,0,5,7,4,12.75,0,1,1,0,0.6,0.8,2.0,1.4,2,False,True,False,False,False,False,False,True,False,False,False,False,False,False,True,False,False,False,False,False,False,False,False,False,True,False,False
-0.5540677512436588,0.5601558572210751,1.5898689214730366,1.414909024829154,0,6,9,0,0.0,0,0,6,6,0,0.0,0,1,1,0,0.0,0.0,1.5,1.0,0,False,True,False,False,False,True,False,True,False,False,False,False,False,False,False,False,False,False,False,False,False,False,True,False,True,False,False
0.2071731591606723,-1.714839334459779,-0.785761971927054,-0.2985576917271264,0,6,10,6,11.875,0,0,6,8,5,12.0,0,0,0,0,1.0,0.8333333333333334,1.6666666666666667,1.3333333333333333,2,True,True,False,False,False,False,False,False,False,False,True,False,True,False,True,False,False,False,False,False,False,False,True,False,True,False,False
-0.5540677512436588,0.5601558572210751,-0.6959852230485615,1.1512987607435725,6,11,15,7,11.285714285714286,0,5,7,10,6,12.333333333333334,0,1,0,0,0.6363636363636364,0.8571428571428571,1.3636363636363635,1.4285714285714286,1,True,True,False,False,False,True,False,True,False,False,True,False,False,False,False,True,False,False,False,False,False,False,False,False,True,False,False
0.2071731591606723,-0.19817587333920963,-0.24710147865610252,0.8876884966579909,0,6,17,2,10.0,0,0,6,15,3,11.333333333333334,0,1,1,0,0.3333333333333333,0.5,2.8333333333333335,2.5,0,True,True,False,False,False,False,False,False,False,False,False,False,False,False,True,False,False,False,False,False,False,False,True,False,True,False,False
-0.5540677512436588,0.33265633805298966,1.348162289877097,-0.562167955812708,6,12,13,11,12.0,0,4,11,15,10,11.181818181818182,0,0,0,1,0.9166666666666666,0.9090909090909091,1.0833333333333333,1.3636363636363635,1,True,True,False,False,False,True,False,False,False,False,False,False,True,False,False,True,False,False,False,False,False,False,True,True,True,False,False
-0.5540677512436588,1.9251529722295875,-0.6821734155287943,-0.4303628237699172,1,7,7,6,13.833333333333334,0,1,6,7,5,13.0,0,0,1,0,0.8571428571428571,0.8333333333333334,1.0,1.1666666666666667,0,True,True,False,False,False,True,False,True,False,False,False,False,False,False,False,False,False,False,False,False,False,False,True,False,True,False,False
-0.5540677512436588,-0.6531749116753804,-0.9031623358450809,-0.6939730878554988,0,6,0,0,0.0,0,0,6,0,0,0.0,0,0,1,0,0.0,0.0,0.0,0.0,0,True,True,False,False,False,True,False,False,False,False,False,False,False,False,False,False,False,False,False,False,False,False,True,False,True,False,False
-0.5540677512436588,0.25682316499696123,0.1189114206177474,-0.562167955812708,0,6,7,6,14.428571428571429,0,0,6,6,6,12.5,0,0,0,0,1.0,1.0,1.1666666666666667,1.0,2,True,True,False,False,False,False,False,False,False,False,True,False,True,False,False,True,False,False,False,True,False,False,False,False,True,False,False
0.9684140695650034,0.7118222033331321,0.40895937853287584,-0.6939730878554988,0,7,8,5,14.2,0,0,7,9,6,12.4,0,0,0,0,0.7142857142857143,0.8571428571428571,1.1428571428571428,1.2857142857142858,0,True,True,False,True,False,False,False,False,False,False,True,False,True,False,False,True,False,False,False,True,False,False,True,False,True,False,False
-0.5540677512436588,1.3184875877813598,-0.27472509369563886,0.4922731005296184,0,5,8,4,11.5,0,0,5,9,3,10.333333333333334,0,1,1,0,0.8,0.6,1.6,1.8,0,True,True,True,False,False,False,False,True,False,False,False,False,False,False,True,False,False,False,False,False,False,False,False,False,True,False,False
-0.5540677512436588,-0.9565076038994943,0.1948763619764728,3.7874014015993884,0,6,7,5,13.0,0,0,6,6,6,15.0,0,1,1,0,0.8333333333333334,1.0,1.1666666666666667,1.0,2,True,True,False,False,False,True,False,True,False,True,False,False,False,False,False,False,False,False,False,False,False,False,True,False,True,False,False
-0.5540677512436588,1.2426544147253313,2.011129050825959,0.7558833646152,0,6,6,0,0.0,0,0,6,8,0,0.0,0,1,1,1,0.0,0.0,1.0,1.3333333333333333,0,False,True,False,False,False,True,False,True,False,False,False,False,False,False,True,False,False,False,True,False,False,False,True,False,False,False,False
-0.5540677512436588,-0.19817587333920963,-0.48190220649215837,-0.16675255968433558,0,6,12,3,11.333333333333334,0,0,6,13,2,11.0,0,0,1,1,0.5,0.3333333333333333,2.0,2.1666666666666665,0,True,True,False,False,False,True,False,True,False,True,False,False,False,False,True,False,False,False,True,False,False,False,True,True,False,False,False
-0.5540677512436588,-1.714839334459779,-0.6752675117689096,0.6240782325724092,13,18,45,18,12.5,12,10,13,26,12,11.428571428571429,6,1,1,0,1.0,0.9230769230769231,2.5,2.0,2,True,True,False,True,False,False,False,True,False,False,False,False,False,False,False,False,False,False,False,False,False,False,True,False,True,False,True
-0.5540677512436588,0.03690696313447821,-1.3796696952770762,0.8876884966579909,0,5,5,0,0.0,0,0,5,5,0,0.0,0,1,1,0,0.0,0.0,1.0,1.0,0,True,True,False,False,False,False,False,True,False,True,False,False,False,False,False,False,False,True,False,True,False,False,True,False,True,False,False
0.2071731591606723,0.10515681888490426,0.09819370933809662,-0.6939730878554988,0,7,7,7,13.471428571428572,0,0,8,9,8,13.944444444444445,0,0,1,0,1.0,1.0,1.0,1.125,2,True,False,False,True,False,False,False,False,False,False,False,False,False,False,True,False,False,False,False,True,False,False,True,False,True,False,False
0.2071731591606723,-0.19817587333920963,-0.24710147865610252,-0.2985576917271264,0,5,5,4,11.75,0,0,5,5,3,13.333333333333334,0,0,1,0,0.8,0.6,1.0,1.0,2,True,False,False,False,False,False,False,False,False,False,False,False,False,False,True,False,False,False,True,False,False,False,True,False,True,False,False
-0.5540677512436588,0.6359890302771035,-0.019206654579931284,-0.4303628237699172,0,6,9,6,13.333333333333334,0,0,6,10,6,14.666666666666666,0,0,1,1,1.0,1.0,1.5,1.6666666666666667,2,True,False,False,False,False,True,False,False,False,False,False,False,False,False,False,False,False,False,False,False,False,False,True,True,True,True,False
-0.5540677512436588,-0.7290080847314089,-0.27472509369563886,-0.2985576917271264,0,8,8,8,13.105,0,0,8,8,8,13.105,0,0,1,0,1.0,1.0,1.0,1.0,2,True,False,False,True,False,False,False,True,False,False,False,False,False,False,False,True,False,False,False,True,False,False,True,False,True,True,False
-0.5540677512436588,0.03690696313447821,0.7059132402078859,1.1512987607435725,0,5,5,0,0.0,0,0,5,6,0,0.0,0,1,1,1,0.0,0.0,1.0,1.2,0,False,False,True,False,False,False,False,True,False,False,False,False,False,False,False,False,False,False,False,False,False,False,False,True,False,False,False
0.9684140695650034,-0.8048412577874374,-0.07445388465900295,-0.4303628237699172,0,6,6,6,15.5,0,0,6,7,6,12.166666666666666,0,0,1,0,1.0,1.0,1.0,1.1666666666666667,2,True,True,False,False,False,True,False,False,False,False,False,False,False,False,False,False,False,False,False,False,False,False,True,False,True,True,False
1.7296549799693344,-0.04650952722715268,0.7611604702869585,-0.562167955812708,0,0,0,0,0.0,0,0,0,0,0,0.0,0,0,1,1,0.0,0.0,0.0,0.0,0,True,True,False,False,False,True,False,False,False,False,False,False,False,False,True,False,False,False,True,False,False,False,True,True,False,False,False
-0.5540677512436588,0.03690696313447821,0.08438190181832748,-0.6939730878554988,0,6,6,4,11.25,0,0,6,7,3,12.333333333333334,0,0,1,1,0.6666666666666666,0.5,1.0,1.1666666666666667,0,True,True,False,False,False,False,False,True,False,False,False,False,False,False,False,False,False,False,True,False,False,False,False,True,False,False,True
-0.5540677512436588,-0.19817587333920963,-0.03301846209969945,-0.034947427641544786,10,15,24,12,11.0,0,10,14,21,11,11.363636363636363,1,0,0,1,0.8,0.7857142857142857,1.6,1.5,0,True,True,True,False,False,False,False,True,False,False,False,False,True,False,False,False,False,False,True,False,False,False,True,False,False,False,False
-0.5540677512436588,-1.6390061614037505,-1.0067508922433406,-0.4303628237699172,0,6,10,6,12.333333333333334,0,0,6,9,4,13.0,0,0,1,0,1.0,0.6666666666666666,1.6666666666666667,1.5,2,True,True,False,False,False,False,False,False,False,False,False,False,False,False,False,True,False,False,False,True,False,False,True,False,True,False,False
0.2071731591606723,0.03690696313447821,-1.2415516200793966,2.9965706093426436,4,9,18,8,11.375,2,0,5,11,5,11.8,0,1,1,0,0.8888888888888888,1.0,2.0,2.2,2,False,False,False,False,False,False,False,True,False,False,False,False,False,False,False,False,False,False,False,False,False,False,True,False,True,False,False
-0.5540677512436588,-0.577341738619352,-1.863082958468955,0.4922731005296184,16,18,19,18,12.22222222222222,0,9,12,15,12,12.384615384615383,0,1,0,0,1.0,1.0,1.0555555555555556,1.25,2,True,True,False,False,False,True,False,False,False,False,True,False,True,False,False,True,False,False,False,True,False,False,False,False,True,False,False
-0.5540677512436588,0.33265633805298966,1.2238560221991848,-0.4303628237699172,0,0,0,0,0.0,0,0,0,0,0,0.0,0,0,0,0,0.0,0.0,0.0,0.0,1,True,True,False,False,False,True,True,False,False,False,True,False,False,False,False,True,False,False,False,False,False,False,True,False,True,False,False
0.9684140695650034,-2.473171065020064,-0.48190220649215837,2.3375449491286897,5,9,11,9,12.0,0,3,7,8,6,12.0,0,1,1,0,1.0,0.8571428571428571,1.2222222222222223,1.1428571428571428,2,False,True,True,False,False,True,False,True,False,False,False,False,False,False,False,False,False,False,False,False,False,False,True,False,True,False,False
-0.5540677512436588,0.03690696313447821,-1.863082958468955,2.205739817085899,0,5,10,1,11.0,0,0,5,10,1,10.0,0,1,0,1,0.2,0.2,2.0,2.0,1,True,True,False,False,False,False,False,True,False,False,False,False,True,False,False,False,False,False,False,True,False,False,False,True,True,False,True
-0.5540677512436588,1.3184875877813598,1.8661050718683958,1.8103244209575264,12,16,17,16,14.125,0,6,11,14,10,13.0,0,1,1,0,1.0,0.9090909090909091,1.0625,1.2727272727272727,2,False,True,True,False,False,True,True,False,False,True,False,False,False,False,True,False,False,False,True,False,False,False,False,False,True,False,False
1.7296549799693344,-0.9565076038994943,-1.082715833602065,-0.4303628237699172,0,5,8,5,10.2,0,0,5,7,5,11.2,0,0,1,0,1.0,1.0,1.6,1.4,1,True,True,False,False,False,False,False,False,False,False,False,False,False,False,True,False,False,False,False,False,False,False,False,False,True,False,False
-0.5540677512436588,1.3184875877813598,1.5898689214730366,-0.4303628237699172,0,5,7,4,12.0,1,0,5,6,4,12.4,0,0,1,0,0.8,0.8,1.4,1.2,1,True,False,False,False,False,True,True,False,False,True,False,False,False,False,True,False,False,False,True,False,False,False,True,False,True,False,False
-0.5540677512436588,0.03690696313447821,-1.863082958468955,0.3604679684868276,8,9,11,9,12.333333333333334,0,4,7,7,7,12.571428571428571,0,1,1,0,1.0,1.0,1.2222222222222223,1.0,2,True,False,True,False,False,False,True,False,True,False,False,False,False,False,True,False,False,False,False,True,False,False,False,False,True,False,False
-0.5540677512436588,0.03690696313447821,2.4531068914585346,4.05101166568497,4,9,9,9,14.333333333333334,0,2,7,7,7,13.857142857142858,0,1,1,0,1.0,1.0,1.0,1.0,2,False,True,True,False,False,True,False,True,False,False,False,False,False,False,False,False,False,False,False,False,False,False,False,False,True,False,False
2.4908958903736655,-0.04650952722715268,0.4918302236514829,-0.2985576917271264,0,6,6,6,15.166666666666666,0,0,6,9,6,14.0,0,0,1,0,1.0,1.0,1.0,1.5,2,True,True,False,False,False,False,False,False,False,False,False,False,False,False,True,False,False,False,True,False,False,False,True,False,True,False,False
-0.5540677512436588,0.10515681888490426,0.41586528229275943,-0.4303628237699172,0,6,8,6,15.142857142857142,0,0,6,8,6,15.142857142857142,0,0,1,0,1.0,1.0,1.3333333333333333,1.3333333333333333,2,True,False,False,True,False,False,False,False,False,False,False,False,False,False,False,False,False,False,False,False,False,False,True,False,True,True,False
3.2521368007779965,-0.5015085655633235,-0.5509612440909982,-0.6939730878554988,0,6,0,0,0.0,0,0,6,0,0,0.0,0,0,1,0,0.0,0.0,0.0,0.0,0,True,False,False,False,False,True,False,False,False,False,False,False,False,False,True,False,False,False,True,False,False,False,True,False,True,False,False
0.9684140695650034,0.25682316499696123,0.28465311085496336,-0.562167955812708,0,7,9,6,13.411428571428573,0,0,8,12,7,13.294444444444444,0,0,1,0,0.8571428571428571,0.875,1.2857142857142858,1.5,1,True,False,False,True,False,False,False,False,False,False,False,False,False,False,True,False,False,False,False,False,False,False,True,False,True,False,False
0.2071731591606723,-0.2740090463952381,0.16725274693693645,-0.6939730878554988,0,6,7,6,12.333333333333334,0,0,6,7,6,12.166666666666666,0,0,1,0,1.0,1.0,1.1666666666666667,1.1666666666666667,2,True,False,False,False,False,True,False,False,False,False,False,False,False,False,True,False,False,False,False,False,False,False,True,False,True,False,False
-0.5540677512436588,-0.5015085655633235,-0.21257195985668262,-0.562167955812708,0,6,13,4,11.8,0,0,6,18,4,12.2,0,0,0,0,0.6666666666666666,0.6666666666666666,2.1666666666666665,3.0,1,True,False,False,True,False,False,False,False,False,False,True,False,False,False,False,True,False,False,False,False,False,False,True,False,True,False,False
-0.5540677512436588,0.5601558572210751,0.8992785454846383,-0.16675255968433558,2,6,9,6,12.0,0,1,6,12,3,12.0,0,0,1,1,1.0,0.5,1.5,2.0,0,True,False,False,True,False,False,True,False,False,True,False,False,False,False,True,False,False,False,False,False,False,False,True,True,True,False,False
-0.5540677512436588,2.2284856644537014,2.4185773726591147,-0.562167955812708,0,6,7,6,15.0,0,0,6,8,6,15.625,0,0,0,0,1.0,1.0,1.1666666666666667,1.3333333333333333,2,True,False,False,True,False,False,False,True,False,False,True,False,False,False,True,False,False,False,True,False,False,False,False,False,True,False,False
-0.5540677512436588,1.166821241669303,0.3191826296543833,-0.2985576917271264,6,12,12,8,13.875,0,4,11,13,9,12.7,1,0,0,0,0.6666666666666666,0.8181818181818182,1.0,1.1818181818181819,0,True,False,False,False,False,True,False,False,False,False,True,False,True,False,True,False,False,False,False,True,False,False,True,False,True,False,False
-0.5540677512436588,-1.0323407769555228,-1.131057159921253,-0.4303628237699172,0,7,9,6,11.833333333333334,0,0,7,7,6,14.333333333333334,0,0,0,0,0.8571428571428571,0.8571428571428571,1.2857142857142858,1.0,1,True,False,False,False,False,True,False,False,False,False,True,False,True,False,False,True,False,False,False,True,False,False,False,False,True,False,False
0.9684140695650034,-0.7290080847314089,-0.6614557042491415,-0.6939730878554988,0,6,6,6,12.5,0,0,6,6,6,13.833333333333334,0,0,1,0,1.0,1.0,1.0,1.0,2,True,False,False,False,False,True,False,False,False,False,False,False,False,False,True,False,False,False,True,False,False,False,True,False,True,True,False
-0.5540677512436588,1.3184875877813598,0.7473486627671915,-0.6939730878554988,0,6,6,6,15.0,0,0,6,6,6,15.5,0,0,1,0,1.0,1.0,1.0,1.0,2,True,False,False,False,False,True,False,False,False,False,False,False,False,False,False,False,False,False,False,False,False,False,True,False,True,True,False
-0.5540677512436588,-1.4873398152916937,-1.4003874065567279,-0.4303628237699172,0,6,10,2,11.666666666666666,0,0,6,10,4,10.5,0,0,1,1,0.3333333333333333,0.6666666666666666,1.6666666666666667,1.6666666666666667,0,True,False,False,False,False,False,False,False,False,False,False,False,False,False,True,False,False,False,True,False,False,False,True,True,True,False,False
-0.5540677512436588,1.4701539338934166,2.0663762809050317,-0.6939730878554988,0,7,10,7,14.668,0,0,8,8,8,14.63375,0,0,1,0,1.0,1.0,1.4285714285714286,1.0,2,True,False,False,True,False,False,False,False,False,False,False,False,False,False,False,True,False,False,False,False,False,False,False,False,True,True,False
0.9684140695650034,1.6218202800054737,0.13962913189740012,-0.6939730878554988,0,8,9,6,13.345,2,0,8,9,6,13.345,2,0,0,0,0.75,0.75,1.125,1.125,1,True,False,False,True,False,False,False,False,False,False,True,False,True,False,False,True,False,False,False,True,False,False,True,False,True,False,False
0.2071731591606723,-0.19817587333920963,-0.15041882601772735,-0.4303628237699172,0,6,7,5,12.8,0,0,6,6,6,12.333333333333334,0,0,1,0,0.8333333333333334,1.0,1.1666666666666667,1.0,2,True,False,False,False,False,True,False,False,False,False,False,False,False,False,False,False,False,False,False,False,False,False,True,False,True,True,False
-0.5540677512436588,-0.8806744308434659,-0.8202914907264739,-0.562167955812708,0,6,10,6,10.833333333333334,0,0,6,7,6,12.142857142857142,0,0,1,0,1.0,1.0,1.6666666666666667,1.1666666666666667,2,True,False,False,False,False,True,False,False,False,False,False,False,False,False,False,True,False,False,False,True,False,False,True,False,True,False,False
-0.5540677512436588,1.5459871069494453,1.3619740973968644,-0.6939730878554988,0,6,6,6,13.666666666666666,0,0,6,6,5,14.0,0,0,0,0,1.0,0.8333333333333334,1.0,1.0,2,True,False,False,False,False,True,False,False,False,False,True,False,True,False,False,True,False,False,False,True,False,False,True,False,True,False,False
-0.5540677512436588,1.166821241669303,0.40205347477299225,-0.6939730878554988,0,8,8,7,14.537142857142856,0,0,8,8,7,14.537142857142856,0,0,0,0,0.875,0.875,1.0,1.0,2,True,False,False,True,False,False,False,False,False,False,True,False,False,False,True,False,False,False,True,False,False,False,False,False,True,False,False
0.9684140695650034,0.7876553763891605,2.218306163622479,-0.6939730878554988,0,5,5,5,14.4,0,0,5,5,5,14.0,0,0,1,1,1.0,1.0,1.0,1.0,0,True,False,False,True,False,False,True,False,False,False,False,False,False,False,False,False,True,False,False,False,False,True,False,True,True,True,False
0.9684140695650034,1.0909880686132745,0.7335368552474223,-0.4303628237699172,0,0,0,0,0.0,0,0,0,0,0,0.0,0,0,1,0,0.0,0.0,0.0,0.0,2,True,False,False,False,False,True,False,False,False,False,False,False,False,False,True,False,False,False,True,False,False,False,True,False,True,True,False
-0.5540677512436588,0.40848951110901816,-0.20566605609679903,-0.562167955812708,0,6,6,6,13.166666666666666,0,0,6,6,6,13.833333333333334,0,0,1,0,1.0,1.0,1.0,1.0,2,True,False,False,False,False,True,False,False,False,False,False,False,False,False,False,False,False,False,False,False,False,False,False,False,True,True,False
-0.5540677512436588,-0.9565076038994943,1.5208098838741968,1.6785192889147356,0,6,15,2,11.5,0,0,7,9,0,0.0,0,1,0,1,0.3333333333333333,0.0,2.5,1.2857142857142858,0,True,True,False,True,False,False,False,True,False,False,True,False,True,False,False,True,False,False,False,True,False,False,False,False,False,False,False
-0.5540677512436588,0.9393217225012175,0.18106455445670364,-0.562167955812708,0,6,7,6,11.333333333333334,0,0,6,7,6,12.428571428571429,0,0,0,0,1.0,1.0,1.1666666666666667,1.1666666666666667,2,True,False,False,False,False,True,False,False,False,False,False,False,True,False,False,False,False,False,False,True,False,False,False,False,True,True,False
0.9684140695650034,-1.1081739500115513,-1.1724925824805565,-0.6939730878554988,0,6,6,6,12.0,0,0,6,6,5,13.6,0,0,0,0,1.0,0.8333333333333334,1.0,1.0,2,True,False,False,False,False,True,False,False,False,False,True,False,False,False,False,True,False,False,True,False,False,False,True,False,True,False,False
0.9684140695650034,-0.8806744308434659,-0.7512324531276341,-0.6939730878554988,0,6,6,6,13.166666666666666,0,0,6,6,6,12.166666666666666,0,0,1,0,1.0,1.0,1.0,1.0,2,True,False,False,False,False,True,False,False,False,False,False,False,False,False,False,True,False,False,False,True,False,False,False,False,True,True,False
0.9684140695650034,0.18098999194093274,0.4365829935724122,-0.6939730878554988,0,6,6,6,14.833333333333334,0,0,6,6,6,14.166666666666666,0,0,1,0,1.0,1.0,1.0,1.0,2,True,False,False,False,False,True,False,False,False,False,False,False,False,False,True,False,False,False,False,False,False,False,True,False,True,True,False
-0.5540677512436588,0.5601558572210751,1.1962324071596504,-0.562167955812708,2,7,7,7,13.0,0,5,9,9,9,13.22222222222222,0,0,1,0,1.0,1.0,1.0,1.0,2,True,False,False,False,False,True,True,False,False,False,False,False,False,False,False,False,False,False,False,False,False,False,True,False,True,False,False
0.9684140695650034,0.9393217225012175,0.457300704852063,-0.6939730878554988,0,7,8,7,13.087142857142856,0,0,8,8,8,12.95,0,0,1,0,1.0,1.0,1.1428571428571428,1.0,2,True,False,False,True,False,False,False,False,False,False,False,False,False,False,True,False,False,False,False,False,False,False,True,False,True,False,False
-0.5540677512436588,0.02932364582887579,-0.2609132861758707,-0.562167955812708,0,6,8,6,13.333333333333334,0,0,6,7,6,13.666666666666666,0,0,1,0,1.0,1.0,1.3333333333333333,1.1666666666666667,2,True,False,False,False,False,True,False,False,False,False,False,False,False,False,False,False,False,False,False,False,False,False,True,False,True,True,False
-0.5540677512436588,-0.425675392507295,0.7059132402078859,-0.6939730878554988,0,6,7,6,12.166666666666666,0,0,6,10,4,12.75,0,0,0,0,1.0,0.6666666666666666,1.1666666666666667,1.6666666666666667,1,True,False,False,False,False,True,False,False,False,False,True,False,False,False,False,True,False,False,False,False,False,False,True,False,True,False,False
-0.5540677512436588,-0.19817587333920963,0.20868816949623997,-0.16675255968433558,0,6,8,6,11.0,0,0,6,10,4,12.0,0,0,0,1,1.0,0.6666666666666666,1.3333333333333333,1.6666666666666667,1,True,False,False,False,False,True,True,False,False,True,True,False,False,False,False,True,False,False,True,False,False,False,True,False,False,True,False
0.2071731591606723,-1.1840071230675797,-1.1724925824805565,-0.6939730878554988,0,6,0,0,0.0,0,0,6,0,0,0.0,0,0,1,1,0.0,0.0,0.0,0.0,0,True,False,False,False,False,True,False,False,False,False,False,False,False,False,False,False,False,False,False,False,False,False,True,True,False,False,False
1.7296549799693344,-0.577341738619352,-0.620020281689838,-0.562167955812708,0,5,7,5,13.6,0,0,5,6,5,12.2,0,0,1,0,1.0,1.0,1.4,1.2,2,True,False,False,False,False,False,False,False,False,False,False,False,False,False,True,False,False,False,True,False,False,False,True,False,True,False,False
-0.5540677512436588,0.6359890302771035,0.09819370933809662,-0.6939730878554988,0,6,6,6,15.5,0,0,6,6,6,14.0,0,0,1,0,1.0,1.0,1.0,1.0,2,True,False,False,False,False,True,False,False,False,False,False,False,False,False,False,False,False,False,False,False,False,False,True,False,True,False,False
0.9684140695650034,-0.8048412577874374,-0.9238800471247336,-0.562167955812708,0,7,7,7,13.857142857142858,0,0,7,7,7,14.285714285714286,0,0,0,0,1.0,1.0,1.0,1.0,2,True,False,False,False,False,True,False,False,False,False,False,False,True,False,True,False,False,False,False,True,False,False,False,False,True,False,False
0.2071731591606723,-1.1081739500115513,-0.9307859508846172,-0.4303628237699172,0,5,10,2,11.5,0,0,5,8,3,10.0,0,0,1,1,0.4,0.6,2.0,1.6,1,True,False,False,False,False,False,False,False,False,False,False,False,False,False,False,False,False,False,False,True,False,False,True,True,True,False,False
0.9684140695650034,0.7118222033331321,1.3757859049166334,-0.6939730878554988,0,6,6,6,13.0,0,0,6,6,6,12.166666666666666,0,0,1,0,1.0,1.0,1.0,1.0,2,True,False,False,False,False,True,False,False,False,False,False,False,False,False,False,True,False,False,True,False,False,False,True,False,True,True,False
-0.5540677512436588,0.7876553763891605,0.9890552943631308,-0.034947427641544786,0,6,10,6,14.0,0,0,6,11,4,13.0,0,0,0,1,1.0,0.6666666666666666,1.6666666666666667,1.8333333333333333,1,True,False,False,False,False,True,False,False,False,False,True,False,True,False,False,True,False,False,False,False,False,False,False,True,False,False,False
1.7296549799693344,0.7876553763891605,0.18797045821658723,-0.4303628237699172,0,4,4,0,0.0,0,0,6,0,0,0.0,0,0,0,0,0.0,0.0,1.0,0.0,0,True,False,False,False,False,True,False,False,False,False,False,False,True,False,True,False,False,False,False,False,False,False,True,False,True,False,False
2.4908958903736655,-0.7290080847314089,-0.39212545761366674,-0.4303628237699172,0,6,6,6,11.166666666666666,0,0,6,9,6,11.5,0,0,0,0,1.0,1.0,1.0,1.5,1,True,False,False,False,False,True,False,False,False,False,True,False,False,False,False,False,False,False,False,True,False,False,True,False,True,False,False
-0.5540677512436588,-1.3356734691796368,-1.2346457163195128,-0.16675255968433558,0,6,0,0,0.0,0,0,6,0,0,0.0,0,0,1,1,0.0,0.0,0.0,0.0,0,True,False,False,False,False,True,False,False,False,False,False,False,False,False,False,False,False,False,True,False,False,False,True,True,False,True,False
0.2071731591606723,-1.5631729883477221,-1.3727637915171926,-0.6939730878554988,0,7,8,7,12.142857142857142,0,0,7,9,6,13.666666666666666,0,0,1,0,1.0,0.8571428571428571,1.1428571428571428,1.2857142857142858,2,True,False,False,False,False,True,False,False,False,False,False,False,False,False,True,False,False,False,False,False,False,False,True,False,True,True,False
-0.5540677512436588,0.18098999194093274,0.1534409394171673,-0.6939730878554988,0,7,7,7,14.145714285714286,0,0,8,9,8,13.627777777777778,0,0,1,0,1.0,1.0,1.0,1.125,2,True,False,False,True,False,False,False,False,False,False,False,False,False,False,False,False,False,False,False,False,False,False,False,False,True,True,False
-0.5540677512436588,2.2284856644537014,1.8730109756282796,-0.6939730878554988,0,7,7,7,14.45,0,0,8,9,8,14.144444444444444,0,0,0,0,1.0,1.0,1.0,1.125,2,True,False,False,True,False,False,False,False,False,False,True,False,True,False,False,True,False,False,False,True,False,False,False,False,True,False,False
-0.5540677512436588,0.7876553763891605,1.3965036161962843,-0.6939730878554988,0,7,7,7,15.714285714285714,0,0,7,7,7,15.0,0,0,0,0,1.0,1.0,1.0,1.0,2,True,False,False,False,False,True,False,False,False,False,False,False,True,False,True,False,False,False,True,False,False,False,False,False,True,False,False
-0.5540677512436588,-0.19817587333920963,-0.48190220649215837,-0.2985576917271264,0,5,9,5,12.8,0,0,5,11,3,12.666666666666666,0,0,1,0,1.0,0.6,1.8,2.2,1,True,False,False,False,False,False,False,True,False,False,False,False,False,False,True,False,False,False,True,False,False,False,False,False,True,False,False
-0.5540677512436588,0.25682316499696123,0.2639353995753126,-0.4303628237699172,0,6,6,6,12.5,0,0,6,8,6,11.5,0,0,1,0,1.0,1.0,1.0,1.3333333333333333,1,True,False,False,False,False,True,False,False,False,False,False,False,False,False,True,False,False,False,True,False,False,False,False,False,True,False,False
-0.5540677512436588,-0.577341738619352,-0.4266549764130867,-0.6939730878554988,0,6,6,6,14.5,0,0,6,6,6,12.833333333333334,0,0,1,0,1.0,1.0,1.0,1.0,2,True,False,False,False,False,True,True,False,False,False,False,False,False,False,True,False,False,False,True,False,False,False,True,False,True,False,False
0.2071731591606723,-0.04650952722715268,-0.10898340345842286,-0.4303628237699172,0,7,7,7,13.462857142857144,0,0,8,10,7,13.164285714285716,0,0,1,1,1.0,0.875,1.0,1.25,1,True,False,False,True,False,False,False,False,False,False,False,False,False,False,False,True,False,False,True,False,False,False,True,False,False,True,False
-0.5540677512436588,-0.7290080847314089,-0.39212545761366674,0.22866283644403682,0,6,6,6,12.833333333333334,0,0,6,6,6,12.833333333333334,0,1,1,0,1.0,1.0,1.0,1.0,2,True,False,True,False,False,True,False,False,False,False,False,False,False,False,False,False,False,False,False,False,False,True,True,False,True,False,False
-0.5540677512436588,0.7118222033331321,0.001511056699720468,-0.6939730878554988,0,5,10,5,12.0,0,0,5,8,4,11.6,0,0,1,0,1.0,0.8,2.0,1.6,2,True,False,False,False,False,False,False,False,False,False,False,False,False,False,False,False,False,False,False,False,False,False,True,False,True,True,False
0.9684140695650034,1.0909880686132745,1.7003633816311798,-0.562167955812708,0,0,0,0,0.0,0,0,0,0,0,0.0,0,0,1,0,0.0,0.0,0.0,0.0,2,True,False,False,False,False,True,False,False,False,False,False,False,False,False,False,False,False,False,False,True,False,False,True,False,True,False,False
-0.5540677512436588,0.5601558572210751,0.3191826296543833,-0.4303628237699172,0,7,9,6,14.714285714285714,0,1,7,16,6,13.2,0,0,1,0,0.8571428571428571,0.8571428571428571,1.2857142857142858,2.2857142857142856,1,True,False,False,True,False,False,False,False,False,False,False,False,False,False,True,False,False,False,False,False,False,False,True,False,True,False,True
0.2071731591606723,0.03690696313447821,-1.448728732875916,-0.4303628237699172,0,6,7,6,12.571428571428571,0,0,6,7,6,13.285714285714286,0,0,1,0,1.0,1.0,1.1666666666666667,1.1666666666666667,2,True,False,False,False,False,True,False,False,False,False,False,False,False,False,False,False,False,False,False,False,False,False,True,False,True,True,False
1.7296549799693344,-1.4115066422356652,-1.0619981223224133,-0.2985576917271264,0,6,6,6,12.5,0,0,6,6,6,11.5,0,0,1,0,1.0,1.0,1.0,1.0,2,True,False,False,False,False,True,False,False,False,False,False,False,False,False,False,False,False,False,False,False,False,False,True,False,True,True,False
0.9684140695650034,-0.577341738619352,-0.6683616080090261,-0.6939730878554988,0,6,8,6,14.0,0,0,6,9,5,14.0,0,0,0,0,1.0,0.8333333333333334,1.3333333333333333,1.5,2,True,False,False,False,False,False,False,False,False,False,False,False,True,False,True,False,False,False,False,True,False,False,True,False,True,False,False
-0.5540677512436588,-0.425675392507295,-0.3852195538537822,-0.6939730878554988,0,7,8,7,11.571428571428571,0,0,7,9,6,13.166666666666666,0,0,1,0,1.0,0.8571428571428571,1.1428571428571428,1.2857142857142858,0,True,False,False,False,False,True,False,False,False,False,False,False,False,False,True,False,False,False,False,False,False,False,True,False,True,False,False
0.9684140695650034,-0.04650952722715268,-0.06064207713923577,-0.6939730878554988,0,6,6,6,15.833333333333334,0,0,6,6,6,15.333333333333334,0,0,0,0,1.0,1.0,1.0,1.0,2,True,False,False,False,False,True,False,False,False,False,False,False,True,False,False,False,False,False,False,False,False,False,True,False,True,True,False
1.7296549799693344,1.166821241669303,0.6921014326881187,-0.6939730878554988,0,8,8,8,14.25,0,0,8,8,8,14.25,0,0,1,0,1.0,1.0,1.0,1.0,2,True,False,False,True,False,False,False,False,False,False,False,False,False,False,True,False,False,False,True,False,False,False,True,False,True,False,False
-0.5540677512436588,0.48432268416504665,-0.4266549764130867,-0.562167955812708,0,6,0,0,0.0,0,0,6,0,0,0.0,0,0,0,0,0.0,0.0,0.0,0.0,0,True,False,False,False,False,False,False,True,False,False,True,False,False,False,False,True,False,False,True,False,False,False,False,False,True,False,False
-0.5540677512436588,0.25682316499696123,0.1189114206177474,-0.4303628237699172,0,6,8,6,11.666666666666666,0,0,6,10,6,11.0,0,0,0,0,1.0,1.0,1.3333333333333333,1.6666666666666667,0,True,False,False,False,False,False,False,False,False,False,False,True,True,False,False,True,False,False,False,True,False,False,True,False,True,False,False
-0.5540677512436588,0.03690696313447821,-0.620020281689838,3.1283757413854345,0,6,12,0,0.0,0,0,5,10,0,0.0,0,1,1,0,0.0,0.0,2.0,2.0,0,True,False,False,False,False,True,False,True,False,False,False,False,False,False,False,False,True,False,False,False,True,False,False,False,True,False,False
-0.5540677512436588,-0.9565076038994943,-0.48190220649215837,-0.2985576917271264,2,5,9,5,13.2,2,0,5,7,2,12.5,2,0,0,1,1.0,0.4,1.8,1.4,1,True,False,False,False,False,True,False,True,False,False,False,False,True,False,False,False,False,False,False,True,False,False,False,True,True,False,True
-0.5540677512436588,-0.19817587333920963,2.280459297461435,1.0194936287007816,1,6,11,2,12.0,1,1,6,12,1,10.0,1,1,1,0,0.3333333333333333,0.16666666666666666,1.8333333333333333,2.0,0,False,True,False,False,False,True,False,True,False,False,False,False,False,False,False,False,False,False,False,False,False,False,False,False,True,False,False
-0.5540677512436588,-1.714839334459779,1.5898689214730366,2.9965706093426436,0,5,6,0,0.0,0,0,5,5,0,0.0,0,1,1,0,0.0,0.0,1.2,1.0,0,False,True,False,False,True,False,False,True,False,False,False,False,False,False,False,False,False,True,True,False,False,False,True,False,True,False,False
0.9684140695650034,0.02932364582887579,-0.35759593881424684,-0.6939730878554988,0,5,9,4,12.0,0,0,5,10,2,11.0,0,0,0,0,0.8,0.4,1.8,2.0,1,True,True,False,False,True,False,False,False,False,False,True,False,False,False,False,True,False,False,True,False,False,False,True,False,True,False,False
0.9684140695650034,0.40848951110901816,-0.10898340345842286,-0.562167955812708,0,5,10,3,13.333333333333334,0,0,5,9,4,10.75,0,0,0,0,0.6,0.8,2.0,1.8,0,True,True,False,False,True,False,False,False,False,False,True,False,True,False,False,True,False,False,True,False,False,False,True,False,True,False,False
-0.5540677512436588,-0.12234270028318116,-0.026112558339815857,-0.034947427641544786,0,7,11,5,12.414285714285713,0,0,7,13,2,13.5,0,0,1,0,0.7142857142857143,0.2857142857142857,1.5714285714285714,1.8571428571428572,1,True,True,False,True,False,False,False,True,False,False,False,False,False,False,True,False,False,False,False,False,False,False,True,False,True,False,False
-0.5540677512436588,1.3184875877813598,1.5898689214730366,-0.16675255968433558,0,5,5,0,0.0,0,0,5,5,0,0.0,0,0,0,1,0.0,0.0,1.0,1.0,0,True,True,False,False,False,True,True,False,False,True,True,False,False,False,False,True,False,False,False,False,False,False,False,False,False,False,False
-0.5540677512436588,-0.577341738619352,-0.8617269132857774,-0.562167955812708,0,5,5,5,13.8,0,0,5,7,5,12.4,0,0,1,0,1.0,1.0,1.0,1.4,2,True,True,False,False,False,False,False,False,False,False,False,False,False,False,False,True,False,False,False,False,False,False,True,False,True,False,False
-0.5540677512436588,-1.866505680571836,-1.3796696952770762,-0.562167955812708,0,5,14,0,0.0,0,0,5,5,0,0.0,0,0,0,1,0.0,0.0,2.8,1.0,0,True,False,False,False,False,False,False,False,False,False,True,False,True,False,False,False,False,False,False,False,False,False,False,True,False,False,True
-0.5540677512436588,-1.2598402961236081,-0.7788560681671695,-0.16675255968433558,0,5,10,4,11.5,0,0,5,11,4,14.0,0,0,0,1,0.8,0.8,2.0,2.2,1,True,True,False,False,False,False,False,False,False,False,True,False,False,False,False,True,False,False,True,False,False,False,False,False,False,False,False
-0.5540677512436588,0.03690696313447821,-0.48190220649215837,0.7558833646152,0,5,11,0,0.0,4,0,5,6,0,0.0,1,1,0,1,0.0,0.0,2.2,1.2,0,True,True,False,False,False,True,False,True,False,False,True,False,False,False,False,True,False,False,False,False,True,False,False,True,False,False,False
0.9684140695650034,1.0909880686132745,0.540171549970672,-0.6939730878554988,0,7,7,6,14.016666666666666,0,0,7,7,6,14.016666666666666,0,0,1,0,0.8571428571428571,0.8571428571428571,1.0,1.0,2,True,False,False,True,False,False,False,False,False,False,False,False,False,False,False,False,False,False,True,False,False,False,True,False,True,False,False
-0.5540677512436588,0.7876553763891605,0.457300704852063,-0.6939730878554988,0,6,9,5,11.4,0,0,6,8,5,10.8,0,0,1,0,0.8333333333333334,0.8333333333333334,1.5,1.3333333333333333,2,True,False,False,False,False,True,False,False,False,False,False,False,False,False,False,False,False,False,False,False,False,False,True,False,True,False,False
-0.5540677512436588,-1.3356734691796368,0.13962913189740012,-0.034947427641544786,0,0,0,0,0.0,0,0,0,0,0,0.0,0,0,1,1,0.0,0.0,0.0,0.0,0,True,False,False,False,False,True,False,False,False,False,False,False,False,False,False,False,False,False,False,False,False,False,True,True,False,True,False
-0.5540677512436588,2.0768193183416446,0.09819370933809662,1.414909024829154,0,5,12,5,10.4,0,0,5,11,5,12.0,0,1,1,0,1.0,1.0,2.4,2.2,2,False,False,True,False,False,False,False,True,False,False,False,False,False,False,False,False,False,False,False,True,False,False,False,False,True,False,False
-0.5540677512436588,-1.1081739500115513,-0.32997232377471053,-0.562167955812708,0,5,11,3,10.666666666666666,0,0,5,9,4,10.25,0,0,1,0,0.6,0.8,2.2,1.8,2,True,False,False,False,False,False,False,False,False,False,False,False,False,False,False,False,False,False,False,False,False,False,False,False,True,False,False
-0.5540677512436588,-0.8048412577874374,-0.9445977584043854,-0.6939730878554988,0,5,9,4,14.25,0,0,5,8,5,12.714285714285714,0,0,1,0,0.8,1.0,1.8,1.6,1,True,False,False,True,False,False,False,False,False,False,False,False,False,False,False,True,False,False,True,False,False,False,True,False,True,False,False
3.2521368007779965,0.7876553763891605,0.20178226573635638,-0.4303628237699172,3,7,7,7,13.914285714285713,0,5,8,8,8,14.10625,0,0,1,0,1.0,1.0,1.0,1.0,2,True,False,False,True,False,False,False,False,False,False,False,False,False,False,True,False,False,False,True,False,False,False,False,False,True,True,False
3.2521368007779965,0.02932364582887579,-0.0537361733793512,-0.562167955812708,0,7,9,7,13.761111111111113,0,0,8,11,7,12.82375,0,0,0,0,1.0,0.875,1.2857142857142858,1.375,2,True,False,False,True,False,False,False,False,False,False,True,False,True,False,False,True,False,False,False,True,False,False,True,False,True,False,False
0.2071731591606723,-0.8048412577874374,-0.9929390847235735,-0.16675255968433558,0,6,10,5,12.6,0,0,6,9,4,11.25,0,0,1,0,0.8333333333333334,0.6666666666666666,1.6666666666666667,1.5,1,True,False,False,False,False,True,True,False,False,False,False,False,False,False,True,False,False,False,True,False,False,False,True,False,True,False,False
-0.5540677512436588,2.3801520105657583,1.5208098838741968,-0.034947427641544786,0,6,7,6,13.857142857142858,0,0,6,6,6,14.166666666666666,0,0,1,0,1.0,1.0,1.1666666666666667,1.0,2,True,False,False,False,False,True,False,False,False,False,False,False,False,False,False,False,False,False,False,False,False,False,True,False,True,True,False
-0.5540677512436588,0.03690696313447821,-0.48190220649215837,1.414909024829154,0,8,8,7,13.842857142857143,0,0,8,8,7,13.842857142857143,0,1,1,0,0.875,0.875,1.0,1.0,2,False,True,False,True,False,False,False,True,False,False,False,False,False,False,False,False,False,False,False,False,False,False,False,False,True,True,False
1.7296549799693344,-0.425675392507295,-0.454278591452622,-0.6939730878554988,0,5,12,0,0.0,0,0,5,8,0,0.0,0,0,1,1,0.0,0.0,2.4,1.6,1,True,True,False,False,True,False,False,False,False,False,False,False,False,False,True,False,False,False,True,False,False,False,True,True,False,False,False
0.9684140695650034,0.5601558572210751,0.07747599805844389,-0.2985576917271264,0,6,6,5,11.8,0,0,6,9,0,0.0,0,0,0,0,0.8333333333333334,0.0,1.0,1.5,0,True,True,False,False,False,True,False,False,False,False,False,False,False,True,True,False,False,False,False,True,False,False,True,False,True,False,False
-0.5540677512436588,-0.425675392507295,1.0166789094026651,-0.16675255968433558,0,6,6,6,12.666666666666666,0,0,6,6,6,13.833333333333334,0,0,1,0,1.0,1.0,1.0,1.0,0,True,True,False,False,False,True,False,False,False,False,False,False,False,False,True,False,False,False,False,True,False,False,True,False,True,False,False
-0.5540677512436588,0.03690696313447821,0.20868816949623997,0.6240782325724092,0,6,6,0,0.0,0,0,6,6,0,0.0,0,1,1,0,0.0,0.0,1.0,1.0,0,True,True,False,False,False,True,False,True,False,True,False,False,False,False,False,False,False,False,False,False,False,False,False,False,True,False,False
1.7296549799693344,-1.3356734691796368,-0.9445977584043854,-0.034947427641544786,0,5,7,0,0.0,0,0,5,5,0,0.0,0,0,1,0,0.0,0.0,1.4,1.0,0,True,True,False,False,True,False,True,False,False,False,False,False,False,False,True,False,False,False,False,False,False,False,True,False,True,False,False
-0.5540677512436588,-1.866505680571836,-1.4556346366357995,-0.4303628237699172,0,6,11,4,10.75,0,0,6,13,2,10.0,0,0,1,0,0.6666666666666666,0.3333333333333333,1.8333333333333333,2.1666666666666665,0,True,True,False,False,False,True,False,False,False,False,False,False,False,False,False,False,True,False,False,True,False,False,False,False,True,False,False
0.2071731591606723,0.25682316499696123,-0.29544280497529063,-0.6939730878554988,0,5,7,5,12.6,0,0,5,9,3,13.25,0,0,0,0,1.0,0.6,1.4,1.8,0,True,True,False,False,True,False,False,False,False,False,False,False,True,False,True,False,False,False,True,False,False,False,True,False,True,False,False
0.2071731591606723,0.03690696313447821,-0.48190220649215837,0.6240782325724092,0,5,5,0,0.0,0,0,5,5,0,0.0,0,1,1,1,0.0,0.0,1.0,1.0,0,True,True,False,False,False,False,False,True,False,True,False,False,False,False,False,False,False,False,False,False,False,False,True,True,False,False,False
-0.5540677512436588,-0.9565076038994943,-0.4957140140119265,-0.2985576917271264,2,7,7,2,12.0,0,5,9,10,7,12.142857142857142,0,0,1,0,0.2857142857142857,0.7777777777777778,1.0,1.1111111111111112,0,True,True,False,False,False,True,True,False,False,True,False,False,False,False,True,False,False,False,False,False,False,False,False,False,True,False,False
-0.5540677512436588,0.03690696313447821,-0.28163099745552245,0.22866283644403682,0,6,7,3,14.0,0,0,6,9,2,14.5,0,1,1,1,0.5,0.3333333333333333,1.1666666666666667,1.5,0,True,True,False,False,False,False,False,True,False,False,False,False,False,False,False,False,False,False,False,False,False,False,False,True,False,False,False
-0.5540677512436588,2.0768193183416446,2.280459297461435,-0.562167955812708,2,6,6,6,14.0,0,1,6,11,6,13.5,0,0,1,1,1.0,1.0,1.0,1.8333333333333333,0,True,True,False,True,False,False,True,False,False,True,False,False,False,False,True,False,False,False,True,False,False,False,True,False,False,False,False
1.7296549799693344,-0.3498422194512666,-0.12279521097819103,-0.6939730878554988,0,7,7,7,14.682857142857143,0,0,8,9,8,15.055555555555555,0,0,1,0,1.0,1.0,1.0,1.125,2,True,True,False,True,False,False,False,False,False,False,False,False,False,False,True,False,False,False,False,False,False,False,True,False,True,True,False
-0.5540677512436588,-0.19817587333920963,1.1340792733206941,0.7558833646152,0,3,3,0,0.0,3,0,5,0,0,0.0,0,1,1,0,0.0,0.0,1.0,0.0,0,True,True,False,False,True,False,False,True,True,False,False,False,False,False,False,False,False,True,False,False,False,True,False,False,True,False,False
-0.5540677512436588,0.03690696313447821,-2.090977782545126,0.7558833646152,0,5,6,0,0.0,0,0,5,7,0,0.0,0,1,1,0,0.0,0.0,1.2,1.4,0,True,True,False,False,True,False,False,True,False,False,False,False,False,False,False,True,False,False,False,False,False,False,False,False,True,True,False
-0.5540677512436588,0.33265633805298966,-0.005394847060163122,-0.4303628237699172,0,6,7,6,13.857142857142858,0,0,6,7,5,12.8,0,0,1,0,1.0,0.8333333333333334,1.1666666666666667,1.1666666666666667,2,True,True,False,False,False,False,False,False,False,False,False,False,False,False,True,False,False,False,True,False,False,False,False,False,True,False,False
-0.5540677512436588,2.30431883750973,1.1133615620410413,-0.6939730878554988,0,0,0,0,0.0,0,0,0,0,0,0.0,0,0,1,0,0.0,0.0,0.0,0.0,2,True,True,False,False,False,True,False,False,False,False,False,False,False,False,False,False,False,False,False,False,False,False,False,False,True,False,False
-0.5540677512436588,-0.577341738619352,-0.8617269132857774,-0.4303628237699172,0,6,8,6,13.142857142857142,0,0,6,7,6,12.5,0,0,1,0,1.0,1.0,1.3333333333333333,1.1666666666666667,2,True,True,False,False,False,False,False,False,False,False,False,False,False,False,False,False,False,False,False,False,False,False,False,False,True,False,False
-0.5540677512436588,-0.9565076038994943,0.8992785454846383,1.2831038927863632,0,5,14,1,18.0,0,0,5,9,2,13.0,0,1,1,0,0.2,0.4,2.8,1.8,0,False,True,False,False,True,False,False,True,False,False,False,False,False,False,False,False,True,False,False,False,True,False,True,False,True,False,False
-0.5540677512436588,1.3184875877813598,-0.9169741433648491,0.8876884966579909,11,15,15,13,11.461538461538462,0,6,11,15,10,11.583333333333334,1,1,1,0,0.8666666666666667,0.9090909090909091,1.0,1.3636363636363635,2,True,True,True,False,False,False,False,True,False,False,False,False,False,False,True,False,False,False,True,False,False,False,False,False,True,False,False
-0.5540677512436588,0.18098999194093274,0.31227672589449973,-0.2985576917271264,0,7,14,5,11.2,0,0,8,11,6,11.583333333333334,0,0,1,0,0.7142857142857143,0.75,2.0,1.375,1,True,True,False,True,False,False,False,False,False,False,False,False,False,False,False,True,False,False,False,True,False,False,False,False,True,True,False
-0.5540677512436588,1.166821241669303,1.1409851770805777,-0.6939730878554988,0,6,6,5,15.0,0,0,6,8,4,14.5,0,0,1,1,0.8333333333333334,0.6666666666666666,1.0,1.3333333333333333,2,True,True,False,False,False,True,False,False,False,False,False,False,False,False,False,False,False,False,False,False,False,False,False,True,True,False,False
-0.5540677512436588,0.40848951110901816,-0.012300750820047694,-0.562167955812708,0,7,9,7,14.244444444444444,0,0,8,12,8,12.233333333333333,0,0,1,0,1.0,1.0,1.2857142857142858,1.5,2,True,True,False,True,False,False,False,False,False,False,False,False,False,False,False,False,False,False,False,False,False,False,False,False,True,True,False
-0.5540677512436588,-1.0323407769555228,-0.8133855869665894,-0.2985576917271264,0,6,8,4,11.5,0,0,6,7,5,11.0,0,0,1,0,0.6666666666666666,0.8333333333333334,1.3333333333333333,1.1666666666666667,0,True,True,False,False,False,True,False,False,False,False,False,False,False,False,False,False,False,False,False,False,False,False,False,False,True,True,False
0.2071731591606723,-0.19817587333920963,-1.863082958468955,0.22866283644403682,0,7,7,2,10.0,0,0,7,7,0,0.0,0,1,1,0,0.2857142857142857,0.0,1.0,1.0,0,True,True,False,True,False,False,False,True,False,False,False,False,False,False,True,False,False,False,True,False,False,False,False,False,True,True,False
0.2071731591606723,0.18098999194093274,-0.3852195538537822,-0.562167955812708,0,5,7,3,12.333333333333334,0,0,5,5,5,11.6,0,0,1,0,0.6,1.0,1.4,1.0,2,True,True,False,False,False,False,False,False,False,False,False,False,False,False,False,False,False,False,False,False,False,False,False,False,True,False,False
-0.5540677512436588,-0.9565076038994943,-0.48190220649215837,-0.034947427641544786,2,7,8,5,12.2,0,5,9,10,7,12.142857142857142,1,0,1,0,0.7142857142857143,0.7777777777777778,1.1428571428571428,1.1111111111111112,0,True,True,False,False,False,True,True,False,False,True,False,False,False,False,False,False,False,False,False,True,False,False,True,False,True,False,False
0.2071731591606723,-0.5015085655633235,0.20178226573635638,-0.562167955812708,0,6,6,6,13.666666666666666,0,0,6,7,5,13.2,0,0,1,0,1.0,0.8333333333333334,1.0,1.1666666666666667,2,True,True,False,False,False,True,False,False,False,False,False,False,False,False,False,False,False,False,False,False,False,False,True,False,True,True,False
-0.5540677512436588,1.2426544147253313,1.66583386283176,-0.562167955812708,0,0,0,0,0.0,0,0,0,0,0,0.0,0,0,0,0,0.0,0.0,0.0,0.0,2,True,True,False,False,False,True,False,False,False,False,True,False,True,False,False,True,False,False,True,False,False,False,True,False,True,False,False
-0.5540677512436588,-1.714839334459779,-0.48190220649215837,1.0194936287007816,0,6,15,1,11.0,0,0,6,10,0,0.0,0,1,1,1,0.16666666666666666,0.0,2.5,1.6666666666666667,0,True,True,False,False,False,True,False,True,False,False,False,False,False,False,False,False,False,False,False,False,False,False,False,True,False,False,False
-0.5540677512436588,0.03690696313447821,0.20868816949623997,1.1512987607435725,0,6,8,3,13.0,0,4,10,14,6,11.428571428571429,0,1,1,1,0.5,0.6,1.3333333333333333,1.4,0,True,True,False,False,False,True,False,True,False,False,False,False,False,False,True,False,False,False,False,False,False,False,False,True,False,False,False
0.2071731591606723,-0.425675392507295,-0.5509612440909982,-0.562167955812708,0,8,12,7,12.599999999999998,0,0,8,12,7,12.599999999999998,0,0,0,0,0.875,0.875,1.5,1.5,2,True,False,False,True,False,False,True,False,False,False,True,False,False,False,True,False,False,False,False,False,False,False,True,False,True,True,False
-0.5540677512436588,-0.9565076038994943,-0.34378413129447866,1.414909024829154,8,10,11,10,12.2,0,5,10,12,9,12.333333333333334,0,1,1,0,1.0,0.9,1.1,1.2,2,True,False,False,False,False,True,False,True,False,True,False,False,False,False,False,False,True,False,False,False,True,False,True,False,True,False,False
3.2521368007779965,0.25682316499696123,0.18797045821658723,-0.2985576917271264,0,6,6,6,13.166666666666666,0,0,6,6,6,13.0,0,0,1,0,1.0,1.0,1.0,1.0,2,True,False,False,False,False,True,True,False,False,False,False,False,False,False,False,False,True,False,False,False,True,False,True,False,True,False,False
0.2071731591606723,-1.714839334459779,-0.999844988483457,3.9192065336421793,4,7,16,6,11.0,0,2,7,9,7,11.0,0,1,1,0,0.8571428571428571,1.0,2.2857142857142856,1.2857142857142858,2,True,False,False,False,False,True,False,True,False,False,False,False,False,False,False,False,False,False,False,False,False,False,True,False,True,True,False
-0.5540677512436588,0.25682316499696123,0.6230423950892789,-0.562167955812708,0,7,7,7,14.014285714285714,0,0,8,8,8,15.35,0,0,1,0,1.0,1.0,1.0,1.0,2,True,False,False,True,False,False,False,False,False,False,False,False,False,False,True,False,False,False,False,False,False,False,False,False,True,True,False
0.9684140695650034,0.9393217225012175,0.422771186052643,-0.4303628237699172,0,6,9,4,13.0,0,0,6,13,4,11.25,0,0,1,0,0.6666666666666666,0.6666666666666666,1.5,2.1666666666666665,2,True,False,False,False,False,True,False,False,False,False,False,False,False,False,False,False,False,False,True,False,False,False,False,False,True,True,False
0.2071731591606723,2.000986145285616,1.6796456703515292,-0.6939730878554988,0,6,6,6,14.0,0,0,6,6,6,14.666666666666666,0,0,1,0,1.0,1.0,1.0,1.0,2,True,False,False,False,False,True,False,False,False,False,False,False,False,False,False,False,False,False,False,False,False,False,True,False,True,False,False
-0.5540677512436588,1.0909880686132745,0.4365829935724122,1.1512987607435725,0,0,0,0,0.0,0,0,0,0,0,0.0,0,1,1,1,0.0,0.0,0.0,0.0,0,True,False,False,False,False,True,False,True,False,False,False,False,False,False,False,False,False,False,False,False,False,False,False,False,False,False,False
-0.5540677512436588,1.3184875877813598,0.2639353995753126,-0.2985576917271264,0,8,8,7,14.428571428571429,0,0,8,8,7,14.428571428571429,0,0,1,0,0.875,0.875,1.0,1.0,2,True,False,False,True,False,False,False,True,False,False,False,False,False,False,False,False,False,False,False,False,False,False,True,False,True,True,False
-0.5540677512436588,0.5601558572210751,0.8992785454846383,0.3604679684868276,0,5,9,0,0.0,0,0,5,10,0,0.0,0,1,1,1,0.0,0.0,1.8,2.0,0,True,False,True,False,False,True,True,False,True,False,False,False,False,False,False,False,False,False,True,False,False,False,False,False,False,False,False
-0.5540677512436588,1.3184875877813598,1.5898689214730366,0.3604679684868276,11,18,45,18,11.833333333333334,10,9,13,27,13,12.461538461538462,5,1,1,0,1.0,1.0,2.5,2.076923076923077,2,True,False,False,True,False,False,False,True,False,True,False,False,False,False,True,False,False,False,False,False,False,False,True,False,True,False,False
-0.5540677512436588,-0.19817587333920963,0.20868816949623997,-0.2985576917271264,0,5,12,3,11.333333333333334,0,0,5,10,1,13.0,0,0,1,1,0.6,0.2,2.4,2.0,0,False,False,True,False,False,False,True,False,False,True,False,False,False,False,True,False,False,False,False,False,False,False,False,False,False,False,False
-0.5540677512436588,-0.9565076038994943,-0.11588930721830744,-0.6939730878554988,0,6,9,6,12.5,0,0,6,9,6,13.0,0,0,1,0,1.0,1.0,1.5,1.5,2,True,False,False,False,False,True,False,False,False,False,False,False,False,False,True,False,False,False,True,False,False,False,False,False,True,False,False
-0.5540677512436588,-0.19817587333920963,-0.20566605609679903,-0.2985576917271264,4,12,12,12,13.333333333333334,0,5,12,12,11,12.545454545454543,0,0,1,0,1.0,0.9166666666666666,1.0,1.0,2,True,False,False,False,False,True,False,True,False,True,False,False,False,False,True,False,False,False,False,False,False,False,True,False,True,True,False
-0.5540677512436588,-1.5631729883477221,-0.9100682396049655,-0.2985576917271264,0,6,10,6,10.833333333333334,0,0,6,10,4,11.0,0,0,1,0,1.0,0.6666666666666666,1.6666666666666667,1.6666666666666667,1,True,False,False,False,False,False,False,False,False,False,False,False,False,False,False,False,False,False,True,False,False,False,True,False,True,False,False
-0.5540677512436588,-0.3498422194512666,-0.1780424410572627,-0.562167955812708,0,6,6,6,13.0,0,0,6,6,6,14.0,0,0,1,0,1.0,1.0,1.0,1.0,2,True,False,False,False,False,False,False,False,False,False,False,False,False,False,False,False,False,False,False,False,False,False,False,False,True,True,False
-0.5540677512436588,-1.4115066422356652,-1.331328368957888,-0.562167955812708,0,5,7,2,10.0,0,0,5,11,2,14.0,0,0,1,0,0.4,0.4,1.4,2.2,0,True,False,False,False,False,False,False,False,False,False,False,False,False,False,False,False,False,False,False,False,False,False,False,False,True,False,False
0.2071731591606723,-1.1081739500115513,-1.1724925824805565,-0.562167955812708,0,6,8,6,11.428571428571429,0,0,6,11,5,11.2,0,0,1,0,1.0,0.8333333333333334,1.3333333333333333,1.8333333333333333,2,True,False,False,False,False,True,False,True,False,False,False,False,False,False,True,False,False,False,True,False,False,False,False,False,True,True,False
-0.5540677512436588,-0.19817587333920963,0.20868816949623997,0.4922731005296184,0,8,8,8,12.8875,0,0,8,8,8,12.8875,0,1,1,0,1.0,1.0,1.0,1.0,2,True,False,False,True,False,False,True,False,True,False,False,False,False,False,False,False,False,False,False,False,False,False,True,False,True,False,False
0.2071731591606723,0.9393217225012175,0.8164077003660313,-0.6939730878554988,0,7,7,6,12.95,0,0,7,7,6,12.95,0,0,1,0,0.8571428571428571,0.8571428571428571,1.0,1.0,2,True,False,False,True,False,False,False,False,False,False,False,False,False,False,False,False,False,False,True,False,False,False,True,False,True,True,False
0.2071731591606723,-0.8806744308434659,-0.04683026961946761,-0.4303628237699172,0,5,12,1,10.0,2,0,5,5,0,0.0,0,0,1,0,0.2,0.0,2.4,1.0,0,True,False,False,False,False,False,False,False,False,False,False,False,False,False,False,False,False,False,False,False,False,False,True,False,True,False,False
0.9684140695650034,-1.4115066422356652,-0.8617269132857774,-0.562167955812708,0,7,7,7,13.094285714285714,0,0,8,8,8,12.55,0,0,1,0,1.0,1.0,1.0,1.0,2,True,False,False,True,False,False,False,False,False,False,False,False,False,False,True,False,False,False,True,False,False,False,True,False,True,True,False
1.7296549799693344,-0.425675392507295,-0.7236088380880977,-0.4303628237699172,0,6,7,0,0.0,0,0,6,6,0,0.0,0,0,1,0,0.0,0.0,1.1666666666666667,1.0,0,True,False,False,False,False,False,False,False,False,False,False,False,False,False,False,False,False,False,False,False,False,False,True,False,True,False,False
0.2071731591606723,0.9393217225012175,0.11200551685786381,-0.562167955812708,0,6,12,5,11.714285714285714,0,0,6,11,6,11.0,0,0,1,0,0.8333333333333334,1.0,2.0,1.8333333333333333,2,True,False,False,False,False,True,False,False,False,False,False,False,False,False,False,False,False,False,False,False,False,False,True,False,True,True,False
2.4908958903736655,-0.19817587333920963,0.20868816949623997,-0.4303628237699172,0,6,8,4,11.25,0,0,6,15,3,10.0,0,0,1,0,0.6666666666666666,0.5,1.3333333333333333,2.5,1,True,False,False,False,False,True,False,False,False,False,False,False,False,False,True,False,False,False,True,False,False,False,True,False,True,False,False
-0.5540677512436588,1.3184875877813598,0.5263597424509028,-0.4303628237699172,0,0,0,0,0.0,0,0,0,0,0,0.0,0,0,1,0,0.0,0.0,0.0,0.0,0,True,False,False,False,False,True,False,False,False,False,False,False,False,False,False,False,False,False,False,False,False,False,False,False,True,False,False
-0.5540677512436588,0.9393217225012175,1.36888000115675,-0.6939730878554988,0,6,6,6,13.166666666666666,0,0,6,6,6,13.333333333333334,0,0,1,0,1.0,1.0,1.0,1.0,2,True,False,False,False,False,True,False,False,False,False,False,False,False,False,False,False,False,False,True,False,False,False,False,False,True,False,False
-0.5540677512436588,-0.3498422194512666,0.6023246838096262,-0.4303628237699172,0,5,7,4,12.75,0,0,5,5,5,13.4,0,0,1,0,0.8,1.0,1.4,1.0,2,True,False,False,True,False,False,False,False,False,False,False,False,False,False,True,False,False,False,True,False,False,False,True,False,True,False,False
-0.5540677512436588,0.5601558572210751,-0.48190220649215837,1.9421295530003173,0,5,6,5,10.6,0,0,5,9,2,11.0,0,1,1,1,1.0,0.4,1.2,1.8,0,False,False,True,False,False,False,False,True,False,False,False,False,False,False,False,False,False,False,False,False,False,False,False,False,False,False,False
-0.5540677512436588,-0.19817587333920963,0.7611604702869585,2.4693500811714806,0,6,8,5,11.2,0,0,6,6,6,12.0,0,1,1,0,0.8333333333333334,1.0,1.3333333333333333,1.0,2,False,False,True,False,False,True,False,True,False,False,False,False,False,False,False,False,False,False,False,False,False,False,False,False,True,False,False
-0.5540677512436588,0.5601558572210751,0.588512876289859,1.1512987607435725,0,7,0,0,0.0,0,0,8,0,0,0.0,0,1,1,0,0.0,0.0,0.0,0.0,0,True,False,False,True,False,False,False,True,False,False,False,False,False,False,False,False,False,False,False,False,False,False,False,False,True,False,False
-0.5540677512436588,-0.9565076038994943,-0.48190220649215837,-0.16675255968433558,0,6,6,6,13.0,0,0,6,6,6,13.666666666666666,0,0,1,0,1.0,1.0,1.0,1.0,2,True,False,False,False,False,True,False,True,False,False,False,False,False,False,True,False,False,False,True,False,False,False,True,False,True,False,True
-0.5540677512436588,1.0909880686132745,-1.0550922185625287,0.6240782325724092,0,5,10,0,0.0,0,0,5,5,0,0.0,0,1,1,0,0.0,0.0,2.0,1.0,0,False,False,True,False,False,False,False,True,False,False,False,False,False,False,False,False,False,True,False,False,False,True,True,False,True,False,False
-0.5540677512436588,0.03690696313447821,-1.863082958468955,1.8103244209575264,0,6,0,0,0.0,0,0,6,0,0,0.0,0,1,1,0,0.0,0.0,0.0,0.0,0,False,False,True,False,False,True,False,True,False,False,False,False,False,False,False,False,False,False,False,False,False,False,True,False,True,False,False
-0.5540677512436588,2.0768193183416446,2.280459297461435,2.6011552132142715,0,6,8,6,14.166666666666666,0,0,6,9,6,15.0,0,1,1,0,1.0,1.0,1.3333333333333333,1.5,2,False,False,False,False,False,True,True,False,False,True,False,False,False,False,False,False,False,False,True,False,False,False,False,False,True,False,False
-0.5540677512436588,0.03690696313447821,-0.8410092020061256,2.3375449491286897,0,6,10,5,12.833333333333334,0,0,6,6,6,12.333333333333334,0,1,1,0,0.8333333333333334,1.0,1.6666666666666667,1.0,2,False,False,True,False,False,True,False,True,False,False,False,False,False,False,False,False,False,False,False,False,False,False,False,False,True,True,False
-0.5540677512436588,0.5601558572210751,0.2777472070950798,0.7558833646152,0,6,11,4,11.75,0,0,6,9,5,10.4,0,1,1,0,0.6666666666666666,0.8333333333333334,1.8333333333333333,1.5,2,False,False,True,False,False,True,False,True,False,False,False,False,False,False,False,False,False,False,False,True,False,False,False,False,True,True,False
-0.5540677512436588,0.03690696313447821,-2.0702600712654746,1.546714156871945,0,6,8,6,10.833333333333334,0,0,6,7,6,11.5,0,1,1,0,1.0,1.0,1.3333333333333333,1.1666666666666667,2,True,False,True,False,False,True,False,True,False,False,False,False,False,False,False,False,False,False,False,False,False,False,False,False,True,True,False
3.2521368007779965,-0.12234270028318116,0.3260885334142669,-0.6939730878554988,0,6,8,4,11.75,0,0,6,8,4,12.25,0,0,0,0,0.6666666666666666,0.6666666666666666,1.3333333333333333,1.3333333333333333,0,True,False,False,False,False,True,False,False,False,False,False,False,True,False,True,False,False,False,False,True,False,False,True,False,True,False,False
-0.5540677512436588,0.03690696313447821,-0.48190220649215837,2.073934685043108,0,7,14,3,11.5,0,0,7,9,2,10.5,0,1,1,1,0.42857142857142855,0.2857142857142857,2.0,1.2857142857142858,0,True,False,False,True,False,False,False,True,False,False,False,False,False,False,False,False,False,False,False,False,False,False,False,False,False,True,False
-0.5540677512436588,-0.9565076038994943,-1.1724925824805565,1.8103244209575264,0,5,14,2,10.0,0,0,5,7,3,11.333333333333334,0,1,1,0,0.4,0.6,2.8,1.4,1,False,False,True,False,False,False,False,True,False,False,False,False,False,False,False,False,False,False,False,False,False,False,False,False,True,False,False
-0.5540677512436588,-0.19817587333920963,0.41586528229275943,0.3604679684868276,0,7,7,6,13.7,0,0,7,7,6,13.7,0,1,1,0,0.8571428571428571,0.8571428571428571,1.0,1.0,2,True,False,False,True,False,False,False,True,False,False,False,False,False,False,False,False,False,False,False,False,False,False,True,False,True,True,False
-0.5540677512436588,0.5601558572210751,0.8992785454846383,1.1512987607435725,0,5,8,1,14.0,2,0,5,12,0,0.0,4,1,0,0,0.2,0.0,1.6,2.4,0,True,False,False,True,False,False,True,False,True,False,False,False,False,True,True,False,False,False,False,False,False,True,True,False,True,False,False
-0.5540677512436588,0.03690696313447821,-1.863082958468955,1.8103244209575264,3,8,12,7,11.375,0,2,7,10,6,12.166666666666666,0,1,1,1,0.875,0.8571428571428571,1.5,1.4285714285714286,1,False,False,True,False,False,True,False,True,False,False,False,False,False,False,False,False,False,False,False,False,False,False,False,True,True,False,False
-0.5540677512436588,0.5601558572210751,0.16034684317705286,0.6240782325724092,0,6,17,0,0.0,0,0,6,6,0,0.0,0,1,1,1,0.0,0.0,2.8333333333333335,1.0,1,True,False,False,True,False,False,False,True,False,False,False,False,False,False,False,False,False,False,False,False,False,False,True,True,True,False,False
-0.5540677512436588,0.03690696313447821,0.6921014326881187,-0.562167955812708,0,6,10,0,0.0,4,0,6,0,0,0.0,0,0,1,0,0.0,0.0,1.6666666666666667,0.0,0,True,False,False,False,False,True,False,False,False,False,False,False,False,False,False,False,True,False,False,False,True,False,True,False,True,False,False
2.4908958903736655,-0.577341738619352,-0.32997232377471053,-0.6939730878554988,0,5,9,1,11.0,0,0,5,9,2,12.5,0,0,1,0,0.2,0.4,1.8,1.8,1,True,False,False,False,False,False,False,False,False,False,False,False,False,False,False,False,False,False,False,False,False,False,True,False,True,False,False
-0.5540677512436588,-1.3356734691796368,-1.3106106576782364,-0.562167955812708,0,7,10,6,13.0,0,0,7,7,7,13.285714285714286,0,0,1,0,0.8571428571428571,1.0,1.4285714285714286,1.0,2,True,False,False,False,False,True,False,False,False,False,False,False,False,False,False,False,False,False,False,False,False,False,False,False,True,True,False
-0.5540677512436588,-1.714839334459779,-1.1724925824805565,1.1512987607435725,4,11,15,8,13.6,0,2,8,10,8,15.11111111111111,0,1,1,0,0.7272727272727273,1.0,1.3636363636363635,1.25,2,False,False,False,False,False,False,True,False,True,False,False,False,False,False,False,False,False,False,False,False,False,False,False,False,True,False,False
-0.5540677512436588,0.5601558572210751,0.04985238301890855,1.0194936287007816,0,5,8,3,11.0,0,0,5,9,2,11.5,0,1,1,0,0.6,0.4,1.6,1.8,0,False,False,False,False,False,False,False,True,False,False,False,False,False,False,False,False,False,False,False,False,False,False,True,False,True,False,False
-0.5540677512436588,-2.473171065020064,-0.39212545761366674,1.414909024829154,0,8,11,7,11.705714285714285,0,0,8,11,7,11.705714285714285,0,1,0,0,0.875,0.875,1.375,1.375,1,True,False,False,True,False,False,False,True,False,False,True,False,False,False,False,True,False,False,True,False,False,False,True,False,True,False,False
0.9684140695650034,0.9393217225012175,0.9061844492445219,-0.4303628237699172,6,12,12,12,13.25,0,4,11,14,11,14.333333333333334,0,0,1,0,1.0,1.0,1.0,1.2727272727272727,2,True,False,False,False,False,True,False,False,False,False,False,False,False,False,False,True,False,False,False,True,False,False,True,False,True,False,False
-0.5540677512436588,0.03690696313447821,-0.8410092020061256,0.6240782325724092,0,7,15,1,10.75,0,0,7,10,1,10.0,0,1,1,0,0.14285714285714285,0.14285714285714285,2.142857142857143,1.4285714285714286,0,True,False,False,True,False,False,False,True,False,False,False,False,False,False,False,False,False,False,False,False,False,False,False,False,True,False,False
-0.5540677512436588,1.3184875877813598,1.5898689214730366,1.0194936287007816,2,6,8,6,12.0,0,2,7,8,7,13.428571428571429,0,1,1,0,1.0,1.0,1.3333333333333333,1.1428571428571428,1,True,False,True,False,False,False,True,False,False,True,False,False,False,False,False,False,False,False,False,False,False,False,False,False,True,False,False
-0.5540677512436588,0.9393217225012175,0.3260885334142669,-0.6939730878554988,0,6,7,6,12.666666666666666,0,0,6,8,4,12.25,0,0,1,0,1.0,0.6666666666666666,1.1666666666666667,1.3333333333333333,1,True,False,False,False,False,True,False,False,False,False,False,False,False,False,True,False,False,False,False,False,False,False,True,False,True,False,False
-0.5540677512436588,0.03690696313447821,-1.1724925824805565,1.0194936287007816,0,6,8,5,11.4,0,0,6,9,3,11.0,0,1,1,1,0.8333333333333334,0.5,1.3333333333333333,1.5,0,False,False,True,False,False,True,False,True,False,False,False,False,False,False,False,False,False,True,False,False,False,False,False,False,False,False,False
0.9684140695650034,-1.714839334459779,-1.4832582516753359,-0.562167955812708,0,6,6,6,13.0,0,0,6,8,5,12.4,0,0,1,0,1.0,0.8333333333333334,1.0,1.3333333333333333,2,True,False,False,False,False,True,False,False,False,False,False,False,False,False,True,False,False,False,True,False,False,False,True,False,True,False,False
-0.5540677512436588,-0.3498422194512666,0.022228767979372222,-0.562167955812708,0,6,8,6,14.0,0,0,6,8,6,12.285714285714286,0,0,1,0,1.0,1.0,1.3333333333333333,1.3333333333333333,2,True,False,False,False,False,True,False,False,False,False,False,False,False,False,False,False,False,False,True,False,False,False,True,False,True,True,False
-0.5540677512436588,0.03690696313447821,0.20868816949623997,1.0194936287007816,0,6,11,0,0.0,0,0,5,10,0,0.0,0,1,1,0,0.0,0.0,1.8333333333333333,2.0,1,False,False,False,False,False,True,False,True,False,False,False,False,False,False,False,False,False,False,False,False,False,False,True,False,True,False,False
-0.5540677512436588,-0.19817587333920963,0.20868816949623997,1.414909024829154,0,6,0,0,0.0,0,0,6,0,0,0.0,0,1,1,0,0.0,0.0,0.0,0.0,0,True,False,False,True,False,False,True,False,True,False,False,False,False,False,False,False,False,False,False,False,False,False,False,False,True,False,False
-0.5540677512436588,0.33265633805298966,-0.29544280497529063,-0.6939730878554988,0,7,7,7,15.285714285714286,0,0,8,8,8,16.075,0,0,1,0,1.0,1.0,1.0,1.0,2,True,False,False,True,False,False,True,False,False,False,False,False,False,False,False,False,False,False,False,False,False,False,True,False,True,True,False
0.2071731591606723,-0.7290080847314089,-0.9031623358450809,-0.6939730878554988,0,6,6,6,13.166666666666666,0,0,6,6,6,12.666666666666666,0,0,1,0,1.0,1.0,1.0,1.0,2,True,False,False,False,False,False,False,False,False,False,False,False,False,False,False,False,False,False,False,False,False,False,True,False,True,False,False
-0.5540677512436588,1.7734866261175306,1.66583386283176,-0.562167955812708,0,5,7,5,13.6,0,0,5,11,5,12.833333333333334,5,0,0,1,1.0,1.0,1.4,2.2,2,True,True,False,False,False,False,False,False,False,False,True,False,False,False,False,True,False,False,False,True,False,False,False,True,True,False,False
0.2071731591606723,0.03690696313447821,-0.08135978841888752,-0.16675255968433558,0,4,8,0,0.0,0,0,4,8,0,0.0,0,0,0,1,0.0,0.0,2.0,2.0,0,True,True,False,False,False,True,False,False,False,False,True,False,True,False,False,False,True,False,False,True,False,False,True,False,False,True,False
-0.5540677512436588,-2.473171065020064,0.08438190181832748,1.1512987607435725,6,10,12,10,11.4,0,4,9,9,4,11.5,0,1,1,0,1.0,0.4444444444444444,1.2,1.0,2,False,True,False,False,False,False,False,True,False,False,False,False,False,False,False,False,True,False,False,False,True,False,False,False,True,False,False
-0.5540677512436588,0.5601558572210751,0.5608892612503227,4.973647589984505,0,5,0,0,0.0,0,0,5,0,0,0.0,0,1,0,0,0.0,0.0,0.0,0.0,0,True,True,False,False,False,False,False,True,False,False,False,False,True,False,False,False,False,False,False,True,False,False,False,False,True,False,False
-0.5540677512436588,-0.19817587333920963,-0.4680903989723902,0.8876884966579909,0,5,7,5,11.0,0,0,5,5,5,11.6,0,1,1,0,1.0,1.0,1.4,1.0,2,True,True,True,False,False,False,False,True,False,False,False,False,False,False,False,False,False,False,False,False,False,False,True,False,True,False,False
-0.5540677512436588,0.03690696313447821,0.40205347477299225,2.8647654772998528,0,5,9,0,0.0,0,0,5,11,0,0.0,0,1,1,1,0.0,0.0,1.8,2.2,0,False,True,True,False,False,False,False,True,False,False,False,False,False,False,False,False,False,False,False,False,False,False,False,True,False,False,False
-0.5540677512436588,0.5601558572210751,0.8992785454846383,-0.4303628237699172,0,6,7,6,13.571428571428571,0,0,6,6,6,12.666666666666666,0,0,1,0,1.0,1.0,1.1666666666666667,1.0,2,True,True,False,False,False,True,True,False,False,True,False,False,False,False,True,False,False,False,False,False,False,False,False,False,True,False,False
2.4908958903736655,0.33265633805298966,0.16034684317705286,-0.562167955812708,0,7,0,0,0.0,0,0,8,0,0,0.0,0,0,1,0,0.0,0.0,0.0,0.0,0,True,False,False,True,False,False,False,False,False,False,False,False,False,False,False,True,False,False,False,False,False,False,False,False,True,False,False
-0.5540677512436588,-0.9565076038994943,-1.2967988501584682,0.3604679684868276,4,10,14,4,11.25,0,4,11,11,4,12.0,0,1,0,0,0.4,0.36363636363636365,1.4,1.0,0,True,True,False,False,True,False,False,True,False,False,True,False,False,False,False,True,False,False,False,False,False,False,True,False,True,False,False
1.7296549799693344,-0.577341738619352,-0.10898340345842286,-0.562167955812708,0,5,6,3,13.333333333333334,0,0,5,5,1,11.0,0,0,1,0,0.6,0.2,1.2,1.0,0,True,True,False,False,False,False,False,False,False,False,False,False,False,False,True,False,False,False,False,False,False,True,True,False,True,False,False
-0.5540677512436588,-0.19817587333920963,0.9130903530044054,-0.562167955812708,0,6,6,6,12.0,0,0,6,7,6,11.666666666666666,0,0,1,0,1.0,1.0,1.0,1.1666666666666667,2,True,True,False,False,False,True,False,False,False,False,False,False,False,False,False,False,False,False,False,False,False,False,False,False,True,True,False
0.9684140695650034,-1.3356734691796368,-0.7512324531276341,-0.562167955812708,0,6,6,6,12.5,0,0,6,7,5,13.0,0,0,1,0,1.0,0.8333333333333334,1.0,1.1666666666666667,2,True,True,False,False,False,True,False,False,False,False,False,False,False,False,False,False,False,False,True,False,False,False,True,False,True,False,False
-0.5540677512436588,1.3184875877813598,0.7473486627671915,-0.562167955812708,0,5,6,5,13.2,0,0,5,6,5,12.666666666666666,0,0,1,0,1.0,1.0,1.2,1.2,2,True,True,False,False,False,False,False,False,False,False,False,False,False,False,True,False,False,False,True,False,False,False,True,False,True,True,False
0.9684140695650034,0.10515681888490426,0.09819370933809662,-0.562167955812708,0,5,5,0,0.0,0,0,4,4,0,0.0,0,0,1,1,0.0,0.0,1.0,1.0,0,True,True,False,False,False,False,False,False,False,False,False,False,False,False,False,False,True,False,False,False,True,False,True,False,False,False,False
-0.5540677512436588,-0.9565076038994943,-1.448728732875916,0.6240782325724092,0,5,7,3,11.666666666666666,0,0,5,8,2,11.5,1,1,1,1,0.6,0.4,1.4,1.6,0,True,True,False,False,False,False,False,True,False,False,False,False,False,False,False,False,True,False,False,False,True,False,True,False,False,False,False
-0.5540677512436588,0.6359890302771035,0.22249997701600713,0.09685770440124603,10,15,16,15,13.466666666666669,1,10,14,14,14,13.642857142857142,0,1,1,0,1.0,1.0,1.0666666666666667,1.0,2,True,True,False,False,False,False,False,True,False,False,False,False,False,False,False,False,False,False,False,False,False,False,False,False,True,False,False
-0.5540677512436588,0.02932364582887579,-0.06754798089911936,-0.6939730878554988,0,5,7,3,13.666666666666666,0,0,5,5,5,13.2,0,0,0,0,0.6,1.0,1.4,1.0,2,True,True,False,False,False,True,False,False,False,False,True,False,False,False,False,True,False,False,True,False,False,False,False,False,True,False,False
0.2071731591606723,1.2426544147253313,0.9683375830834781,-0.6939730878554988,0,5,9,2,11.666666666666666,0,0,5,9,2,12.5,2,0,1,0,0.4,0.4,1.8,1.8,1,True,True,False,False,True,False,False,False,False,False,False,False,False,False,True,False,False,False,True,False,False,False,False,False,True,False,False
-0.5540677512436588,-0.8806744308434659,-0.9653154696840371,-0.6939730878554988,0,6,7,6,11.666666666666666,0,0,6,12,5,10.2,0,0,0,0,1.0,0.8333333333333334,1.1666666666666667,2.0,2,True,True,False,False,False,True,False,False,False,False,False,False,True,False,False,True,False,False,False,False,False,False,True,False,True,True,False
-0.5540677512436588,-0.9565076038994943,-0.48190220649215837,-0.2985576917271264,0,6,9,5,13.4,0,0,6,9,5,12.4,0,0,0,0,0.8333333333333334,0.8333333333333334,1.5,1.5,2,True,True,False,False,False,True,True,False,False,True,True,False,False,False,False,True,False,False,False,False,False,False,False,False,True,False,False
-0.5540677512436588,1.166821241669303,0.2708413033351962,0.6240782325724092,0,5,5,0,0.0,0,0,5,6,0,0.0,0,1,1,1,0.0,0.0,1.0,1.2,0,False,True,True,False,False,False,False,True,False,False,False,False,False,False,False,False,False,False,True,False,False,False,False,False,False,False,False
-0.5540677512436588,0.03690696313447821,-0.48190220649215837,4.578232193856134,0,6,9,0,0.0,0,0,6,6,0,0.0,0,1,1,0,0.0,0.0,1.5,1.0,0,True,True,False,False,False,True,False,True,False,True,False,False,False,False,False,False,False,False,False,False,False,False,False,False,True,False,False
-0.5540677512436588,0.18098999194093274,0.4918302236514829,3.3919860054710163,0,5,5,0,0.0,0,0,5,5,0,0.0,0,1,1,1,0.0,0.0,1.0,1.0,0,False,True,True,False,False,False,False,True,False,False,False,False,False,False,False,False,True,False,False,False,True,False,True,False,False,False,False
-0.5540677512436588,1.3184875877813598,-0.48190220649215837,0.09685770440124603,0,5,6,3,10.666666666666666,0,0,5,9,2,10.5,0,1,1,0,0.6,0.4,1.2,1.8,1,True,True,False,False,True,False,False,True,False,False,False,False,False,False,False,True,False,False,True,False,False,False,False,False,True,False,False
-0.5540677512436588,-0.19817587333920963,-0.8410092020061256,0.22866283644403682,0,5,5,4,13.75,0,0,5,5,4,14.75,0,1,1,0,0.8,0.8,1.0,1.0,2,True,True,False,False,False,False,False,True,False,False,False,False,False,False,False,False,True,False,False,False,True,False,False,False,True,False,False
-0.5540677512436588,0.03690696313447821,-0.27472509369563886,1.2831038927863632,0,5,5,1,10.0,0,0,5,5,0,0.0,0,1,1,0,0.2,0.0,1.0,1.0,0,False,True,False,False,False,False,False,True,False,False,False,False,False,False,False,False,False,False,False,True,False,False,True,False,True,False,False
0.2071731591606723,0.03690696313447821,-0.620020281689838,1.2831038927863632,0,5,11,0,0.0,0,0,5,5,0,0.0,0,1,1,1,0.0,0.0,2.2,1.0,0,False,True,False,False,True,False,False,True,False,False,False,False,False,False,False,False,False,False,False,False,False,False,False,False,False,False,False
-0.5540677512436588,-1.714839334459779,-1.863082958468955,2.205739817085899,0,2,4,1,16.0,0,0,4,5,4,15.5,0,1,1,0,0.5,1.0,2.0,1.25,2,False,True,False,False,False,True,False,True,False,False,False,False,False,False,False,False,False,False,False,False,False,False,False,False,True,False,False
-0.5540677512436588,2.8351510489019294,1.66583386283176,3.2601808734282254,0,5,9,5,12.285714285714286,0,0,5,8,5,11.125,0,1,1,0,1.0,1.0,1.8,1.6,2,False,True,True,False,False,False,False,True,False,False,False,False,False,False,False,False,False,False,False,True,False,False,False,False,True,False,False
0.9684140695650034,-0.9565076038994943,-0.6959852230485615,-0.6939730878554988,0,5,10,3,12.0,0,0,5,8,3,10.333333333333334,0,0,1,1,0.6,0.6,2.0,1.6,1,True,True,False,False,True,False,False,False,False,False,False,False,False,False,False,False,False,False,False,True,False,False,True,True,False,False,False
-0.5540677512436588,0.03690696313447821,-1.448728732875916,0.09685770440124603,0,7,7,6,12.666666666666666,1,0,7,7,6,12.666666666666666,1,1,1,0,0.8571428571428571,0.8571428571428571,1.0,1.0,2,True,True,False,True,False,False,False,True,False,False,False,False,False,False,False,False,False,False,False,False,False,False,True,False,True,False,False
-0.5540677512436588,0.48432268416504665,0.008416960459604059,-0.034947427641544786,0,5,6,5,11.8,0,0,5,7,4,13.25,1,0,1,0,1.0,0.8,1.2,1.4,2,False,True,False,True,False,False,False,False,False,False,False,False,False,False,False,False,False,False,True,False,False,False,False,False,True,True,False
-0.5540677512436588,0.03690696313447821,1.9696936282666557,2.073934685043108,0,5,6,5,10.6,0,0,5,7,5,14.666666666666666,0,1,1,1,1.0,1.0,1.2,1.4,0,True,True,True,False,False,False,False,True,False,False,False,False,False,False,False,False,False,False,True,False,False,False,True,True,False,False,False
-0.5540677512436588,0.03690696313447821,-1.7940239208701152,-0.2985576917271264,5,11,16,9,11.9,0,3,9,14,8,12.25,0,0,1,0,0.8181818181818182,0.8888888888888888,1.4545454545454546,1.5555555555555556,2,True,True,False,False,False,True,False,False,False,False,False,False,False,False,False,False,False,False,False,False,False,False,False,False,True,False,False
-0.5540677512436588,-0.9565076038994943,0.08438190181832748,1.414909024829154,4,6,8,4,11.25,0,1,5,8,2,10.5,0,1,1,0,0.6666666666666666,0.4,1.3333333333333333,1.6,0,True,True,False,False,True,False,False,True,False,True,False,False,False,False,False,False,False,False,False,False,False,False,True,False,True,False,False
-0.5540677512436588,-2.473171065020064,-0.9653154696840371,2.3375449491286897,0,5,9,4,11.0,0,0,5,6,5,11.4,0,1,1,0,0.8,1.0,1.8,1.2,1,False,True,True,False,False,False,False,True,False,False,False,False,False,False,True,False,False,False,True,False,False,False,False,False,True,True,False
-0.5540677512436588,0.10515681888490426,-0.28853690121540704,-0.6939730878554988,0,6,6,6,12.0,0,0,6,6,6,12.5,0,0,1,0,1.0,1.0,1.0,1.0,2,True,True,False,False,False,True,False,False,False,False,False,False,False,False,True,False,False,False,True,False,False,False,False,False,True,False,False
-0.5540677512436588,-0.19817587333920963,1.2860091560381408,1.414909024829154,0,5,10,4,11.75,0,0,5,10,4,10.833333333333334,0,1,1,0,0.8,0.8,2.0,2.0,1,False,True,True,False,False,False,False,True,False,False,False,False,False,False,False,False,False,False,False,True,False,False,False,False,True,False,False
-0.5540677512436588,-0.3498422194512666,-0.7236088380880977,-0.562167955812708,0,5,8,2,10.0,0,0,5,8,1,16.0,0,0,1,0,0.4,0.2,1.6,1.6,0,True,True,False,False,False,False,False,False,False,False,False,False,False,False,False,True,False,False,False,False,False,False,False,False,True,False,False
-0.5540677512436588,1.6218202800054737,1.037396620682318,-0.562167955812708,0,8,8,7,13.714285714285714,0,0,8,8,7,13.714285714285714,0,0,1,0,0.875,0.875,1.0,1.0,2,True,True,False,True,False,False,False,False,False,False,False,False,False,False,False,True,False,False,False,True,False,False,False,False,True,False,False
-0.5540677512436588,1.3184875877813598,1.5898689214730366,0.6240782325724092,0,6,14,6,14.875,0,0,6,12,6,15.8,0,1,1,0,1.0,1.0,2.3333333333333335,2.0,2,True,True,False,False,False,True,True,False,True,False,False,False,False,False,True,False,False,False,False,False,False,False,False,False,True,False,False
-0.5540677512436588,0.10515681888490426,0.4365829935724122,-0.6939730878554988,0,6,7,5,10.8,1,0,6,6,0,0.0,0,0,1,0,0.8333333333333334,0.0,1.1666666666666667,1.0,0,True,True,False,False,False,True,False,False,False,False,False,False,False,False,True,False,False,False,False,False,True,False,True,False,True,False,False
-0.5540677512436588,-0.425675392507295,-0.7719501644072858,-0.562167955812708,0,6,11,3,12.0,0,0,6,12,2,10.0,0,0,0,0,0.5,0.3333333333333333,1.8333333333333333,2.0,0,True,True,False,False,False,True,False,False,False,False,True,False,True,False,False,True,False,False,True,False,False,False,True,False,True,False,False
0.2071731591606723,0.03690696313447821,-1.863082958468955,-0.562167955812708,0,6,10,5,12.5,0,0,6,19,2,13.5,0,0,1,1,0.8333333333333334,0.3333333333333333,1.6666666666666667,3.1666666666666665,0,True,True,False,True,False,False,False,False,False,False,False,False,False,False,False,False,False,False,False,True,False,False,True,True,False,False,False
-0.5540677512436588,-0.19817587333920963,0.11200551685786381,-0.6939730878554988,0,7,7,7,14.728571428571428,0,0,8,11,8,16.327272727272728,0,0,0,0,1.0,1.0,1.0,1.375,2,True,False,False,True,False,False,False,False,False,False,False,False,True,False,False,False,False,False,False,True,False,False,True,False,True,False,False
-0.5540677512436588,0.18098999194093274,0.6990073364480024,-0.6939730878554988,0,6,8,6,12.0,0,0,6,8,5,14.8,0,0,0,0,1.0,0.8333333333333334,1.3333333333333333,1.3333333333333333,2,True,False,False,False,False,True,False,False,False,False,True,False,True,False,False,True,False,False,False,True,False,False,True,False,True,False,False
-0.5540677512436588,0.7876553763891605,1.5208098838741968,-0.6939730878554988,0,6,8,6,11.428571428571429,0,0,6,7,6,11.0,0,0,0,0,1.0,1.0,1.3333333333333333,1.1666666666666667,0,True,False,False,False,False,True,False,False,False,False,False,False,True,False,False,True,False,False,False,True,False,False,True,False,True,False,False
0.2071731591606723,1.3184875877813598,1.382691808676517,-0.562167955812708,3,6,6,6,14.166666666666666,0,2,6,6,6,13.5,0,0,0,0,1.0,1.0,1.0,1.0,2,True,False,False,False,False,True,True,False,False,True,True,False,False,False,True,False,False,False,False,False,False,False,True,False,True,False,False
-0.5540677512436588,1.3184875877813598,1.5898689214730366,1.0194936287007816,1,6,12,5,12.5,0,0,6,10,5,14.6,0,1,1,0,0.8333333333333334,0.8333333333333334,2.0,1.6666666666666667,2,False,False,False,False,False,True,True,False,True,False,False,False,False,False,False,False,False,False,False,False,False,False,False,False,True,False,False
-0.5540677512436588,-0.19817587333920963,-1.6213763268730155,1.2831038927863632,0,6,6,6,14.166666666666666,0,0,6,6,6,14.333333333333334,0,1,1,0,1.0,1.0,1.0,1.0,2,True,False,True,False,False,True,False,True,False,False,False,False,False,False,False,False,False,False,False,False,False,False,False,False,True,True,False
0.9684140695650034,-1.4873398152916937,-1.3244224651980046,-0.4303628237699172,0,7,10,5,14.46,0,0,7,8,6,13.55,0,0,0,0,0.7142857142857143,0.8571428571428571,1.4285714285714286,1.1428571428571428,1,True,False,False,True,False,False,False,False,False,False,True,False,False,False,False,True,False,False,False,True,False,False,True,False,True,True,False
-0.5540677512436588,-0.19817587333920963,0.20868816949623997,-0.16675255968433558,0,6,12,5,12.8,0,0,6,19,2,11.5,0,0,1,0,0.8333333333333334,0.3333333333333333,2.0,3.1666666666666665,1,True,False,False,True,False,False,True,False,False,True,False,False,False,False,False,False,False,False,True,False,False,False,True,False,True,False,True
-0.5540677512436588,-1.3356734691796368,-1.2139280050398602,-0.562167955812708,0,6,8,6,12.666666666666666,0,0,6,8,5,13.4,0,0,1,0,1.0,0.8333333333333334,1.3333333333333333,1.3333333333333333,2,True,False,False,False,False,False,False,False,False,False,False,False,False,False,False,True,False,False,False,True,False,False,True,False,True,False,False
0.9684140695650034,1.015154895557246,1.1478910808404612,-0.6939730878554988,0,6,6,6,12.5,0,0,6,6,6,13.0,0,0,1,0,1.0,1.0,1.0,1.0,0,True,False,False,False,False,True,False,False,False,False,False,False,False,False,False,False,True,False,False,False,True,False,True,False,True,False,False
0.9684140695650034,-0.04650952722715268,-0.18494834481714728,-0.6939730878554988,0,6,0,0,0.0,0,0,6,0,0,0.0,0,0,1,0,0.0,0.0,0.0,0.0,0,True,False,False,False,False,True,False,False,False,False,False,False,False,False,True,False,False,False,True,False,False,False,False,False,True,False,False
2.4908958903736655,-1.2598402961236081,-0.5164317252915782,-0.6939730878554988,0,6,0,0,0.0,0,0,6,0,0,0.0,0,0,1,1,0.0,0.0,0.0,0.0,0,True,False,False,False,False,False,False,False,False,False,False,False,False,False,False,False,False,False,False,False,False,False,True,False,False,False,False
-0.5540677512436588,2.30431883750973,3.357780284003336,-0.6939730878554988,0,0,0,0,0.0,0,0,0,0,0,0.0,0,0,0,0,0.0,0.0,0.0,0.0,2,True,False,False,False,False,True,False,False,False,False,True,False,True,False,False,True,False,False,True,False,False,False,True,False,True,False,False
0.2071731591606723,-0.8048412577874374,-0.7512324531276341,-0.562167955812708,0,5,8,5,11.2,0,0,5,5,3,11.0,0,0,1,0,1.0,0.6,1.6,1.0,2,True,False,False,False,False,False,False,False,False,False,False,False,False,False,False,False,False,False,False,False,False,False,True,False,True,True,False
0.2071731591606723,0.25682316499696123,-0.026112558339815857,-0.6939730878554988,0,6,6,6,16.5,0,0,6,7,6,17.428571428571427,0,0,0,0,1.0,1.0,1.0,1.1666666666666667,0,True,False,False,False,False,True,False,False,False,False,False,False,True,False,False,True,False,False,True,False,False,False,True,False,True,False,False
-0.5540677512436588,0.7118222033331321,0.2639353995753126,-0.6939730878554988,0,5,9,3,13.666666666666666,1,0,5,5,5,12.0,0,0,0,0,0.6,1.0,1.8,1.0,2,True,False,False,True,False,False,False,False,False,False,True,False,False,False,True,False,False,False,True,False,False,False,True,False,True,False,False
3.2521368007779965,0.48432268416504665,0.4503948010921794,-0.6939730878554988,0,8,8,7,15.228571428571428,0,0,8,8,7,15.228571428571428,0,0,1,0,0.875,0.875,1.0,1.0,2,True,False,False,True,False,False,False,False,False,False,False,False,False,False,False,False,False,False,False,False,False,False,True,False,True,True,False
-0.5540677512436588,0.5601558572210751,0.6851955289282352,-0.2985576917271264,5,9,10,9,12.77777777777778,0,4,9,9,9,13.22222222222222,0,0,1,0,1.0,1.0,1.1111111111111112,1.0,2,True,False,False,False,False,True,True,False,False,True,False,False,False,False,False,False,False,False,False,False,False,False,True,False,True,False,False
-0.5540677512436588,2.4559851836217867,1.0581143319619706,-0.6939730878554988,0,8,8,7,14.428571428571429,0,0,8,8,7,14.428571428571429,0,0,1,0,0.875,0.875,1.0,1.0,2,True,False,False,True,False,False,False,False,False,False,False,False,False,False,True,False,False,False,True,False,False,False,False,False,True,True,False
0.9684140695650034,-0.8048412577874374,-0.8755387208055456,-0.6939730878554988,0,6,8,6,13.875,0,0,6,7,6,13.714285714285714,0,0,1,0,1.0,1.0,1.3333333333333333,1.1666666666666667,2,True,False,False,False,False,False,False,False,False,False,False,False,False,False,False,True,False,False,False,True,False,False,True,False,True,False,False
0.2071731591606723,0.18098999194093274,-0.28163099745552245,-0.6939730878554988,0,7,10,7,13.128,0,0,8,13,6,13.193333333333332,0,0,1,0,1.0,0.75,1.4285714285714286,1.625,2,True,False,False,True,False,False,False,False,False,False,False,False,False,False,False,False,False,False,False,False,False,False,True,False,True,False,False
-0.5540677512436588,-0.3498422194512666,-0.6752675117689096,-0.4303628237699172,0,7,9,6,11.605,0,0,8,10,7,12.4125,0,0,1,0,0.8571428571428571,0.875,1.2857142857142858,1.25,2,True,False,False,True,False,False,False,False,False,False,False,False,False,False,True,False,False,False,False,True,False,False,True,False,True,False,False
-0.5540677512436588,0.48432268416504665,1.7279869966707162,-0.6939730878554988,0,5,5,5,14.6,0,0,5,8,5,12.0,0,0,1,0,1.0,1.0,1.0,1.6,2,True,False,False,False,False,False,False,False,False,False,False,False,False,False,True,False,False,False,True,False,False,False,False,False,True,True,False
0.2071731591606723,-0.577341738619352,-0.32997232377471053,-0.6939730878554988,0,6,0,0,0.0,0,0,6,0,0,0.0,0,0,1,0,0.0,0.0,0.0,0.0,0,True,False,False,False,False,True,False,False,False,False,False,False,False,False,True,False,False,False,True,False,False,False,True,False,True,False,False
0.2071731591606723,-2.321504718908007,-1.7456825945509271,-0.4303628237699172,0,5,6,5,11.8,0,0,5,6,5,11.6,0,0,1,0,1.0,1.0,1.2,1.2,2,True,False,False,False,False,False,False,False,False,False,False,False,False,False,False,False,False,False,True,False,False,False,True,False,True,True,False
-0.5540677512436588,-1.2598402961236081,-0.48880811025204196,-0.4303628237699172,0,6,6,6,12.333333333333334,0,0,6,6,6,12.333333333333334,0,0,1,0,1.0,1.0,1.0,1.0,2,True,False,False,False,False,False,False,False,False,False,False,False,False,False,False,False,False,False,False,False,False,False,True,False,True,False,False
-0.5540677512436588,0.40848951110901816,-0.22638376737645077,-0.562167955812708,0,5,5,4,11.0,0,0,5,5,0,0.0,0,0,1,1,0.8,0.0,1.0,1.0,0,True,False,False,False,False,False,False,False,False,False,False,False,False,False,False,False,False,False,False,False,False,False,True,True,True,True,False
-0.5540677512436588,0.18098999194093274,-0.35759593881424684,-0.562167955812708,5,11,11,11,13.181818181818182,0,5,11,11,11,12.909090909090908,0,0,0,0,1.0,1.0,1.0,1.0,2,True,False,False,False,False,True,False,True,False,False,True,False,False,False,False,True,False,False,True,False,False,False,False,False,True,True,False
1.7296549799693344,-1.714839334459779,-1.4418228291160324,-0.6939730878554988,0,6,6,1,11.0,0,0,6,0,0,0.0,0,0,1,1,0.16666666666666666,0.0,1.0,0.0,0,True,False,False,False,False,False,False,False,False,False,False,False,False,False,False,False,False,False,False,False,False,True,True,True,False,True,False
0.9684140695650034,-0.04650952722715268,-0.18494834481714728,-0.562167955812708,0,6,6,6,11.833333333333334,0,0,6,7,6,12.285714285714286,0,0,1,1,1.0,1.0,1.0,1.1666666666666667,2,True,False,False,False,False,True,False,False,False,False,False,False,False,False,True,False,False,False,False,False,False,False,True,True,True,True,False
0.2071731591606723,-0.5015085655633235,-0.18494834481714728,-0.4303628237699172,0,8,8,8,12.98125,0,0,8,8,8,12.98125,0,0,1,0,1.0,1.0,1.0,1.0,2,True,False,False,True,False,False,False,False,False,False,False,False,False,False,True,False,False,False,False,False,False,False,True,False,True,True,False
-0.5540677512436588,-1.1536738538451679,-0.6614557042491415,-0.2985576917271264,4,7,10,6,11.333333333333334,0,1,5,6,5,11.2,0,0,1,0,0.8571428571428571,1.0,1.4285714285714286,1.2,2,True,False,False,False,False,False,True,False,False,True,False,False,False,False,True,False,False,False,False,False,False,False,True,False,True,False,False
0.2071731591606723,-0.9565076038994943,-0.9860331809636889,-0.2985576917271264,0,8,12,6,11.68,0,0,8,12,6,11.68,0,0,0,0,0.75,0.75,1.5,1.5,2,True,False,False,True,False,False,False,True,False,False,False,True,True,False,False,True,False,False,False,True,False,False,False,False,True,False,False
-0.5540677512436588,-1.2598402961236081,-0.22638376737645077,-0.4303628237699172,0,6,6,6,14.5,0,0,6,7,6,13.5,0,0,1,0,1.0,1.0,1.0,1.1666666666666667,2,True,False,False,False,False,True,False,False,False,False,False,False,False,False,False,False,False,False,False,False,False,False,False,False,True,False,False
0.2071731591606723,-1.6390061614037505,-1.4625405403956842,-0.562167955812708,0,7,7,7,13.142857142857142,0,0,7,8,7,12.857142857142858,0,0,1,0,1.0,1.0,1.0,1.1428571428571428,2,True,False,False,False,False,True,False,False,False,False,False,False,False,False,False,False,False,False,False,False,False,False,True,False,True,False,False
0.9684140695650034,-0.3498422194512666,-0.19185424857703087,-0.2985576917271264,0,5,8,2,11.5,0,0,5,7,2,10.5,0,0,1,1,0.4,0.4,1.6,1.4,0,True,False,False,True,False,False,False,False,False,False,False,False,False,False,True,False,False,False,False,False,False,True,False,False,False,False,False
-0.5540677512436588,-0.7290080847314089,-0.32306642001482694,-0.6939730878554988,0,5,6,5,14.2,0,0,5,7,5,11.8,0,0,1,0,1.0,1.0,1.2,1.4,2,True,False,False,True,False,False,False,False,False,False,False,False,False,False,True,False,False,False,False,False,False,True,False,False,True,False,False
2.4908958903736655,-0.12234270028318116,-0.22638376737645077,-0.562167955812708,0,6,8,5,11.666666666666666,0,0,6,7,5,12.2,0,0,1,0,0.8333333333333334,0.8333333333333334,1.3333333333333333,1.1666666666666667,2,True,False,False,False,False,False,False,False,False,False,False,False,False,False,False,False,False,False,False,False,False,False,False,False,True,True,False
0.2071731591606723,0.18098999194093274,0.1948763619764728,-0.6939730878554988,0,7,8,7,13.175,0,0,8,8,8,14.875,0,0,1,0,1.0,1.0,1.1428571428571428,1.0,2,True,False,False,True,False,False,False,False,False,False,False,False,False,False,False,False,False,False,True,False,False,False,True,False,True,False,False
1.7296549799693344,0.25682316499696123,-0.21947786361656718,-0.562167955812708,0,8,8,7,13.314285714285717,0,0,8,8,7,13.314285714285717,0,0,1,0,0.875,0.875,1.0,1.0,2,True,False,False,True,False,False,False,False,False,False,False,False,False,False,False,False,False,False,False,False,False,False,True,False,True,True,False
0.2071731591606723,-0.04650952722715268,-0.03992436585958304,-0.6939730878554988,0,5,13,3,10.6,0,0,5,12,3,10.5,0,0,1,0,0.6,0.6,2.6,2.4,2,True,False,False,False,False,False,False,False,False,False,False,False,False,False,True,False,False,False,False,True,False,False,True,False,True,True,False
-0.5540677512436588,-0.9565076038994943,-0.8202914907264739,-0.6939730878554988,0,6,11,4,12.0,0,0,6,8,4,10.75,0,0,1,0,0.6666666666666666,0.6666666666666666,1.8333333333333333,1.3333333333333333,1,True,False,False,False,False,True,False,False,False,False,False,False,False,False,True,False,False,False,False,False,False,False,False,False,True,True,False
-0.5540677512436588,0.8634885494451889,0.7887840853264949,-0.6939730878554988,0,6,7,6,13.428571428571429,0,0,6,7,6,14.142857142857142,0,0,1,0,1.0,1.0,1.1666666666666667,1.1666666666666667,2,True,False,False,False,False,True,False,False,False,False,False,False,False,False,False,False,False,False,False,False,False,False,False,False,True,False,False
-0.5540677512436588,-0.2740090463952381,-0.6062084741700698,-0.6939730878554988,0,5,7,4,13.25,0,0,5,8,5,15.571428571428571,0,0,1,0,0.8,1.0,1.4,1.6,2,True,False,False,True,False,False,False,False,False,False,False,False,False,False,False,False,False,False,False,False,False,False,True,False,True,True,False
-0.5540677512436588,0.25682316499696123,-0.36450184257413043,-0.6939730878554988,0,6,6,2,13.0,0,0,6,6,0,0.0,0,0,1,0,0.3333333333333333,0.0,1.0,1.0,0,True,False,False,False,False,True,False,False,False,False,False,False,False,False,False,False,False,False,False,False,False,False,True,False,True,False,False
0.9684140695650034,-0.577341738619352,-0.620020281689838,-0.6939730878554988,0,6,6,6,14.333333333333334,0,0,6,7,6,14.0,0,0,1,0,1.0,1.0,1.0,1.1666666666666667,1,True,False,False,False,False,True,False,False,False,False,False,False,False,False,False,False,False,False,False,False,False,False,False,False,True,True,False
-0.5540677512436588,-0.577341738619352,-0.4957140140119265,-0.6939730878554988,0,6,0,0,0.0,0,0,6,0,0,0.0,0,0,1,0,0.0,0.0,0.0,0.0,0,True,False,False,False,False,True,False,False,False,False,False,False,False,False,False,False,False,False,False,False,False,False,False,False,True,False,False
-0.5540677512436588,1.6218202800054737,2.6188485816957505,-0.6939730878554988,0,6,6,6,14.0,0,0,6,6,6,13.166666666666666,0,0,0,0,1.0,1.0,1.0,1.0,2,True,False,False,False,False,True,False,False,False,False,False,False,True,False,True,False,False,False,False,True,False,False,False,False,True,False,False
-0.5540677512436588,-2.473171065020064,-1.863082958468955,-0.4303628237699172,1,2,2,2,12.0,0,1,6,11,6,12.833333333333334,0,0,1,0,1.0,1.0,1.0,1.8333333333333333,2,True,False,False,True,False,False,False,True,False,False,False,False,False,False,True,False,False,False,False,False,False,False,True,False,True,True,False
-0.5540677512436588,-0.6531749116753804,-0.371407746334015,-0.6939730878554988,0,6,9,5,12.333333333333334,0,0,6,10,5,10.6,0,0,0,0,0.8333333333333334,0.8333333333333334,1.5,1.6666666666666667,1,True,False,False,False,False,True,False,False,False,False,True,False,False,False,False,True,False,False,True,False,False,False,False,False,True,False,False
1.7296549799693344,-0.5015085655633235,-0.454278591452622,-0.6939730878554988,0,6,8,5,11.8,0,0,6,7,5,10.4,1,0,1,0,0.8333333333333334,0.8333333333333334,1.3333333333333333,1.1666666666666667,2,True,False,False,False,False,True,False,False,False,False,False,False,False,False,True,False,False,False,True,False,False,False,True,False,True,False,False
3.2521368007779965,-0.6531749116753804,-0.6338320892096062,-0.4303628237699172,0,8,8,7,12.791428571428572,1,0,8,8,7,12.791428571428572,1,0,1,0,0.875,0.875,1.0,1.0,2,True,False,False,True,False,False,False,False,False,False,False,False,False,False,False,False,False,False,False,False,False,False,False,False,True,True,False
-0.5540677512436588,1.3184875877813598,-1.1724925824805565,2.205739817085899,4,8,8,8,11.625,0,3,7,12,5,11.2,0,1,1,0,1.0,0.7142857142857143,1.0,1.7142857142857142,2,False,False,False,False,False,False,False,True,False,False,False,False,False,False,False,False,False,False,False,False,False,False,False,False,True,False,False
3.2521368007779965,0.02932364582887579,0.12581732437763296,-0.6939730878554988,0,7,11,6,11.994444444444444,0,0,8,11,7,12.43142857142857,0,0,1,0,0.8571428571428571,0.875,1.5714285714285714,1.375,2,True,False,False,True,False,False,False,False,False,False,False,False,False,False,False,False,False,False,False,False,False,False,True,False,True,True,False
2.4908958903736655,-0.5015085655633235,-0.7167029343282142,-0.562167955812708,0,6,9,5,11.6,0,0,6,12,5,12.2,0,0,1,0,0.8333333333333334,0.8333333333333334,1.5,2.0,2,True,False,False,False,False,False,False,False,False,False,False,False,False,False,True,False,False,False,False,False,False,False,True,False,True,False,False
-0.5540677512436588,-0.9565076038994943,-0.48190220649215837,0.09685770440124603,0,5,5,0,0.0,0,0,5,6,0,0.0,0,1,1,0,0.0,0.0,1.0,1.2,0,True,False,True,False,False,False,True,False,True,False,False,False,False,False,True,False,False,False,False,False,False,False,False,False,True,False,False
0.9684140695650034,3.2143169141820715,2.107811703464335,-0.562167955812708,0,6,8,6,13.166666666666666,0,0,6,7,6,13.166666666666666,0,0,0,0,1.0,1.0,1.3333333333333333,1.1666666666666667,0,True,False,False,False,False,True,False,False,False,False,True,False,False,False,False,True,False,False,False,False,False,False,True,False,True,False,False
3.2521368007779965,0.6359890302771035,0.6437601063689317,-0.562167955812708,0,8,8,7,14.1,0,0,8,8,7,14.1,0,0,0,0,0.875,0.875,1.0,1.0,2,True,False,False,True,False,False,False,False,False,False,True,False,False,False,True,False,False,False,True,False,False,False,True,False,True,False,False
-0.5540677512436588,0.02932364582887579,-0.3783136500938986,-0.4303628237699172,0,7,8,6,12.396666666666668,0,0,8,9,7,12.94285714285714,0,0,1,0,0.8571428571428571,0.875,1.1428571428571428,1.125,2,True,False,False,True,False,False,False,False,False,False,False,False,False,False,False,False,False,False,False,False,False,False,True,False,True,True,False
-0.5540677512436588,0.7876553763891605,0.4780184161317157,-0.6939730878554988,0,7,7,7,15.014285714285714,0,0,8,8,8,16.0875,0,0,1,0,1.0,1.0,1.0,1.0,2,True,False,False,True,False,False,False,False,False,False,False,False,False,False,True,False,False,False,True,False,False,False,False,False,True,False,False
-0.5540677512436588,0.6359890302771035,0.6782896251683516,-0.6939730878554988,0,0,0,0,0.0,0,0,0,0,0,0.0,0,0,1,0,0.0,0.0,0.0,0.0,2,True,False,False,False,False,True,False,False,False,False,False,False,False,False,True,False,False,False,False,False,False,False,True,False,True,True,False
0.2071731591606723,0.10515681888490426,0.4503948010921794,-0.562167955812708,0,7,8,7,14.05,0,0,8,8,8,15.1,0,0,1,0,1.0,1.0,1.1428571428571428,1.0,2,True,False,False,True,False,False,False,False,False,False,False,False,False,False,True,False,False,False,False,False,False,False,True,False,True,False,False
0.9684140695650034,0.40848951110901816,0.20868816949623997,-0.6939730878554988,0,7,8,7,14.85,0,0,8,8,8,15.2,0,0,0,0,1.0,1.0,1.1428571428571428,1.0,0,True,False,False,True,False,False,False,False,False,False,True,False,True,False,True,False,False,False,True,False,False,False,True,False,True,False,False
-0.5540677512436588,0.5601558572210751,0.8992785454846383,-0.562167955812708,0,6,10,6,13.0,0,0,6,19,5,13.0,0,0,0,0,1.0,0.8333333333333334,1.6666666666666667,3.1666666666666665,2,True,False,False,True,False,False,True,False,False,True,True,False,True,False,False,True,False,False,False,True,False,False,True,False,True,False,False
0.2071731591606723,0.7118222033331321,0.3951475710131067,-0.562167955812708,0,7,8,7,14.7875,0,0,8,8,8,15.8625,0,0,1,0,1.0,1.0,1.1428571428571428,1.0,2,True,False,False,True,False,False,False,False,False,False,False,False,False,False,False,False,False,False,False,False,False,False,True,False,True,True,False
-0.5540677512436588,-1.1081739500115513,-0.6338320892096062,-0.562167955812708,0,7,7,7,13.7,0,0,8,9,7,14.671428571428574,0,0,1,0,1.0,0.875,1.0,1.125,2,True,False,False,True,False,False,False,False,False,False,False,False,False,False,True,False,False,False,False,False,False,False,False,False,True,True,False
0.2071731591606723,-0.12234270028318116,-0.06064207713923577,-0.562167955812708,0,7,7,7,12.495714285714286,0,0,8,9,7,12.242857142857144,0,0,1,0,1.0,0.875,1.0,1.125,0,True,False,False,True,False,False,False,False,False,False,False,False,False,False,True,False,False,False,True,False,False,False,True,False,True,True,False
-0.5540677512436588,-0.19817587333920963,-0.48190220649215837,-0.562167955812708,0,7,7,6,14.566666666666668,0,0,7,7,6,14.566666666666668,0,0,1,0,0.8571428571428571,0.8571428571428571,1.0,1.0,2,True,False,False,True,False,False,False,False,False,False,False,False,False,False,False,True,False,False,False,False,False,False,False,False,True,False,False
-0.5540677512436588,0.03690696313447821,-1.863082958468955,0.22866283644403682,0,5,5,5,11.2,0,0,5,5,4,11.25,0,1,1,1,1.0,0.8,1.0,1.0,0,True,False,False,False,False,False,False,True,False,True,False,False,False,False,False,True,False,False,True,False,False,False,True,True,False,False,False
-0.5540677512436588,-0.19817587333920963,-0.702891126808446,-0.4303628237699172,0,8,8,7,12.685714285714283,0,0,8,8,7,12.685714285714283,0,0,1,0,0.875,0.875,1.0,1.0,2,True,False,False,True,False,False,False,False,False,False,False,False,False,False,True,False,False,False,False,False,False,False,False,False,True,False,False
-0.5540677512436588,-0.19817587333920963,0.09128780557821303,-0.034947427641544786,5,9,12,7,13.571428571428571,0,4,9,14,4,13.25,0,0,1,1,0.7777777777777778,0.4444444444444444,1.3333333333333333,1.5555555555555556,0,True,False,False,False,False,True,True,False,False,True,False,False,False,False,True,False,False,False,True,False,False,False,False,True,False,False,False
-0.5540677512436588,0.03690696313447821,-0.6890793192886778,-0.4303628237699172,0,6,0,0,0.0,0,0,6,0,0,0.0,0,0,1,0,0.0,0.0,0.0,0.0,0,True,False,False,False,False,True,False,False,False,False,False,False,False,False,False,False,False,False,False,False,False,False,False,False,True,False,False
-0.5540677512436588,-0.19817587333920963,0.31227672589449973,0.4922731005296184,0,6,8,5,11.0,0,0,6,7,6,11.166666666666666,0,1,1,0,0.8333333333333334,1.0,1.3333333333333333,1.1666666666666667,2,True,False,True,False,False,True,False,True,False,False,False,False,False,False,False,False,False,False,False,False,False,False,False,False,True,False,False
-0.5540677512436588,1.2426544147253313,0.540171549970672,-0.6939730878554988,0,8,8,8,14.445,0,0,8,8,8,14.445,0,0,1,0,1.0,1.0,1.0,1.0,2,True,False,False,True,False,False,False,False,False,False,False,False,False,False,True,False,False,False,True,False,False,False,False,False,True,False,False
-0.5540677512436588,2.30431883750973,1.3550681936369808,-0.6939730878554988,0,6,9,5,13.6,0,0,6,10,4,11.75,0,0,1,1,0.8333333333333334,0.6666666666666666,1.5,1.6666666666666667,1,True,False,False,False,False,True,False,False,False,False,False,False,False,False,True,False,False,False,False,False,False,False,True,True,True,False,False
-0.5540677512436588,-0.19817587333920963,0.20868816949623997,-0.034947427641544786,7,12,12,11,14.0,0,4,10,11,8,14.625,0,0,1,1,0.9166666666666666,0.8,1.0,1.1,0,True,False,True,False,False,True,True,False,True,False,False,False,False,False,True,False,False,False,False,False,False,False,True,True,False,False,False
3.2521368007779965,0.9393217225012175,0.03604057549914038,-0.562167955812708,0,7,7,6,13.416666666666666,0,0,7,7,6,13.416666666666666,0,0,1,0,0.8571428571428571,0.8571428571428571,1.0,1.0,2,True,False,False,True,False,False,False,False,False,False,False,False,False,False,True,False,False,False,False,False,False,False,True,False,True,True,False
-0.5540677512436588,-0.19817587333920963,-0.27472509369563886,-0.6939730878554988,0,5,8,5,12.333333333333334,2,0,5,7,5,11.4,0,0,1,0,1.0,1.0,1.6,1.4,2,True,False,False,False,False,False,False,False,False,False,False,False,False,False,False,True,False,False,False,True,False,False,False,False,True,False,False
-0.5540677512436588,-0.3498422194512666,-1.863082958468955,-0.4303628237699172,0,7,8,7,13.1,0,0,8,8,8,14.8125,0,0,1,0,1.0,1.0,1.1428571428571428,1.0,2,True,False,False,True,False,False,False,True,False,False,False,False,False,False,False,False,False,False,False,False,False,False,True,False,True,False,False
0.2071731591606723,-1.6390061614037505,-0.8824446245654292,-0.6939730878554988,0,6,9,4,13.2,0,0,6,10,5,12.8,0,0,1,0,0.6666666666666666,0.8333333333333334,1.5,1.6666666666666667,2,True,False,False,False,False,False,False,False,False,False,False,False,False,False,False,False,False,False,False,False,False,False,True,False,True,False,False
-0.5540677512436588,0.5601558572210751,-0.24019557489621893,-0.562167955812708,0,8,8,8,14.75,0,0,8,8,8,14.75,0,0,1,0,1.0,1.0,1.0,1.0,2,True,False,False,True,False,False,False,False,False,False,False,False,False,False,True,False,False,False,True,False,False,False,True,False,True,True,False
-0.5540677512436588,0.5601558572210751,1.1962324071596504,-0.562167955812708,3,6,7,6,13.142857142857142,0,2,6,6,6,14.333333333333334,0,0,1,0,1.0,1.0,1.1666666666666667,1.0,2,True,False,False,False,False,True,True,False,False,True,False,False,False,False,False,False,False,False,False,False,False,False,True,False,True,True,False
-0.5540677512436588,0.9393217225012175,1.051208428202085,-0.562167955812708,0,6,9,4,12.5,0,0,6,9,5,12.5,0,0,1,0,0.6666666666666666,0.8333333333333334,1.5,1.5,1,True,False,False,False,False,True,False,False,False,False,False,False,False,False,True,False,False,False,True,False,False,False,False,False,True,False,False
-0.5540677512436588,1.3943207608373882,2.411671468899231,-0.6939730878554988,0,5,6,4,13.75,0,0,5,8,5,14.857142857142858,0,0,0,0,0.8,1.0,1.2,1.6,2,True,False,False,True,False,False,False,False,False,False,True,False,True,False,False,True,False,False,False,False,False,True,False,False,True,False,False
-0.5540677512436588,-0.04650952722715268,0.6161364913293953,-0.6939730878554988,0,6,11,5,12.4,0,0,6,7,6,13.0,0,0,1,0,0.8333333333333334,1.0,1.8333333333333333,1.1666666666666667,2,True,False,False,False,False,True,False,False,False,False,False,False,False,False,False,False,False,False,True,False,False,False,False,False,True,False,False
0.2071731591606723,-1.2598402961236081,-1.165586678720673,-0.6939730878554988,0,6,6,6,13.333333333333334,0,0,6,6,6,12.0,0,0,1,0,1.0,1.0,1.0,1.0,2,True,False,False,False,False,True,False,False,False,False,False,False,False,False,True,False,False,False,False,False,False,False,True,False,True,False,False
-0.5540677512436588,-0.9565076038994943,-0.30925461249505876,0.6240782325724092,11,11,11,11,11.727272727272728,0,8,8,8,8,12.0,0,1,1,1,1.0,1.0,1.0,1.0,0,True,False,False,False,False,True,True,False,False,False,False,False,False,False,False,False,False,False,False,False,False,False,False,False,False,False,False
-0.5540677512436588,1.9251529722295875,0.7680663740468422,-0.562167955812708,0,6,8,4,12.5,0,0,6,11,1,14.0,0,0,1,0,0.6666666666666666,0.16666666666666666,1.3333333333333333,1.8333333333333333,0,True,False,False,False,False,False,False,False,False,False,False,False,False,False,True,False,False,False,False,False,False,False,True,False,True,False,False
-0.5540677512436588,-1.2598402961236081,-0.6683616080090261,-0.4303628237699172,0,0,0,0,0.0,0,0,0,0,0,0.0,0,0,0,1,0.0,0.0,0.0,0.0,0,True,False,False,False,False,True,False,True,False,False,True,False,False,False,False,True,False,False,False,True,False,False,True,True,True,False,False
0.2071731591606723,-1.5631729883477221,-1.3934815027968444,-0.562167955812708,0,7,8,6,13.533333333333331,0,0,8,9,7,13.614285714285714,0,0,1,0,0.8571428571428571,0.875,1.1428571428571428,1.125,2,True,False,False,True,False,False,False,False,False,False,False,False,False,False,True,False,False,False,False,False,False,False,True,False,True,True,False
-0.5540677512436588,-0.5015085655633235,-0.4749963027322748,-0.4303628237699172,0,6,6,6,13.166666666666666,0,0,6,6,6,12.666666666666666,0,0,1,0,1.0,1.0,1.0,1.0,2,True,False,False,False,False,True,False,False,False,False,False,False,False,False,True,False,False,False,False,False,True,False,False,False,True,True,False
0.2071731591606723,-0.9565076038994943,-0.7236088380880977,-0.562167955812708,0,6,9,5,13.2,0,0,6,8,5,11.0,0,0,1,0,0.8333333333333334,0.8333333333333334,1.5,1.3333333333333333,2,True,False,False,False,False,False,False,False,False,False,False,False,False,False,False,False,False,False,False,False,False,False,True,False,True,True,False
-0.5540677512436588,-1.1840071230675797,-0.48190220649215837,-0.2985576917271264,0,6,7,5,12.2,0,0,6,7,4,12.6,0,0,0,0,0.8333333333333334,0.6666666666666666,1.1666666666666667,1.1666666666666667,1,True,False,False,False,False,True,False,True,False,False,True,False,False,False,False,True,False,False,False,False,False,False,True,False,True,False,False
-0.5540677512436588,1.5459871069494453,0.8785608342049855,-0.562167955812708,0,7,7,7,13.428571428571429,0,0,7,7,7,14.857142857142858,0,0,1,0,1.0,1.0,1.0,1.0,2,True,False,False,False,False,True,False,False,False,False,False,False,False,False,False,False,False,False,True,False,False,False,True,False,True,True,False
0.2071731591606723,-0.6531749116753804,-0.22638376737645077,-0.6939730878554988,1,6,8,6,12.714285714285714,1,0,6,8,6,12.625,0,0,1,0,1.0,1.0,1.3333333333333333,1.3333333333333333,2,True,False,False,False,False,True,False,False,False,False,False,False,False,False,False,False,False,False,False,True,False,False,True,False,True,True,False
0.2071731591606723,-0.425675392507295,-0.7236088380880977,-0.562167955812708,0,6,0,0,0.0,0,0,6,0,0,0.0,0,0,0,0,0.0,0.0,0.0,0.0,0,True,False,False,False,False,True,False,False,False,False,True,False,False,False,False,True,False,False,False,True,False,False,False,False,True,False,False
-0.5540677512436588,-0.5015085655633235,-0.32997232377471053,-0.562167955812708,0,6,6,6,13.666666666666666,0,0,6,9,6,13.666666666666666,0,0,1,0,1.0,1.0,1.0,1.5,2,True,False,False,False,False,False,False,False,False,False,False,False,False,False,False,False,False,False,True,False,False,False,False,False,True,True,False
-0.5540677512436588,0.03690696313447821,1.3136327710776772,-0.4303628237699172,0,6,6,5,11.0,0,0,6,6,6,13.166666666666666,0,0,1,1,0.8333333333333334,1.0,1.0,1.0,2,True,False,False,False,False,True,False,False,False,False,False,False,False,False,False,True,False,False,False,False,False,False,False,True,True,False,False
0.2071731591606723,-1.4115066422356652,-1.2553634275991645,-0.6939730878554988,0,7,11,5,11.4,0,0,7,9,6,13.333333333333334,0,0,1,0,0.7142857142857143,0.8571428571428571,1.5714285714285714,1.2857142857142858,1,True,False,False,False,False,True,False,False,False,False,False,False,False,False,True,False,False,False,False,False,True,False,True,False,True,False,False
-0.5540677512436588,0.02932364582887579,0.41586528229275943,-0.6939730878554988,0,0,0,0,0.0,0,0,0,0,0,0.0,0,0,1,0,0.0,0.0,0.0,0.0,1,True,False,False,False,False,True,False,True,False,False,False,False,False,False,True,False,False,False,False,False,False,False,False,False,True,False,False
-0.5540677512436588,-0.19817587333920963,-0.21947786361656718,-0.6939730878554988,0,5,7,4,12.0,0,0,5,6,5,12.0,0,0,1,0,0.8,1.0,1.4,1.2,2,True,False,False,False,False,True,False,False,False,False,False,False,False,False,True,False,False,False,True,False,False,False,False,False,True,False,False
0.9684140695650034,-0.425675392507295,-0.48190220649215837,-0.6939730878554988,0,6,6,0,0.0,0,0,6,0,0,0.0,0,0,1,0,0.0,0.0,1.0,0.0,0,True,False,False,False,False,True,False,False,False,False,False,False,False,False,True,False,False,False,False,False,False,False,False,False,True,False,False
0.9684140695650034,0.7876553763891605,-0.005394847060163122,-0.6939730878554988,0,6,14,5,11.0,0,0,6,6,6,11.666666666666666,0,0,1,0,0.8333333333333334,1.0,2.3333333333333335,1.0,2,True,False,False,False,False,True,False,False,False,False,False,False,False,False,False,False,True,False,False,False,False,False,True,False,True,False,False
1.7296549799693344,-0.19817587333920963,-0.39212545761366674,-0.4303628237699172,0,6,12,5,12.0,0,0,6,8,6,11.571428571428571,0,0,1,0,0.8333333333333334,1.0,2.0,1.3333333333333333,0,True,False,False,False,False,True,False,False,False,False,False,False,False,False,True,False,False,False,True,False,False,False,True,False,True,False,False
0.9684140695650034,0.25682316499696123,0.13962913189740012,-0.562167955812708,0,7,7,7,13.308571428571428,0,0,8,10,8,12.55,0,0,1,0,1.0,1.0,1.0,1.25,2,True,False,False,True,False,False,False,False,False,False,False,False,False,False,False,False,False,False,False,False,False,False,True,False,True,True,False
-0.5540677512436588,-0.577341738619352,-0.8341032982462411,-0.2985576917271264,0,6,8,3,13.666666666666666,0,0,6,7,3,10.666666666666666,0,0,1,1,0.5,0.5,1.3333333333333333,1.1666666666666667,0,True,False,False,False,False,True,False,False,False,False,False,False,False,False,False,False,False,False,False,False,False,False,True,True,False,False,False
-0.5540677512436588,-1.714839334459779,-1.414199214076496,-0.4303628237699172,0,6,6,0,0.0,0,0,6,9,0,0.0,0,0,0,1,0.0,0.0,1.0,1.5,0,True,False,False,False,False,False,False,False,True,False,False,False,True,False,True,False,False,False,False,False,False,False,True,True,False,False,False
-0.5540677512436588,-0.19817587333920963,0.4780184161317157,-0.6939730878554988,0,6,10,5,12.2,0,0,6,8,4,11.25,0,0,1,0,0.8333333333333334,0.6666666666666666,1.6666666666666667,1.3333333333333333,2,True,False,False,False,False,False,False,False,False,False,False,False,False,False,False,False,False,False,False,False,False,False,True,False,True,False,False
-0.5540677512436588,0.18098999194093274,-0.1435129222578428,-0.4303628237699172,0,6,7,6,12.666666666666666,0,0,6,6,6,12.833333333333334,0,0,0,0,1.0,1.0,1.1666666666666667,1.0,2,True,False,False,False,False,True,False,False,False,False,False,False,True,False,True,False,False,False,False,True,False,False,False,False,True,True,False
0.2071731591606723,0.02932364582887579,0.10509961309798022,-0.562167955812708,0,8,8,8,14.07125,0,0,8,8,8,14.07125,0,0,1,0,1.0,1.0,1.0,1.0,2,True,False,False,True,False,False,False,False,False,False,False,False,False,False,False,True,False,False,False,False,False,False,True,False,True,True,False
-0.5540677512436588,-0.8048412577874374,-0.0537361733793512,-0.16675255968433558,0,5,14,4,14.25,3,0,5,9,5,13.2,4,0,1,0,0.8,1.0,2.8,1.8,0,True,False,False,True,False,False,False,False,False,True,False,False,False,False,False,False,False,False,False,False,False,False,True,False,True,False,False
-0.5540677512436588,-0.8048412577874374,-0.36450184257413043,-0.16675255968433558,0,6,0,0,0.0,0,0,2,2,0,0.0,2,0,1,1,0.0,0.0,0.0,1.0,0,True,False,False,False,False,True,False,False,False,False,False,False,False,False,False,False,False,False,False,False,False,False,True,False,False,False,False
0.2071731591606723,-0.8806744308434659,-0.48190220649215837,-0.6939730878554988,0,6,10,3,12.0,0,0,6,8,4,10.25,0,0,1,0,0.5,0.6666666666666666,1.6666666666666667,1.3333333333333333,1,True,False,False,False,False,True,False,False,False,False,False,False,False,False,False,False,False,False,True,False,False,False,True,False,True,False,False
-0.5540677512436588,-0.7290080847314089,-0.951503662164269,-0.2985576917271264,3,10,18,6,11.166666666666666,2,4,10,16,7,10.571428571428571,0,0,0,0,0.6,0.7,1.8,1.6,1,True,False,False,False,False,False,False,True,False,False,True,False,False,False,False,False,False,False,False,False,False,False,False,False,True,False,False
-0.5540677512436588,-0.3498422194512666,-0.4611844952125066,-0.562167955812708,0,6,12,2,13.0,0,0,6,8,5,11.6,0,0,1,0,0.3333333333333333,0.8333333333333334,2.0,1.3333333333333333,2,True,False,False,False,False,True,False,False,False,False,False,False,False,False,False,False,True,False,True,False,False,False,True,False,True,False,False
1.7296549799693344,0.48432268416504665,0.05675828677879213,-0.562167955812708,0,0,0,0,0.0,0,0,0,0,0,0.0,0,0,1,0,0.0,0.0,0.0,0.0,0,True,False,False,False,False,True,False,False,False,False,False,False,False,False,False,False,False,False,False,False,False,False,True,False,True,False,False
0.2071731591606723,-0.6531749116753804,-0.2540073824159871,-0.4303628237699172,0,8,8,7,14.901428571428571,1,0,8,8,7,14.901428571428571,1,0,1,0,0.875,0.875,1.0,1.0,0,True,False,False,True,False,False,False,False,False,False,False,False,False,False,False,False,True,False,False,False,True,False,True,False,True,True,False
0.9684140695650034,0.18098999194093274,-0.04683026961946761,-0.6939730878554988,0,7,8,7,12.65,0,0,8,9,8,12.445555555555554,0,0,1,1,1.0,1.0,1.1428571428571428,1.125,2,True,False,False,True,False,False,False,False,False,False,False,False,False,False,False,False,False,False,False,False,False,False,True,True,True,True,False
-0.5540677512436588,-1.714839334459779,0.08438190181832748,-0.16675255968433558,7,12,12,7,11.0,0,5,5,5,5,10.6,0,0,1,1,0.5833333333333334,1.0,1.0,1.0,0,True,False,True,False,False,False,False,True,False,True,False,False,False,False,True,False,False,False,False,False,False,False,False,False,False,False,False
1.7296549799693344,0.40848951110901816,0.5470774537305555,-0.4303628237699172,0,5,7,4,12.4,0,0,5,9,5,12.666666666666666,0,0,1,0,0.8,1.0,1.4,1.8,2,True,False,False,True,False,False,False,False,False,False,False,False,False,False,False,False,False,True,False,False,False,False,True,False,True,False,False
-0.5540677512436588,0.5601558572210751,0.8992785454846383,-0.562167955812708,0,6,7,6,12.0,0,0,6,7,6,12.666666666666666,0,0,1,0,1.0,1.0,1.1666666666666667,1.1666666666666667,2,True,False,False,False,False,True,True,False,False,True,False,False,False,False,False,False,False,False,False,False,False,False,False,False,True,False,False
2.4908958903736655,-0.5015085655633235,-0.7926678756869375,-0.562167955812708,0,7,8,7,12.135714285714286,0,0,8,10,7,13.328571428571427,0,0,1,0,1.0,0.875,1.1428571428571428,1.25,2,True,False,False,True,False,False,False,False,False,False,False,False,False,False,False,False,False,False,False,False,False,False,True,False,True,True,False
0.2071731591606723,-1.4873398152916937,-1.4003874065567279,-0.4303628237699172,0,7,10,5,12.62,0,0,7,8,6,12.5,0,0,1,0,0.7142857142857143,0.8571428571428571,1.4285714285714286,1.1428571428571428,1,True,False,False,True,False,False,False,False,False,False,False,False,False,False,False,False,False,False,False,False,False,False,True,False,True,True,False
-0.5540677512436588,-0.9565076038994943,0.8992785454846383,0.22866283644403682,0,5,11,3,10.666666666666666,0,0,5,11,3,11.333333333333334,0,1,1,0,0.6,0.6,2.2,2.2,1,True,False,True,False,False,False,False,True,False,False,False,False,False,False,False,True,False,False,False,True,False,False,False,False,True,False,False
-0.5540677512436588,0.9393217225012175,0.6644778176485825,-0.562167955812708,0,7,12,6,13.766666666666666,0,0,8,10,7,14.051428571428572,0,0,1,0,0.8571428571428571,0.875,1.7142857142857142,1.25,2,True,False,False,True,False,False,False,False,False,False,False,False,False,False,False,False,False,False,False,False,False,False,False,False,True,True,False
-0.5540677512436588,-0.6531749116753804,-0.5302435328113464,-0.562167955812708,0,8,8,8,13.11625,0,0,8,8,8,13.11625,0,0,1,0,1.0,1.0,1.0,1.0,2,True,False,False,True,False,False,False,False,False,False,False,False,False,False,False,False,False,False,False,False,False,False,True,False,True,False,False
-0.5540677512436588,2.0768193183416446,1.7279869966707162,-0.562167955812708,0,5,5,0,0.0,0,0,6,0,0,0.0,0,0,0,1,0.0,0.0,1.0,0.0,0,True,False,False,False,False,True,False,False,False,False,True,False,False,False,False,True,False,False,False,False,False,False,True,False,False,False,False
-0.5540677512436588,0.40848951110901816,1.1962324071596504,-0.4303628237699172,0,7,9,6,12.7,0,0,8,8,7,13.571428571428571,0,0,1,0,0.8571428571428571,0.875,1.2857142857142858,1.0,2,True,False,False,True,False,False,False,False,False,False,False,False,False,False,False,False,False,False,True,False,False,False,False,False,True,False,False
0.2071731591606723,-0.19817587333920963,2.2114002598625953,0.22866283644403682,0,7,11,7,11.857142857142858,0,0,8,21,5,11.7,0,1,1,0,1.0,0.625,1.5714285714285714,2.625,1,True,False,False,True,False,False,False,True,False,False,False,False,False,False,False,False,False,False,False,False,False,False,True,False,True,False,False
-0.5540677512436588,-0.425675392507295,0.17415865069682004,-0.4303628237699172,0,7,7,6,12.333333333333334,0,0,7,7,6,12.333333333333334,0,0,1,0,0.8571428571428571,0.8571428571428571,1.0,1.0,2,True,False,False,True,False,False,False,False,False,False,False,False,False,False,True,False,False,False,False,False,False,False,True,False,True,True,False
-0.5540677512436588,2.8351510489019294,0.8992785454846383,0.09685770440124603,0,6,9,4,15.75,0,0,6,10,5,16.4,0,1,1,0,0.6666666666666666,0.8333333333333334,1.5,1.6666666666666667,1,True,False,False,False,False,True,False,True,False,False,False,False,False,False,False,False,False,False,False,False,False,False,True,False,True,False,False
0.9684140695650034,-1.6390061614037505,-1.4901641554352194,-0.4303628237699172,0,5,6,5,13.333333333333334,0,0,5,6,5,13.2,0,0,1,0,1.0,1.0,1.2,1.2,2,True,False,False,False,False,False,False,False,False,False,False,False,False,False,True,False,False,False,True,False,False,False,False,False,True,False,False
-0.5540677512436588,-2.473171065020064,0.6230423950892789,-0.2985576917271264,4,7,9,7,14.355555555555554,0,5,8,8,8,13.49375,0,0,1,0,1.0,1.0,1.2857142857142858,1.0,2,True,False,False,True,False,False,False,True,False,False,False,False,False,False,True,False,False,False,False,False,False,False,True,False,True,False,False
-0.5540677512436588,2.0768193183416446,2.280459297461435,-0.562167955812708,0,6,8,6,13.0,0,0,6,11,5,13.0,0,0,1,1,1.0,0.8333333333333334,1.3333333333333333,1.8333333333333333,2,True,False,False,False,False,True,True,False,False,True,False,False,False,False,False,False,False,False,False,False,False,False,False,True,True,True,False
-0.5540677512436588,1.4701539338934166,0.837125411645682,-0.562167955812708,0,6,6,6,12.833333333333334,0,0,6,6,6,13.5,0,0,1,0,1.0,1.0,1.0,1.0,2,True,False,False,False,False,True,False,False,False,False,False,False,False,False,False,False,False,False,False,False,False,False,False,False,True,True,False
0.2071731591606723,0.8634885494451889,-0.005394847060163122,-0.2985576917271264,0,5,5,5,13.2,0,0,5,5,4,13.0,0,0,1,0,1.0,0.8,1.0,1.0,2,True,False,False,False,False,False,False,False,False,False,False,False,False,False,False,False,False,False,False,False,False,False,False,False,True,True,False
-0.5540677512436588,0.08999018427369943,3.9378761998335907,0.6240782325724092,0,7,9,7,17.005555555555556,0,1,8,9,8,16.582222222222224,0,1,0,0,1.0,1.0,1.2857142857142858,1.125,2,True,False,False,True,False,False,False,True,True,False,True,False,False,False,False,True,False,False,False,False,False,False,False,False,True,False,False
-0.5540677512436588,-0.577341738619352,-0.1366070184979592,-0.562167955812708,0,6,8,5,10.6,0,0,6,8,5,11.0,0,0,1,1,0.8333333333333334,0.8333333333333334,1.3333333333333333,1.3333333333333333,2,True,False,False,False,False,True,False,False,False,False,False,False,False,False,False,False,False,False,False,False,False,False,True,True,False,True,False
-0.5540677512436588,1.3184875877813598,0.7956899890863786,-0.6939730878554988,0,5,5,5,14.0,0,0,5,6,5,13.6,0,0,1,0,1.0,1.0,1.0,1.2,2,True,False,False,False,False,False,False,False,False,False,False,False,False,False,False,False,False,False,False,False,False,False,False,False,True,True,False
2.4908958903736655,0.7876553763891605,0.4503948010921794,-0.6939730878554988,0,8,8,7,12.114285714285714,0,0,8,8,7,12.114285714285714,0,0,1,0,0.875,0.875,1.0,1.0,2,False,False,False,True,False,False,False,False,False,False,False,False,False,False,True,False,False,False,False,False,False,False,True,False,True,True,False
0.9684140695650034,0.9393217225012175,1.002867101882898,-0.6939730878554988,0,8,8,8,13.05875,0,0,8,8,8,13.05875,0,0,1,0,1.0,1.0,1.0,1.0,2,True,False,False,True,False,False,False,False,False,False,False,False,False,False,False,False,False,False,False,False,False,False,True,False,True,True,False
-0.5540677512436588,-0.9565076038994943,0.20868816949623997,-0.16675255968433558,4,8,8,7,13.285714285714286,0,4,8,8,7,13.285714285714286,0,0,0,0,0.875,0.875,1.0,1.0,2,True,False,False,True,False,False,False,True,False,False,False,False,True,False,False,False,False,False,False,True,False,False,True,False,True,False,False
-0.5540677512436588,0.40848951110901816,0.2777472070950798,-0.562167955812708,0,5,9,4,11.0,0,0,5,8,3,10.666666666666666,0,0,1,0,0.8,0.6,1.8,1.6,1,True,False,False,False,False,False,False,False,False,False,False,False,False,False,False,False,False,False,False,False,False,False,True,False,True,False,False
-0.5540677512436588,0.9393217225012175,1.2445737334788374,-0.6939730878554988,0,7,7,7,14.071428571428571,0,0,8,8,8,15.1625,0,0,1,0,1.0,1.0,1.0,1.0,2,True,False,False,True,False,False,False,False,False,False,False,False,False,False,False,False,False,False,True,False,False,False,False,False,True,True,False
-0.5540677512436588,-0.8048412577874374,-0.8755387208055456,-0.4303628237699172,0,6,0,0,0.0,0,0,6,0,0,0.0,0,0,1,1,0.0,0.0,0.0,0.0,0,True,False,False,False,False,False,False,False,False,False,False,False,False,False,True,False,False,False,False,False,False,False,False,False,False,False,False
-0.5540677512436588,-1.714839334459779,-1.2898929463985846,0.3604679684868276,4,9,9,4,11.25,0,3,10,12,3,11.0,0,1,1,1,0.4444444444444444,0.3,1.0,1.2,0,True,False,False,False,False,True,True,False,False,True,False,False,False,False,True,False,False,False,False,False,False,False,False,False,False,False,False
0.9684140695650034,0.25682316499696123,-0.12279521097819103,-0.6939730878554988,0,6,6,6,14.0,0,0,6,8,6,13.625,0,0,1,0,1.0,1.0,1.0,1.3333333333333333,2,True,False,False,False,False,True,False,False,False,False,False,False,False,False,False,False,False,False,False,False,False,False,True,False,True,True,False
-0.5540677512436588,0.9393217225012175,0.3260885334142669,-0.2985576917271264,0,6,8,6,12.166666666666666,0,0,6,11,3,11.666666666666666,0,0,1,0,1.0,0.5,1.3333333333333333,1.8333333333333333,0,True,False,False,False,False,False,False,False,False,False,False,False,False,False,True,False,False,False,False,False,False,False,True,False,True,True,False
1.7296549799693344,0.6359890302771035,-0.04683026961946761,-0.6939730878554988,0,8,8,7,13.297142857142855,0,0,8,8,7,13.297142857142855,0,0,1,0,0.875,0.875,1.0,1.0,2,True,False,False,True,False,False,False,False,False,False,False,False,False,False,False,True,False,False,False,True,False,False,True,False,True,False,False
-0.5540677512436588,1.2426544147253313,1.4241272312358206,-0.4303628237699172,0,6,14,6,13.923076923076923,0,0,6,9,6,14.25,0,0,1,0,1.0,1.0,2.3333333333333335,1.5,2,True,False,False,True,False,False,False,False,False,False,False,False,False,False,True,False,False,False,False,False,False,False,True,False,True,False,False
3.2521368007779965,-0.19817587333920963,-0.1297011147380756,-0.6939730878554988,0,7,11,7,13.37,0,0,8,13,7,12.833333333333334,0,0,1,0,1.0,0.875,1.5714285714285714,1.625,2,True,False,False,True,False,False,False,False,False,False,False,False,False,False,True,False,False,False,False,False,False,False,True,False,True,False,False
3.2521368007779965,-0.8806744308434659,-0.21947786361656718,-0.562167955812708,0,5,5,5,12.4,0,0,5,8,3,11.0,0,0,1,0,1.0,0.6,1.0,1.6,1,True,False,False,False,False,False,False,False,False,False,False,False,False,False,False,False,False,False,False,False,False,False,False,False,True,True,False
-0.5540677512436588,-0.3498422194512666,0.2639353995753126,-0.4303628237699172,0,5,5,4,15.0,0,0,5,5,4,13.75,0,0,1,0,0.8,0.8,1.0,1.0,0,True,False,False,False,False,False,False,False,False,False,False,False,False,False,False,True,False,False,False,True,False,False,True,False,True,False,False
-0.5540677512436588,1.4701539338934166,1.8730109756282796,-0.6939730878554988,0,6,6,6,13.333333333333334,0,0,6,7,6,12.571428571428571,0,0,1,1,1.0,1.0,1.0,1.1666666666666667,2,True,False,False,False,False,True,False,False,False,False,False,False,False,False,False,False,False,False,True,False,False,False,False,True,True,True,False
0.2071731591606723,-0.04650952722715268,-0.30234870873517516,-0.4303628237699172,0,5,8,3,12.0,0,0,5,9,4,12.625,0,0,1,0,0.6,0.8,1.6,1.8,1,True,False,False,False,False,False,True,False,False,False,False,False,False,False,False,False,False,False,False,False,False,False,True,False,True,True,False
0.2071731591606723,-1.9423388536278645,-1.6213763268730155,-0.16675255968433558,0,6,7,5,13.4,0,0,6,9,5,12.2,0,0,1,0,0.8333333333333334,0.8333333333333334,1.1666666666666667,1.5,2,True,False,True,False,False,True,False,False,False,False,False,False,False,False,False,False,True,False,False,False,True,False,True,False,True,False,False
-0.5540677512436588,-0.12234270028318116,0.40205347477299225,-0.6939730878554988,0,0,0,0,0.0,0,0,0,0,0,0.0,0,0,1,0,0.0,0.0,0.0,0.0,1,True,False,False,False,False,True,False,False,False,False,False,False,False,False,True,False,False,False,True,False,False,False,True,False,True,False,False
-0.5540677512436588,0.6359890302771035,-1.863082958468955,-0.2985576917271264,1,5,9,4,11.5,0,1,5,5,5,11.4,0,0,1,0,0.8,1.0,1.8,1.0,2,True,False,True,False,False,False,False,True,False,False,False,False,False,False,True,False,False,False,False,False,False,False,False,False,True,False,False
0.2071731591606723,-0.9565076038994943,-0.7719501644072858,-0.6939730878554988,0,7,12,6,12.0,0,0,7,11,6,12.166666666666666,0,0,1,0,0.8571428571428571,0.8571428571428571,1.7142857142857142,1.5714285714285714,1,True,False,False,False,False,True,False,False,False,False,False,False,False,False,False,False,False,False,False,False,True,False,False,False,True,False,False
-0.5540677512436588,1.166821241669303,0.4711125123718321,-0.6939730878554988,0,8,8,7,13.485714285714284,0,0,8,8,7,13.485714285714284,0,0,1,0,0.875,0.875,1.0,1.0,2,True,False,False,True,False,False,False,False,False,False,False,False,False,False,True,False,False,False,True,False,False,False,False,False,True,False,False
-0.5540677512436588,-0.19817587333920963,-0.5854907628904181,-0.6939730878554988,0,6,6,6,12.0,0,0,6,8,6,11.285714285714286,0,0,1,0,1.0,1.0,1.0,1.3333333333333333,2,True,False,False,False,False,True,False,False,False,False,False,False,False,False,True,False,False,False,True,False,False,False,False,False,True,True,False
-0.5540677512436588,0.9393217225012175,1.6105866327526892,-0.562167955812708,0,0,0,0,0.0,0,0,0,0,0,0.0,0,0,1,0,0.0,0.0,0.0,0.0,0,True,False,False,False,False,True,False,False,False,False,False,False,False,False,False,False,False,False,False,True,False,False,True,False,True,False,False
0.9684140695650034,-1.5631729883477221,-1.3244224651980046,-0.562167955812708,0,5,7,3,10.333333333333334,0,0,5,11,3,14.428571428571429,0,0,1,0,0.6,0.6,1.4,2.2,1,True,False,False,False,False,False,False,False,False,False,False,False,False,False,False,True,False,False,True,False,False,False,True,False,True,False,False
-0.5540677512436588,0.40848951110901816,0.03604057549914038,-0.562167955812708,0,7,10,5,12.94,0,0,7,7,5,13.76,0,0,1,0,0.7142857142857143,0.7142857142857143,1.4285714285714286,1.0,1,True,False,False,True,False,False,False,False,False,False,False,False,False,False,False,False,False,False,True,False,False,False,True,False,True,False,False
0.9684140695650034,0.18098999194093274,-0.4473726876927384,-0.562167955812708,0,8,11,7,13.258571428571427,0,0,8,11,7,13.258571428571427,0,0,1,0,0.875,0.875,1.375,1.375,2,True,False,False,True,False,False,False,False,False,False,False,False,False,False,False,False,False,False,False,False,False,False,True,False,True,False,False
-0.5540677512436588,-1.1081739500115513,-0.6683616080090261,-0.562167955812708,0,5,9,4,12.25,0,0,5,10,4,12.0,0,0,0,0,0.8,0.8,1.8,2.0,1,True,False,False,False,False,False,False,False,False,False,False,False,True,False,False,False,False,False,False,False,False,False,True,False,True,False,False
-0.5540677512436588,-0.7290080847314089,-0.4404667839328548,-0.562167955812708,0,6,9,3,11.666666666666666,0,0,6,15,1,10.0,0,0,1,1,0.5,0.16666666666666666,1.5,2.5,0,True,False,False,False,False,False,False,False,False,False,False,False,False,False,False,False,False,False,False,False,False,False,True,False,False,False,False
1.7296549799693344,-0.5015085655633235,-0.5716789553706499,-0.2985576917271264,0,6,7,6,13.571428571428571,0,0,6,6,6,12.5,0,0,1,0,1.0,1.0,1.1666666666666667,1.0,2,True,False,False,False,False,False,True,False,False,False,False,False,False,False,False,False,False,False,False,False,False,False,True,False,True,True,False
0.2071731591606723,1.3184875877813598,0.2639353995753126,-0.4303628237699172,0,6,9,5,11.8,0,0,6,9,5,11.833333333333334,0,0,1,0,0.8333333333333334,0.8333333333333334,1.5,1.5,2,True,False,False,False,False,True,False,False,False,False,False,False,False,False,False,False,False,False,False,False,False,False,False,False,True,True,True
-0.5540677512436588,-0.8806744308434659,-0.9929390847235735,-0.4303628237699172,0,5,7,5,14.2,0,0,5,7,5,13.285714285714286,0,0,1,0,1.0,1.0,1.4,1.4,2,True,False,False,False,False,False,False,False,False,False,False,False,False,False,False,True,False,False,False,False,False,False,True,False,True,True,False
-0.5540677512436588,0.03690696313447821,-0.6752675117689096,2.3375449491286897,0,5,8,5,11.0,0,0,5,6,5,11.8,1,1,1,0,1.0,1.0,1.6,1.2,2,True,False,True,False,False,False,False,True,False,False,False,False,False,False,False,False,False,False,False,False,False,False,False,False,True,False,False
-0.5540677512436588,-0.19817587333920963,0.20868816949623997,1.1512987607435725,0,7,16,4,13.625,0,0,7,8,7,12.6375,0,1,1,0,0.5714285714285714,1.0,2.2857142857142856,1.1428571428571428,1,False,False,False,True,False,False,True,False,True,False,False,False,False,False,False,True,False,False,False,True,False,False,True,False,True,False,False
0.9684140695650034,0.48432268416504665,0.33299443717415245,-0.6939730878554988,0,8,8,7,14.652857142857142,0,0,8,8,7,14.652857142857142,0,0,1,0,0.875,0.875,1.0,1.0,2,True,False,False,True,False,False,False,False,False,False,False,False,False,False,False,False,False,False,True,False,False,False,True,False,True,False,False
-0.5540677512436588,2.0768193183416446,-2.0702600712654746,1.546714156871945,0,6,9,6,11.333333333333334,0,0,6,6,6,11.333333333333334,0,1,1,0,1.0,1.0,1.5,1.0,2,False,False,True,False,False,True,False,True,False,False,False,False,False,False,False,True,False,False,True,False,False,False,False,False,True,True,False
-0.5540677512436588,-1.714839334459779,0.20868816949623997,1.1512987607435725,0,7,12,4,13.7,0,0,7,7,0,0.0,0,1,1,1,0.5714285714285714,0.0,1.7142857142857142,1.0,0,True,False,False,True,False,False,False,True,False,False,False,False,False,False,False,False,False,False,False,False,False,False,False,True,False,False,False
-0.5540677512436588,0.5601558572210751,1.451750846275357,1.8103244209575264,7,11,11,11,13.727272727272728,0,4,8,8,8,14.75,0,1,1,0,1.0,1.0,1.0,1.0,2,True,False,True,False,False,True,False,True,True,False,False,False,False,False,True,False,False,False,False,False,False,False,False,False,True,False,False
0.2071731591606723,-0.19817587333920963,-1.6282822306328992,0.8876884966579909,4,7,9,7,11.75,0,3,8,12,7,11.142857142857142,0,1,0,0,1.0,0.875,1.2857142857142858,1.5,0,False,False,False,False,False,False,False,True,True,False,True,False,False,False,False,False,False,False,False,False,False,False,False,False,True,False,False
0.2071731591606723,-0.04650952722715268,0.008416960459604059,-0.034947427641544786,0,6,9,6,12.333333333333334,0,0,6,11,5,13.0,0,0,1,0,1.0,0.8333333333333334,1.5,1.8333333333333333,2,True,True,False,False,False,True,False,True,False,False,False,False,False,False,False,False,True,False,False,False,True,False,False,False,True,False,False
0.2071731591606723,0.48432268416504665,-0.20566605609679903,-0.4303628237699172,0,6,6,6,14.0,0,0,6,7,6,13.857142857142858,0,0,0,0,1.0,1.0,1.0,1.1666666666666667,0,True,False,False,False,False,True,False,False,False,False,True,False,False,False,False,True,False,False,False,False,False,False,True,False,True,True,False
-0.5540677512436588,0.18098999194093274,-0.3852195538537822,-0.2985576917271264,0,5,7,4,11.5,0,0,5,6,4,11.75,0,0,1,0,0.8,0.8,1.4,1.2,2,True,True,False,False,False,False,False,False,False,False,False,False,False,False,True,False,False,False,False,False,False,False,False,False,True,False,False
-0.5540677512436588,-1.1840071230675797,-0.6131143779299544,-0.562167955812708,0,5,6,5,11.2,0,0,5,5,5,13.2,0,0,1,0,1.0,1.0,1.2,1.0,2,True,True,False,False,False,False,False,False,False,False,False,False,False,False,True,False,False,False,False,False,False,False,False,False,True,False,False
1.7296549799693344,0.33265633805298966,-0.39212545761366674,-0.6939730878554988,0,8,8,7,15.07,0,0,8,8,7,15.07,0,0,1,0,0.875,0.875,1.0,1.0,2,True,True,False,True,False,False,False,False,False,False,False,False,False,False,True,False,False,False,False,True,False,False,True,False,True,True,False
-0.5540677512436588,0.8634885494451889,-0.5164317252915782,-0.6939730878554988,0,5,6,1,10.0,0,0,5,7,1,12.0,0,0,1,0,0.2,0.2,1.2,1.4,0,True,True,False,False,True,False,False,True,False,False,False,False,False,False,False,False,True,False,False,False,True,False,False,False,True,False,False
-0.5540677512436588,-0.19817587333920963,-0.8133855869665894,0.09685770440124603,0,5,5,4,12.0,0,0,5,6,5,12.666666666666666,0,1,1,0,0.8,1.0,1.0,1.2,1,True,True,True,False,False,False,False,True,False,False,False,False,False,False,True,False,False,False,False,False,False,False,False,False,True,False,False
-0.5540677512436588,0.5601558572210751,0.22249997701600713,-0.16675255968433558,0,6,11,4,13.0,0,0,6,11,4,12.6,0,0,1,0,0.6666666666666666,0.6666666666666666,1.8333333333333333,1.8333333333333333,2,True,True,False,False,False,False,False,False,False,False,False,False,False,False,False,False,False,False,False,False,False,False,True,False,True,False,False
1.7296549799693344,-0.19817587333920963,0.20868816949623997,-0.6939730878554988,0,6,7,4,11.0,0,0,6,7,3,11.25,0,0,1,0,0.6666666666666666,0.5,1.1666666666666667,1.1666666666666667,0,True,True,False,False,False,False,False,False,False,False,False,False,False,False,True,False,False,False,True,False,False,False,True,False,True,False,False
0.2071731591606723,-0.19817587333920963,-0.005394847060163122,-0.6939730878554988,0,6,8,6,13.571428571428571,0,0,6,11,5,12.166666666666666,0,0,1,0,1.0,0.8333333333333334,1.3333333333333333,1.8333333333333333,2,True,False,False,False,False,True,True,False,False,False,False,False,False,False,True,False,False,False,False,False,False,False,True,False,True,False,False
0.2071731591606723,1.4701539338934166,2.8674611170515734,-0.2985576917271264,0,6,7,5,14.6,0,0,6,6,5,14.2,0,0,0,0,0.8333333333333334,0.8333333333333334,1.1666666666666667,1.0,2,True,True,False,False,False,True,False,False,False,False,True,False,False,False,False,False,False,False,False,True,False,False,True,False,True,False,True
-0.5540677512436588,0.03690696313447821,0.20868816949623997,1.9421295530003173,0,7,13,3,11.833333333333334,0,0,7,14,2,10.0,0,1,1,1,0.42857142857142855,0.2857142857142857,1.8571428571428572,2.0,0,False,False,False,True,False,False,False,True,False,False,False,False,False,False,False,False,False,False,False,False,False,False,False,True,True,False,False
-0.5540677512436588,0.5601558572210751,-0.28853690121540704,-0.562167955812708,0,7,11,7,12.625,0,0,8,11,8,12.5125,0,0,1,0,1.0,1.0,1.5714285714285714,1.375,2,True,False,False,True,False,False,False,False,False,False,False,False,False,False,False,False,False,False,False,False,False,False,False,False,True,True,False
-0.5540677512436588,0.03690696313447821,-1.1724925824805565,1.6785192889147356,0,7,12,4,11.5,0,0,7,14,3,12.333333333333334,0,1,1,0,0.5714285714285714,0.42857142857142855,1.7142857142857142,2.0,0,False,False,False,True,False,False,False,True,False,False,False,False,False,False,False,False,False,False,False,False,False,False,False,False,True,False,False
-0.5540677512436588,0.5601558572210751,0.008416960459604059,-0.6939730878554988,0,5,8,4,13.25,1,0,5,10,4,10.5,0,0,1,0,0.8,0.8,1.6,2.0,2,True,False,False,True,False,False,True,False,False,False,False,False,False,False,False,False,False,False,False,False,False,False,True,False,True,False,False
0.9684140695650034,0.03690696313447821,-1.2760811388788165,-0.562167955812708,0,7,9,7,12.60625,0,0,8,12,6,11.9,0,0,1,0,1.0,0.75,1.2857142857142858,1.5,2,True,False,False,True,False,False,False,False,False,False,False,False,False,False,True,False,False,False,True,False,False,False,True,False,True,False,False
-0.5540677512436588,0.5601558572210751,0.7749722778067257,-0.2985576917271264,7,10,15,8,13.75,0,4,9,17,5,13.2,0,0,1,1,0.8,0.5555555555555556,1.5,1.8888888888888888,0,True,False,False,True,False,False,True,False,False,True,False,False,False,False,False,False,False,False,False,False,False,False,False,True,False,False,False
0.2071731591606723,0.03690696313447821,-2.1393191088643144,-0.562167955812708,0,7,10,6,13.598333333333334,0,0,8,11,6,11.933333333333332,0,0,1,0,0.8571428571428571,0.75,1.4285714285714286,1.375,1,True,False,False,True,False,False,False,False,False,False,False,False,False,False,False,False,False,False,False,False,False,False,True,False,True,False,False
-0.5540677512436588,0.18098999194093274,-0.1711365372973791,-0.6939730878554988,0,6,11,5,11.142857142857142,0,0,6,8,6,12.285714285714286,0,0,1,0,0.8333333333333334,1.0,1.8333333333333333,1.3333333333333333,2,True,False,False,False,False,True,False,False,False,False,False,False,False,False,False,False,False,False,False,False,False,False,False,False,True,True,False
-0.5540677512436588,-0.9565076038994943,-0.48190220649215837,2.8647654772998528,7,11,11,11,12.7,0,6,10,12,10,12.96818181818182,0,1,1,0,1.0,1.0,1.0,1.2,1,False,False,False,True,False,False,True,False,True,False,False,False,False,False,False,False,False,False,False,False,False,False,True,False,True,False,False
-0.5540677512436588,0.5601558572210751,0.36752395597357235,-0.4303628237699172,0,5,9,1,10.0,0,0,5,10,1,11.0,0,0,1,0,0.2,0.2,1.8,2.0,0,True,False,False,False,False,False,False,False,False,False,False,False,False,False,False,False,False,False,False,False,False,False,True,False,True,False,False
-0.5540677512436588,-0.3498422194512666,-0.4335608801729703,-0.6939730878554988,0,6,8,6,11.666666666666666,0,0,6,10,4,11.5,0,0,1,1,1.0,0.6666666666666666,1.3333333333333333,1.6666666666666667,2,True,False,False,False,False,False,False,False,False,False,False,False,False,False,True,False,False,False,False,False,False,False,True,True,True,False,False
-0.5540677512436588,0.6359890302771035,0.3882416672532231,-0.6939730878554988,0,6,8,6,14.0,0,0,6,7,6,13.142857142857142,0,0,1,0,1.0,1.0,1.3333333333333333,1.1666666666666667,2,True,False,False,False,False,False,False,False,False,False,False,False,False,False,True,False,False,False,True,False,False,False,False,False,True,True,False
0.2071731591606723,0.5601558572210751,0.8992785454846383,0.22866283644403682,0,5,9,0,0.0,4,0,5,9,0,0.0,3,1,1,0,0.0,0.0,1.8,1.8,0,True,False,False,False,False,True,True,False,True,False,False,False,False,False,False,False,True,False,False,False,True,False,False,False,True,False,False
3.2521368007779965,0.48432268416504665,-0.1711365372973791,-0.562167955812708,0,8,9,7,12.04142857142857,0,0,8,9,7,12.04142857142857,0,0,1,0,0.875,0.875,1.125,1.125,2,True,False,False,True,False,False,False,False,False,False,False,False,False,False,True,False,False,False,True,False,False,False,True,False,True,False,False
-0.5540677512436588,0.7118222033331321,1.037396620682318,-0.6939730878554988,0,0,0,0,0.0,0,0,0,0,0,0.0,0,0,1,0,0.0,0.0,0.0,0.0,2,True,False,False,False,False,True,False,False,False,False,False,False,False,False,False,False,False,False,False,False,False,False,True,False,True,True,False
-0.5540677512436588,-0.19817587333920963,0.20868816949623997,2.073934685043108,12,13,14,13,13.76923076923077,0,9,12,16,12,14.583333333333334,0,1,1,0,1.0,1.0,1.0769230769230769,1.3333333333333333,2,True,False,False,False,False,False,True,False,True,False,False,False,False,False,False,True,False,False,False,False,False,False,False,False,True,False,False
-0.5540677512436588,-0.19817587333920963,1.1755146958799976,0.7558833646152,13,18,20,18,15.444444444444445,0,11,13,13,13,15.307692307692308,0,1,1,0,1.0,1.0,1.1111111111111112,1.0,2,False,False,False,False,False,True,False,True,False,False,False,False,False,False,False,False,False,False,False,False,False,False,False,False,True,False,False
-0.5540677512436588,-0.577341738619352,0.10509961309798022,-0.6939730878554988,0,7,9,6,11.5,0,0,7,8,7,12.714285714285714,0,0,1,0,0.8571428571428571,1.0,1.2857142857142858,1.1428571428571428,1,True,False,False,False,False,True,False,False,False,False,False,False,False,False,True,False,False,False,False,False,False,False,True,False,True,False,False
-0.5540677512436588,0.5601558572210751,0.8992785454846383,-0.034947427641544786,0,3,3,2,10.0,0,0,6,0,0,0.0,0,0,0,1,0.6666666666666666,0.0,1.0,0.0,0,True,False,False,False,False,True,True,False,True,False,False,False,True,False,False,False,False,False,False,True,False,False,False,False,False,False,False
-0.5540677512436588,-0.9565076038994943,-0.9031623358450809,-0.2985576917271264,0,6,8,4,12.25,0,0,6,13,3,10.333333333333334,0,0,1,0,0.6666666666666666,0.5,1.3333333333333333,2.1666666666666665,0,True,False,False,False,False,True,False,True,False,False,False,False,False,False,True,False,False,False,True,False,False,False,True,False,True,False,False
-0.5540677512436588,1.0909880686132745,0.7059132402078859,-0.6939730878554988,0,6,6,6,14.5,0,0,6,6,6,15.166666666666666,0,0,1,1,1.0,1.0,1.0,1.0,2,True,False,False,False,False,True,False,False,False,False,False,False,False,False,True,False,False,False,True,False,False,False,False,False,False,False,False
-0.5540677512436588,0.5601558572210751,0.8992785454846383,-0.034947427641544786,0,6,7,6,15.571428571428571,0,0,6,8,6,16.375,0,0,1,0,1.0,1.0,1.1666666666666667,1.3333333333333333,2,True,False,False,True,False,False,True,False,True,False,False,False,False,False,True,False,False,False,True,False,False,False,True,False,True,False,False
-0.5540677512436588,2.152652491397673,1.748704707950369,-0.6939730878554988,0,6,7,6,15.571428571428571,0,0,6,7,6,14.714285714285714,0,0,1,0,1.0,1.0,1.1666666666666667,1.1666666666666667,2,True,False,False,False,False,True,False,False,False,False,False,False,False,False,True,False,False,False,True,False,False,False,False,False,True,False,False
-0.5540677512436588,0.03690696313447821,-0.999844988483457,1.1512987607435725,0,6,8,5,13.8,0,0,6,7,6,12.166666666666666,0,1,1,0,0.8333333333333334,1.0,1.3333333333333333,1.1666666666666667,2,False,False,True,False,False,True,False,True,False,False,False,False,False,False,True,False,False,False,False,False,False,False,False,False,True,False,False
0.2071731591606723,1.3184875877813598,-1.7940239208701152,0.7558833646152,0,5,8,3,10.666666666666666,0,0,5,14,2,14.8,0,1,1,1,0.6,0.4,1.6,2.8,0,False,False,False,False,False,False,False,True,False,False,False,False,False,False,False,False,False,False,False,False,False,False,False,True,False,False,False
3.2521368007779965,-1.4873398152916937,-1.0136567960032252,-0.4303628237699172,0,6,8,5,11.6,0,0,6,8,4,11.75,0,0,1,1,0.8333333333333334,0.6666666666666666,1.3333333333333333,1.3333333333333333,2,True,False,False,False,False,True,False,False,False,False,False,False,False,False,False,False,False,False,False,False,False,False,True,True,True,True,False
-0.5540677512436588,0.5601558572210751,-0.8962564320851973,0.6240782325724092,0,6,11,1,13.0,0,0,6,12,0,0.0,0,1,1,1,0.16666666666666666,0.0,1.8333333333333333,2.0,0,True,False,False,False,False,True,False,True,False,False,False,False,False,False,False,False,True,False,False,False,True,False,True,False,False,False,False
-0.5540677512436588,-0.19817587333920963,0.20868816949623997,0.4922731005296184,0,5,9,3,12.0,0,0,5,11,4,13.625,0,1,1,0,0.6,0.8,1.8,2.2,2,True,False,False,False,False,False,True,False,True,False,False,False,False,False,False,True,False,False,False,False,False,False,False,False,True,False,False
0.2071731591606723,-0.9565076038994943,-0.3783136500938986,-0.16675255968433558,11,14,14,12,12.333333333333334,2,11,14,14,12,12.333333333333334,2,0,1,1,0.8571428571428571,0.8571428571428571,1.0,1.0,2,True,False,False,True,False,False,False,True,False,False,False,False,False,False,False,False,False,True,False,False,True,False,False,True,True,False,False
-0.5540677512436588,0.03690696313447821,-0.48190220649215837,1.8103244209575264,0,6,10,6,12.875,0,0,6,12,6,12.9,0,1,1,1,1.0,1.0,1.6666666666666667,2.0,1,False,False,False,False,False,True,False,True,False,False,False,False,False,False,False,False,False,False,False,False,False,False,False,True,True,False,False
-0.5540677512436588,-0.19817587333920963,0.20868816949623997,0.6240782325724092,0,6,12,1,11.0,0,0,6,0,0,0.0,0,1,1,1,0.16666666666666666,0.0,2.0,0.0,0,True,False,True,False,False,True,True,False,True,False,False,False,False,False,False,False,True,False,True,False,False,False,False,False,False,False,False
-0.5540677512436588,-0.9565076038994943,-0.08826569217877112,2.6011552132142715,0,6,10,4,12.25,0,0,6,13,4,10.5,0,1,1,1,0.6666666666666666,0.6666666666666666,1.6666666666666667,2.1666666666666665,0,False,False,False,False,False,True,False,True,False,False,False,False,False,False,False,False,False,False,False,False,False,False,False,True,False,False,False
-0.5540677512436588,0.5601558572210751,0.0705700942985603,1.1512987607435725,0,7,7,0,0.0,7,0,8,8,0,0.0,7,1,1,1,0.0,0.0,1.0,1.0,0,True,False,False,True,False,False,False,True,False,False,False,False,False,False,False,False,False,False,False,False,False,False,True,False,False,False,False
-0.5540677512436588,-0.7290080847314089,-0.951503662164269,-0.4303628237699172,0,6,11,4,10.75,0,0,6,13,5,11.5,0,0,1,0,0.6666666666666666,0.8333333333333334,1.8333333333333333,2.1666666666666665,1,True,False,False,False,False,True,False,False,False,False,False,False,False,False,False,False,False,False,False,False,False,False,False,False,True,True,False
-0.5540677512436588,0.03690696313447821,-0.48190220649215837,1.546714156871945,0,8,9,8,13.63,1,0,8,9,8,13.63,1,1,1,0,1.0,1.0,1.125,1.125,2,False,False,False,True,False,False,False,True,False,False,False,False,False,False,False,False,False,False,True,False,False,False,False,False,True,True,False
-0.5540677512436588,-0.19817587333920963,-0.6338320892096062,-0.2985576917271264,0,5,8,3,13.0,0,0,5,7,4,11.5,1,0,1,0,0.6,0.8,1.6,1.4,2,True,False,False,False,False,False,False,False,False,False,False,False,False,False,False,False,True,False,False,False,True,False,True,False,True,False,False
1.7296549799693344,-0.5015085655633235,-0.39212545761366674,-0.6939730878554988,0,7,9,6,13.533333333333331,0,0,7,7,7,12.228571428571428,0,0,1,0,0.8571428571428571,1.0,1.2857142857142858,1.0,1,True,False,False,True,False,False,False,False,False,False,False,False,False,False,False,False,False,False,False,False,False,False,True,False,True,True,False
-0.5540677512436588,3.2901500872381,2.9503319621701802,-0.6939730878554988,0,7,7,7,16.9,0,0,8,9,8,16.37777777777778,0,0,0,0,1.0,1.0,1.0,1.125,2,True,False,False,True,False,False,False,False,False,False,True,False,False,False,False,True,False,False,False,False,False,False,False,False,True,True,False
1.7296549799693344,-0.6531749116753804,-0.6407379929694897,-0.6939730878554988,0,6,10,5,12.0,0,0,6,11,4,12.0,0,0,1,0,0.8333333333333334,0.6666666666666666,1.6666666666666667,1.8333333333333333,2,True,False,False,False,False,True,False,False,False,False,False,False,False,False,True,False,False,False,False,False,False,False,True,False,True,False,False
-0.5540677512436588,-0.9565076038994943,-0.35759593881424684,-0.16675255968433558,3,6,6,6,12.5,0,2,6,7,6,13.285714285714286,0,0,1,0,1.0,1.0,1.0,1.1666666666666667,2,True,False,True,False,False,True,True,False,False,True,False,False,False,False,False,False,False,False,False,False,False,False,True,False,True,False,False
0.2071731591606723,0.5601558572210751,0.09128780557821303,-0.562167955812708,0,8,8,7,12.764285714285714,0,0,8,8,7,12.764285714285714,0,0,1,0,0.875,0.875,1.0,1.0,2,True,False,False,True,False,False,False,False,False,False,False,False,False,False,True,False,False,False,False,False,False,False,True,False,True,False,False
0.2071731591606723,0.7876553763891605,0.3606180522136868,-0.6939730878554988,0,5,8,5,13.75,0,0,5,6,5,12.166666666666666,0,0,1,0,1.0,1.0,1.6,1.2,2,True,False,False,False,False,False,False,False,False,False,False,False,False,False,False,False,False,False,False,False,False,False,True,False,True,True,False
0.2071731591606723,0.25682316499696123,0.5056420311712521,-0.562167955812708,0,0,0,0,0.0,0,0,0,0,0,0.0,0,0,0,1,0.0,0.0,0.0,0.0,0,True,False,False,False,False,True,False,False,False,False,False,True,False,False,False,True,False,False,True,False,False,False,True,True,True,False,False
-0.5540677512436588,-0.04650952722715268,-0.24710147865610252,-0.6939730878554988,0,7,7,7,14.604285714285712,0,0,8,9,8,15.68333333333333,0,0,1,0,1.0,1.0,1.0,1.125,2,True,False,False,True,False,False,False,False,False,False,False,False,False,False,False,False,False,False,True,False,False,False,False,False,True,True,False
-0.5540677512436588,0.03690696313447821,-0.36450184257413043,1.0194936287007816,0,5,7,0,0.0,0,0,5,7,0,0.0,0,1,0,1,0.0,0.0,1.4,1.4,0,False,False,True,False,False,False,False,True,False,False,False,False,False,True,True,False,False,False,False,True,False,False,False,True,False,False,False
-0.5540677512436588,-2.473171065020064,0.20868816949623997,1.2831038927863632,0,6,9,5,13.833333333333334,0,0,6,7,6,12.5,0,1,1,1,0.8333333333333334,1.0,1.5,1.1666666666666667,2,False,False,True,False,False,True,False,True,False,False,False,False,False,False,False,True,False,False,True,False,False,False,False,True,True,True,False
0.9684140695650034,0.33265633805298966,-0.03301846209969945,-0.562167955812708,0,8,8,8,13.57625,0,0,8,8,8,13.57625,0,0,1,0,1.0,1.0,1.0,1.0,2,True,False,False,True,False,False,False,False,False,False,False,False,False,False,False,False,False,False,False,False,False,False,True,False,True,True,False
-0.5540677512436588,1.5459871069494453,2.2597415861817822,-0.6939730878554988,0,6,7,6,15.142857142857142,0,0,6,6,6,15.833333333333334,0,0,1,0,1.0,1.0,1.1666666666666667,1.0,2,True,False,False,False,False,True,False,False,False,False,False,False,False,False,False,False,False,False,False,False,False,False,True,False,True,True,False
-0.5540677512436588,2.0768193183416446,1.6796456703515292,-0.034947427641544786,0,5,8,3,10.666666666666666,0,0,5,8,5,11.6,0,0,1,0,0.6,1.0,1.6,1.6,2,True,False,False,False,False,False,False,False,False,False,False,False,False,False,True,False,False,False,False,True,False,False,False,False,True,False,False
-0.5540677512436588,0.9393217225012175,0.7611604702869585,-0.4303628237699172,0,6,11,5,11.2,0,0,6,6,6,12.0,0,0,1,0,0.8333333333333334,1.0,1.8333333333333333,1.0,2,True,False,False,False,False,True,False,False,False,False,False,False,False,False,True,False,False,False,False,False,False,False,True,False,True,False,False
2.4908958903736655,0.33265633805298966,-0.03301846209969945,-0.6939730878554988,0,8,8,8,13.76375,0,0,8,8,8,13.76375,0,0,1,0,1.0,1.0,1.0,1.0,2,True,False,False,True,False,False,False,False,False,False,False,False,False,False,True,False,False,False,False,False,False,False,True,False,True,False,False
-0.5540677512436588,0.5601558572210751,0.8992785454846383,-0.2985576917271264,7,9,10,8,13.25,0,4,9,14,5,12.2,0,0,1,1,0.8888888888888888,0.5555555555555556,1.1111111111111112,1.5555555555555556,1,True,False,False,True,False,False,True,False,False,True,False,False,False,False,True,False,False,False,False,True,False,False,True,True,True,False,False
-0.5540677512436588,-0.9565076038994943,-1.0136567960032252,-0.16675255968433558,0,6,10,5,10.714285714285714,0,0,6,10,5,12.2,0,0,1,0,0.8333333333333334,0.8333333333333334,1.6666666666666667,1.6666666666666667,2,True,False,False,False,False,True,False,False,False,False,False,False,False,False,True,False,False,False,False,False,False,False,False,False,True,True,False
-0.5540677512436588,-0.8048412577874374,0.022228767979372222,-0.4303628237699172,0,6,6,6,12.166666666666666,0,0,6,7,6,11.666666666666666,0,0,1,1,1.0,1.0,1.0,1.1666666666666667,2,True,False,False,False,False,True,False,False,False,False,False,False,False,False,True,False,False,False,True,False,False,False,True,True,True,False,False
-0.5540677512436588,-0.19817587333920963,0.20868816949623997,-0.034947427641544786,1,7,8,6,14.357142857142858,0,1,7,8,6,14.357142857142858,0,0,1,0,0.8571428571428571,0.8571428571428571,1.1428571428571428,1.1428571428571428,2,True,False,False,True,False,False,True,False,True,False,False,False,False,False,True,False,False,False,False,False,False,False,True,False,True,False,False
0.2071731591606723,0.03690696313447821,-0.8271973944863575,-0.562167955812708,0,6,6,6,12.833333333333334,0,0,6,6,6,12.666666666666666,0,0,0,0,1.0,1.0,1.0,1.0,2,True,False,False,False,False,True,False,False,False,False,True,False,False,False,True,False,False,False,True,False,False,False,True,False,True,False,False
3.2521368007779965,1.3184875877813598,0.31227672589449973,-0.562167955812708,0,8,8,7,13.925714285714283,0,0,8,8,7,13.925714285714283,0,0,1,0,0.875,0.875,1.0,1.0,2,True,False,False,True,False,False,False,False,False,False,False,False,False,False,False,True,False,False,False,True,False,False,True,False,True,False,False
-0.5540677512436588,0.03690696313447821,-0.08826569217877112,0.3604679684868276,0,5,9,2,12.0,0,0,5,9,3,11.0,0,1,1,0,0.4,0.6,1.8,1.8,0,True,False,True,False,False,False,False,True,False,False,False,False,False,False,False,False,False,False,True,False,False,False,False,False,True,False,False
3.2521368007779965,0.6359890302771035,-0.012300750820047694,-0.6939730878554988,0,7,7,7,13.44285714285714,0,0,8,9,8,13.744444444444444,0,0,1,0,1.0,1.0,1.0,1.125,2,True,False,False,True,False,False,False,False,False,False,False,False,False,False,True,False,False,False,False,True,False,False,True,False,True,False,False
-0.5540677512436588,1.015154895557246,0.37442985973345594,-0.6939730878554988,0,5,5,1,16.0,0,0,5,5,0,0.0,0,0,1,0,0.2,0.0,1.0,1.0,0,True,True,False,False,True,False,False,False,False,False,False,False,False,False,False,False,False,False,False,False,False,False,True,False,True,False,False
-0.5540677512436588,1.3184875877813598,1.5898689214730366,-0.4303628237699172,0,6,8,6,13.125,0,0,6,10,6,13.2,0,0,1,0,1.0,1.0,1.3333333333333333,1.6666666666666667,2,True,True,False,False,False,True,True,False,False,True,False,False,False,False,False,False,False,False,False,False,False,False,True,False,True,False,False
-0.5540677512436588,0.03690696313447821,-2.2083781464631542,-0.562167955812708,0,6,7,0,0.0,0,0,6,6,0,0.0,0,0,0,0,0.0,0.0,1.1666666666666667,1.0,0,True,True,False,False,False,False,False,False,False,False,True,False,False,False,True,False,False,False,True,False,False,False,False,False,True,False,False
-0.5540677512436588,-0.9565076038994943,0.08438190181832748,1.1512987607435725,5,9,9,5,11.4,0,4,4,4,4,11.0,0,1,1,1,0.5555555555555556,1.0,1.0,1.0,0,True,True,True,False,False,False,False,True,False,False,False,False,False,False,False,False,False,False,False,False,False,False,False,False,False,False,False
-0.5540677512436588,1.3184875877813598,0.20868816949623997,1.0194936287007816,0,4,12,2,11.0,2,0,5,9,3,11.666666666666666,0,1,1,1,0.5,0.6,3.0,1.8,0,False,True,False,False,False,True,False,True,False,False,False,False,False,False,True,False,False,False,True,False,False,False,False,False,False,False,False
-0.5540677512436588,0.03690696313447821,-1.863082958468955,0.22866283644403682,0,5,13,1,11.0,0,0,5,11,1,10.0,0,1,1,0,0.2,0.2,2.6,2.2,1,True,True,False,False,True,False,False,True,False,False,False,False,False,False,True,False,False,False,True,False,False,False,False,False,True,False,False
-0.5540677512436588,0.5601558572210751,2.273553393701551,-0.2985576917271264,2,6,14,5,13.666666666666666,0,2,6,10,5,13.0,0,0,0,0,0.8333333333333334,0.8333333333333334,2.3333333333333335,1.6666666666666667,2,True,False,False,True,False,False,False,True,False,True,False,False,True,False,False,False,False,False,False,True,False,False,True,False,True,False,False
-0.5540677512436588,0.5601558572210751,-1.863082958468955,1.0194936287007816,2,6,10,4,11.75,0,0,5,6,1,10.0,0,1,1,1,0.6666666666666666,0.2,1.6666666666666667,1.2,0,False,False,True,False,False,False,False,True,False,False,False,False,False,False,True,False,False,False,False,False,False,False,False,False,False,False,False
-0.5540677512436588,0.03690696313447821,-0.7236088380880977,1.414909024829154,0,7,11,1,10.0,0,0,7,7,1,13.0,0,1,1,0,0.14285714285714285,0.14285714285714285,1.5714285714285714,1.0,0,False,False,False,False,False,True,False,True,False,False,False,False,False,False,True,False,False,False,True,False,False,False,False,False,True,False,False
-0.5540677512436588,-0.3498422194512666,-0.48190220649215837,-0.6939730878554988,0,6,8,6,13.5,0,0,6,9,6,12.833333333333334,0,0,1,0,1.0,1.0,1.3333333333333333,1.5,2,True,False,False,False,False,True,False,False,False,False,False,False,False,False,False,False,False,False,False,False,False,False,False,False,True,True,False
0.9684140695650034,-1.1840071230675797,-0.6890793192886778,-0.562167955812708,0,6,0,0,0.0,0,0,6,0,0,0.0,0,0,1,1,0.0,0.0,0.0,0.0,0,True,False,False,False,False,True,False,False,False,False,False,False,False,False,False,False,False,False,False,False,False,False,True,True,True,False,False
-0.5540677512436588,0.5601558572210751,0.8992785454846383,-0.2985576917271264,0,6,12,1,12.0,0,0,6,11,1,11.0,0,0,1,1,0.16666666666666666,0.16666666666666666,2.0,1.8333333333333333,1,True,False,False,False,False,False,True,False,False,True,False,False,False,False,False,True,False,False,False,False,False,False,True,True,True,False,False
0.2071731591606723,-0.6531749116753804,-0.6131143779299544,-0.6939730878554988,0,6,11,3,13.0,0,0,6,10,5,11.8,0,0,1,1,0.5,0.8333333333333334,1.8333333333333333,1.6666666666666667,0,True,False,False,False,False,True,False,False,False,False,False,False,False,False,True,False,False,False,False,True,False,False,True,False,False,False,False
-0.5540677512436588,1.9251529722295875,1.831575553068976,-0.4303628237699172,0,6,7,6,14.833333333333334,0,0,6,6,6,16.0,0,0,0,0,1.0,1.0,1.1666666666666667,1.0,2,True,False,False,False,False,False,False,False,False,False,False,False,False,True,True,False,False,False,False,False,False,False,True,False,True,False,False
-0.5540677512436588,0.33265633805298966,0.06366419053867671,-0.4303628237699172,0,6,6,6,11.833333333333334,0,0,6,7,6,12.857142857142858,0,0,1,0,1.0,1.0,1.0,1.1666666666666667,2,True,False,False,False,False,True,False,True,False,False,False,False,False,False,False,False,False,False,True,False,False,False,True,False,True,False,False
0.9684140695650034,-0.7290080847314089,-0.5647730516107663,-0.6939730878554988,0,6,10,5,12.0,0,0,6,11,5,12.333333333333334,0,0,1,0,0.8333333333333334,0.8333333333333334,1.6666666666666667,1.8333333333333333,2,True,False,False,False,False,False,False,False,False,False,False,False,False,False,False,False,False,False,False,False,False,False,True,False,True,True,False
-0.5540677512436588,-0.5015085655633235,-0.019206654579931284,-0.562167955812708,0,6,11,4,12.75,0,0,6,7,6,11.333333333333334,0,0,1,0,0.6666666666666666,1.0,1.8333333333333333,1.1666666666666667,2,True,False,False,False,False,True,False,False,False,False,False,False,False,False,False,False,False,False,False,False,False,False,True,False,True,False,False
-0.5540677512436588,2.8351510489019294,2.971049673449833,-0.562167955812708,0,5,5,0,0.0,5,0,5,7,4,14.75,1,0,1,0,0.0,0.8,1.0,1.4,1,True,False,False,True,False,False,False,True,False,False,False,False,False,False,True,False,False,False,False,True,False,False,True,False,True,False,False
-0.5540677512436588,0.03690696313447821,-1.1724925824805565,0.8876884966579909,0,6,7,0,0.0,0,0,6,16,1,10.0,0,1,0,0,0.0,0.16666666666666666,1.1666666666666667,2.6666666666666665,0,False,False,False,False,False,True,False,True,False,False,True,False,False,False,True,False,False,False,True,False,False,False,True,False,True,True,False
-0.5540677512436588,-1.3356734691796368,-0.8271973944863575,-0.562167955812708,0,6,6,6,12.0,0,0,6,7,6,12.857142857142858,0,0,1,0,1.0,1.0,1.0,1.1666666666666667,2,True,False,False,False,False,True,False,False,False,False,False,False,False,False,True,False,False,False,True,False,False,False,True,False,True,False,False
0.9684140695650034,-0.04650952722715268,-0.5509612440909982,-0.562167955812708,0,7,9,7,11.677777777777775,0,0,8,8,8,13.8,0,0,1,0,1.0,1.0,1.2857142857142858,1.0,2,True,False,False,True,False,False,False,False,False,False,False,False,False,False,False,False,False,False,False,False,False,False,True,False,True,False,False
1.7296549799693344,-0.04650952722715268,-0.35759593881424684,-0.562167955812708,0,8,8,7,13.6,0,0,8,8,7,13.6,0,0,1,0,0.875,0.875,1.0,1.0,2,True,False,False,True,False,False,False,False,False,False,False,False,False,False,True,False,False,False,False,False,False,False,True,False,True,True,False
-0.5540677512436588,0.7876553763891605,0.4434888973322958,-0.562167955812708,0,6,7,6,16.0,0,0,6,8,6,15.875,0,0,1,0,1.0,1.0,1.1666666666666667,1.3333333333333333,2,True,False,False,True,False,False,False,False,False,False,False,False,False,False,False,False,False,False,False,False,False,False,True,False,True,False,False
0.9684140695650034,0.33265633805298966,0.30537082213461614,-0.4303628237699172,0,6,9,5,11.8,0,0,6,7,6,11.5,0,0,1,0,0.8333333333333334,1.0,1.5,1.1666666666666667,2,True,False,False,False,False,True,False,False,False,False,False,False,False,False,False,True,False,False,False,True,False,False,True,False,True,False,False
-0.5540677512436588,-0.19817587333920963,0.5539833574904391,0.22866283644403682,0,5,5,0,0.0,0,2,6,7,2,14.0,0,1,1,1,0.0,0.3333333333333333,1.0,1.1666666666666667,0,True,True,False,False,True,False,False,True,False,False,False,False,False,False,False,False,False,False,False,True,False,False,False,True,True,False,False
0.2071731591606723,-0.8806744308434659,-0.28853690121540704,-0.562167955812708,0,6,0,0,0.0,0,0,6,0,0,0.0,0,0,1,0,0.0,0.0,0.0,0.0,0,True,True,False,False,False,True,False,False,False,False,False,False,False,False,False,False,False,False,False,False,False,False,False,False,True,False,False
-0.5540677512436588,-0.19817587333920963,0.8992785454846383,1.414909024829154,0,6,7,6,16.142857142857142,0,0,6,10,6,16.2,0,1,1,1,1.0,1.0,1.1666666666666667,1.6666666666666667,2,False,False,False,False,False,True,False,True,False,False,False,False,False,False,False,False,False,False,False,True,False,False,False,True,True,True,False
0.2071731591606723,0.18098999194093274,-0.11588930721830744,-0.6939730878554988,0,8,8,7,11.785714285714286,0,0,8,8,7,11.785714285714286,0,0,1,0,0.875,0.875,1.0,1.0,2,True,False,False,True,False,False,False,False,False,False,False,False,False,False,False,False,False,False,True,False,False,False,True,False,True,True,False
3.2521368007779965,0.33265633805298966,-0.04683026961946761,-0.6939730878554988,0,8,8,8,13.42375,0,0,8,8,8,13.42375,0,0,1,0,1.0,1.0,1.0,1.0,2,True,False,False,True,False,False,False,False,False,False,False,False,False,False,True,False,False,False,True,False,False,False,True,False,True,True,False
-0.5540677512436588,-2.473171065020064,-1.863082958468955,-0.4303628237699172,0,6,8,6,12.5,0,0,6,10,5,14.166666666666666,0,0,1,0,1.0,0.8333333333333334,1.3333333333333333,1.6666666666666667,2,True,False,False,False,False,False,False,False,False,False,False,False,False,False,False,False,False,False,False,False,False,False,False,False,True,False,False
0.2071731591606723,-0.425675392507295,-0.39212545761366674,-0.4303628237699172,0,8,8,7,12.464285714285714,0,0,8,8,7,12.464285714285714,0,0,1,0,0.875,0.875,1.0,1.0,2,True,False,False,True,False,False,False,False,False,False,False,False,False,False,False,False,False,False,False,False,False,False,True,False,True,True,False
-0.5540677512436588,0.5601558572210751,0.5539833574904391,-0.034947427641544786,6,11,18,8,12.375,0,3,9,15,5,12.6,0,0,1,1,0.7272727272727273,0.5555555555555556,1.6363636363636365,1.6666666666666667,1,True,False,True,False,False,False,True,False,False,False,False,False,False,False,False,False,False,False,False,False,False,False,False,True,True,False,False
-0.5540677512436588,0.5601558572210751,-0.48190220649215837,0.6240782325724092,0,6,8,1,10.0,0,0,6,9,0,0.0,0,1,1,0,0.16666666666666666,0.0,1.3333333333333333,1.5,0,True,False,False,False,False,False,False,True,False,False,False,False,False,False,False,False,False,False,False,False,False,False,False,False,True,False,False
-0.5540677512436588,-0.8806744308434659,-0.9169741433648491,-0.6939730878554988,0,6,8,5,12.6,0,0,6,10,6,12.428571428571429,0,0,1,0,0.8333333333333334,1.0,1.3333333333333333,1.6666666666666667,1,True,False,False,False,False,True,False,False,False,False,False,False,False,False,False,False,False,False,False,False,False,False,False,False,True,False,False
-0.5540677512436588,-0.12234270028318116,0.18797045821658723,-0.562167955812708,0,5,5,5,12.6,0,0,5,6,4,12.4,0,0,1,0,1.0,0.8,1.0,1.2,2,True,False,False,False,False,False,False,True,False,False,False,False,False,False,False,False,False,False,False,False,False,False,True,False,True,False,False
-0.5540677512436588,1.3943207608373882,0.3537121484538032,1.414909024829154,0,5,7,2,10.0,0,0,5,6,4,12.0,0,1,1,0,0.4,0.8,1.4,1.2,0,False,False,False,False,False,False,False,False,False,False,False,False,False,False,False,False,False,False,False,False,False,False,True,False,True,False,False
-0.5540677512436588,-0.19817587333920963,-0.4611844952125066,1.546714156871945,0,7,7,0,0.0,0,0,6,0,0,0.0,0,1,1,0,0.0,0.0,1.0,0.0,0,False,False,False,False,False,True,False,True,False,False,False,False,False,False,False,False,False,False,False,False,False,False,False,False,True,False,False
-0.5540677512436588,-0.9565076038994943,-0.48190220649215837,1.1512987607435725,0,5,7,5,11.6,0,0,5,8,5,12.333333333333334,0,1,1,0,1.0,1.0,1.4,1.6,2,True,False,True,False,False,False,True,False,True,False,False,False,False,False,False,False,False,False,False,False,False,False,False,False,True,False,False
0.2071731591606723,0.25682316499696123,-0.26781918993575526,-0.562167955812708,0,6,8,6,12.166666666666666,0,0,6,6,6,13.5,0,0,1,0,1.0,1.0,1.3333333333333333,1.0,2,True,False,False,False,False,False,False,False,False,False,False,False,False,False,True,False,False,False,False,False,False,False,True,False,True,False,False
2.4908958903736655,-0.577341738619352,-0.5233376290514619,-0.6939730878554988,0,6,10,4,13.6,0,0,6,7,5,12.666666666666666,0,0,1,0,0.6666666666666666,0.8333333333333334,1.6666666666666667,1.1666666666666667,2,True,False,False,False,False,False,False,False,False,False,False,False,False,False,False,False,False,False,False,False,False,False,True,False,True,False,False
-0.5540677512436588,0.03690696313447821,0.8992785454846383,1.546714156871945,0,5,8,4,12.5,1,0,5,8,5,11.8,0,1,1,1,0.8,1.0,1.6,1.6,0,False,False,False,False,False,False,False,True,False,False,False,False,False,False,False,False,False,False,False,False,False,False,False,False,False,False,False
-0.5540677512436588,0.03690696313447821,-0.7236088380880977,0.09685770440124603,0,6,6,4,12.25,0,0,6,10,4,11.5,0,1,1,0,0.6666666666666666,0.6666666666666666,1.0,1.6666666666666667,1,True,True,True,False,False,True,False,True,False,False,False,False,False,False,True,False,False,False,True,False,False,False,False,False,True,True,False
-0.5540677512436588,-0.9565076038994943,-0.9653154696840371,-0.4303628237699172,0,6,7,6,11.714285714285714,0,0,6,8,6,12.625,0,0,1,0,1.0,1.0,1.1666666666666667,1.3333333333333333,2,True,False,False,False,False,True,False,False,False,False,False,False,False,False,False,False,False,False,False,False,False,False,True,False,True,True,False
0.9684140695650034,0.7876553763891605,0.4780184161317157,-0.6939730878554988,0,6,7,6,13.5,0,0,6,7,6,13.0,0,0,1,0,1.0,1.0,1.1666666666666667,1.1666666666666667,2,True,True,False,False,False,True,False,False,False,False,False,False,False,False,True,False,False,False,False,False,False,False,True,False,True,True,True
0.9684140695650034,0.03690696313447821,-0.7926678756869375,-0.4303628237699172,0,8,8,7,13.024285714285714,0,0,8,8,7,13.024285714285714,0,0,1,0,0.875,0.875,1.0,1.0,2,True,True,False,True,False,False,False,False,False,False,False,False,False,False,False,False,False,False,False,False,False,False,True,False,True,True,False
2.4908958903736655,-0.8806744308434659,-0.7236088380880977,-0.6939730878554988,0,6,12,0,0.0,0,0,6,0,0,0.0,0,0,1,1,0.0,0.0,2.0,0.0,0,True,True,False,False,False,False,False,False,False,False,False,False,False,False,True,False,False,False,False,False,False,False,True,False,False,False,False
-0.5540677512436588,2.6834847027898725,3.0539205185684404,-0.6939730878554988,0,5,6,5,17.333333333333332,0,0,5,8,5,18.571428571428573,0,0,1,0,1.0,1.0,1.2,1.6,2,True,True,False,False,True,False,False,False,False,False,False,False,False,False,True,False,False,False,True,False,False,False,False,False,True,True,False
-0.5540677512436588,-0.6531749116753804,-0.5440553403311146,-0.4303628237699172,0,5,7,4,11.0,0,0,5,7,4,11.5,0,0,1,0,0.8,0.8,1.4,1.4,2,True,True,False,False,False,False,False,False,False,False,False,False,False,False,True,False,False,False,False,False,False,False,False,False,True,True,False
0.2071731591606723,-0.425675392507295,-0.4059372651334349,-0.562167955812708,0,7,10,6,13.666666666666666,0,0,7,9,6,12.5,0,0,1,0,0.8571428571428571,0.8571428571428571,1.4285714285714286,1.2857142857142858,0,True,True,False,False,False,True,False,False,False,False,False,False,False,False,False,True,False,False,False,True,False,False,True,False,True,False,False
0.2071731591606723,-0.2740090463952381,0.40895937853287584,-0.4303628237699172,0,6,9,6,11.375,0,0,6,6,5,13.8,0,0,1,0,1.0,0.8333333333333334,1.5,1.0,1,True,True,False,False,False,True,False,False,False,False,False,False,False,False,True,False,False,False,False,False,False,False,True,False,True,True,False
-0.5540677512436588,0.33265633805298966,0.40205347477299225,-0.562167955812708,0,6,6,6,12.833333333333334,0,0,6,8,6,11.833333333333334,0,0,1,0,1.0,1.0,1.0,1.3333333333333333,2,True,True,False,False,False,True,False,False,False,False,False,False,False,False,False,False,False,False,False,False,False,False,False,False,True,False,False
-0.5540677512436588,-0.9565076038994943,-0.019206654579931284,-0.4303628237699172,0,6,9,5,12.6,0,0,6,11,4,11.5,0,0,1,0,0.8333333333333334,0.6666666666666666,1.5,1.8333333333333333,2,True,True,False,False,False,True,False,False,False,False,False,False,False,False,False,False,True,False,False,False,True,False,True,False,True,False,False
-0.5540677512436588,-1.714839334459779,-1.4625405403956842,-0.16675255968433558,0,7,8,6,14.333333333333334,0,0,8,9,7,13.771428571428572,0,0,1,0,0.8571428571428571,0.875,1.1428571428571428,1.125,2,True,True,False,True,False,False,False,False,False,False,False,False,False,False,False,False,False,False,False,False,False,False,True,False,True,False,False
0.2071731591606723,-0.9565076038994943,-0.6752675117689096,-0.6939730878554988,0,5,8,4,13.5,0,0,6,10,6,13.625,0,0,1,0,0.8,1.0,1.6,1.6666666666666667,1,True,True,False,False,True,False,False,False,False,False,False,False,False,False,False,False,False,False,False,False,False,False,False,False,True,True,False
-0.5540677512436588,0.7876553763891605,0.8992785454846383,-0.562167955812708,0,8,8,7,14.285714285714286,0,0,8,8,7,14.285714285714286,0,0,1,0,0.875,0.875,1.0,1.0,2,True,True,False,True,False,False,False,False,False,False,False,False,False,False,False,False,False,False,False,False,False,False,False,False,True,False,False
-0.5540677512436588,-0.9565076038994943,-0.48190220649215837,-0.16675255968433558,2,6,15,3,11.75,0,0,6,12,2,10.0,0,0,1,0,0.5,0.3333333333333333,2.5,2.0,0,True,True,False,False,False,True,True,False,False,True,False,False,False,False,False,False,False,False,False,False,False,False,False,False,True,False,False
2.4908958903736655,-0.6531749116753804,-0.5164317252915782,-0.4303628237699172,0,5,5,5,14.8,0,0,5,5,5,17.6,0,0,0,0,1.0,1.0,1.0,1.0,2,True,True,False,False,True,False,False,False,False,False,True,False,False,False,False,True,False,False,False,False,False,False,True,False,True,False,True
-0.5540677512436588,2.6834847027898725,1.8591991681085123,1.414909024829154,0,6,7,0,0.0,0,0,6,0,0,0.0,0,1,0,1,0.0,0.0,1.1666666666666667,0.0,0,False,True,False,False,False,True,False,True,False,False,False,False,False,True,False,False,False,False,False,True,False,False,False,True,False,False,False
-0.5540677512436588,0.03690696313447821,0.20868816949623997,0.09685770440124603,0,6,14,1,10.0,0,0,5,5,0,0.0,0,1,1,0,0.16666666666666666,0.0,2.3333333333333335,1.0,0,False,True,True,False,False,True,False,True,False,False,False,False,False,False,True,False,False,False,True,False,False,False,False,False,True,False,False
0.2071731591606723,1.3184875877813598,-1.3796696952770762,0.3604679684868276,0,5,5,0,0.0,0,0,5,5,0,0.0,0,1,1,0,0.0,0.0,1.0,1.0,0,True,True,False,False,False,False,False,True,False,False,False,False,False,False,False,False,True,False,False,False,True,False,True,False,True,False,False
-0.5540677512436588,0.5601558572210751,0.40205347477299225,1.546714156871945,0,7,10,4,12.6,0,0,7,9,5,12.38,0,1,1,0,0.5714285714285714,0.7142857142857143,1.4285714285714286,1.2857142857142858,0,True,True,False,True,False,False,False,True,False,False,False,False,False,False,False,False,False,False,False,False,False,False,False,False,True,False,False
-0.5540677512436588,0.9393217225012175,0.03604057549914038,-0.16675255968433558,0,5,9,5,12.428571428571429,1,0,5,7,5,11.8,0,0,0,0,1.0,1.0,1.8,1.4,2,True,True,True,False,False,False,False,False,False,False,True,False,False,False,True,False,False,False,False,False,False,False,True,False,True,False,False
-0.5540677512436588,-1.1081739500115513,-0.2540073824159871,0.3604679684868276,0,6,10,4,10.0,0,0,6,11,3,12.0,0,1,1,0,0.6666666666666666,0.5,1.6666666666666667,1.8333333333333333,1,True,True,False,False,False,False,False,False,False,False,False,False,False,False,True,False,False,False,True,False,False,False,True,False,True,False,False
-0.5540677512436588,-0.7290080847314089,-0.34378413129447866,-0.562167955812708,0,5,7,3,12.333333333333334,0,0,5,5,0,0.0,0,0,1,0,0.6,0.0,1.4,1.0,0,True,True,False,False,False,False,False,False,False,False,False,False,False,False,False,True,False,False,True,False,False,False,False,False,True,False,False
2.4908958903736655,-0.9565076038994943,-0.8410092020061256,-0.562167955812708,0,6,0,0,0.0,0,0,6,0,0,0.0,0,0,0,1,0.0,0.0,0.0,0.0,0,True,True,False,False,False,False,False,False,False,False,True,False,False,False,False,True,False,False,False,False,False,False,True,False,False,False,False
-0.5540677512436588,0.5601558572210751,0.8992785454846383,-0.4303628237699172,0,0,0,0,0.0,0,0,0,0,0,0.0,0,0,0,1,0.0,0.0,0.0,0.0,2,True,True,False,False,False,True,True,False,False,True,True,False,True,False,False,True,False,False,False,True,False,False,False,True,True,False,False
-0.5540677512436588,-0.5015085655633235,-1.1034335448817167,-0.2985576917271264,5,11,12,10,12.1,0,2,8,9,8,13.333333333333334,0,0,0,1,0.9090909090909091,1.0,1.0909090909090908,1.125,2,True,True,False,False,False,False,False,True,False,False,True,False,True,False,False,True,False,False,False,False,False,False,False,True,True,False,False
0.2071731591606723,0.33265633805298966,0.4296770898125266,-0.562167955812708,0,6,7,6,14.714285714285714,0,0,6,6,6,15.0,0,0,1,0,1.0,1.0,1.1666666666666667,1.0,2,True,False,False,False,False,True,False,False,False,False,False,False,False,False,False,False,False,False,False,False,False,False,True,False,True,True,False
0.9684140695650034,-0.19817587333920963,-0.27472509369563886,-0.6939730878554988,0,6,6,6,12.666666666666666,0,0,6,7,6,12.833333333333334,0,0,1,0,1.0,1.0,1.0,1.1666666666666667,2,True,False,False,False,False,True,False,False,False,False,False,False,False,False,False,False,False,False,False,False,False,False,True,False,True,False,False
-0.5540677512436588,1.3184875877813598,1.5898689214730366,-0.034947427641544786,7,12,14,12,14.384615384615383,0,5,10,12,10,13.3,0,0,1,0,1.0,1.0,1.1666666666666667,1.2,2,True,False,False,False,False,True,True,False,False,True,False,False,False,False,False,False,False,False,False,False,False,False,False,False,True,True,False
0.9684140695650034,1.0909880686132745,0.36752395597357235,-0.6939730878554988,0,5,5,5,13.4,0,0,5,6,5,12.2,0,0,1,0,1.0,1.0,1.0,1.2,2,True,False,False,False,False,False,False,False,False,False,False,False,False,False,True,False,False,False,False,False,False,False,True,False,True,True,False
-0.5540677512436588,0.5601558572210751,-0.06754798089911936,-0.6939730878554988,0,8,8,7,13.314285714285717,0,0,8,8,7,13.314285714285717,0,0,1,0,0.875,0.875,1.0,1.0,2,True,False,False,True,False,False,False,False,False,False,False,False,False,False,True,False,False,False,False,False,False,False,True,False,True,False,False
0.9684140695650034,-0.04650952722715268,-0.5302435328113464,-0.562167955812708,0,8,8,7,11.98857142857143,0,0,8,8,7,11.98857142857143,0,0,1,0,0.875,0.875,1.0,1.0,2,True,False,False,True,False,False,False,False,False,False,False,False,False,False,False,False,False,False,False,False,False,False,True,False,True,False,False
-0.5540677512436588,-0.19817587333920963,0.4711125123718321,-0.2985576917271264,6,11,17,11,11.545454545454543,0,3,9,13,8,12.88888888888889,0,0,1,0,1.0,0.8888888888888888,1.5454545454545454,1.4444444444444444,2,True,False,False,False,False,False,True,False,False,True,False,False,False,False,True,False,False,False,False,False,False,False,True,False,True,False,False
-0.5540677512436588,-0.19817587333920963,-0.03301846209969945,-0.6939730878554988,0,6,13,6,16.46153846153846,0,0,6,8,6,13.875,0,0,1,0,1.0,1.0,2.1666666666666665,1.3333333333333333,2,True,False,False,True,False,False,False,False,False,False,False,False,False,False,False,False,False,False,False,False,False,False,True,False,True,True,False
-0.5540677512436588,1.3943207608373882,0.7887840853264949,0.09685770440124603,0,6,7,6,13.666666666666666,0,0,6,6,6,12.833333333333334,0,1,1,0,1.0,1.0,1.1666666666666667,1.0,2,True,False,False,False,False,True,False,False,False,False,False,False,False,False,False,False,False,False,True,False,False,False,True,False,True,True,False
1.7296549799693344,0.8634885494451889,0.13962913189740012,-0.6939730878554988,0,7,8,7,12.65,0,0,8,9,8,13.411111111111111,0,0,0,0,1.0,1.0,1.1428571428571428,1.125,0,True,False,False,True,False,False,False,False,False,False,True,False,False,True,False,True,False,False,False,True,False,False,True,False,True,False,False
-0.5540677512436588,-0.425675392507295,-0.5993025704101862,-0.6939730878554988,0,6,7,6,12.333333333333334,0,0,6,10,3,12.0,0,0,1,0,1.0,0.5,1.1666666666666667,1.6666666666666667,1,True,False,False,False,False,False,False,False,False,False,False,False,False,False,True,False,False,False,False,False,False,False,True,False,True,False,False
0.2071731591606723,-0.12234270028318116,0.1948763619764728,-0.4303628237699172,0,7,8,6,14.37,0,0,8,10,7,14.65,0,0,1,0,0.8571428571428571,0.875,1.1428571428571428,1.25,2,True,False,False,True,False,False,False,False,False,False,False,False,False,False,False,False,False,False,False,False,False,False,True,False,True,False,False
0.2071731591606723,-0.7290080847314089,-0.9238800471247336,-0.562167955812708,0,5,13,3,12.0,2,0,5,8,4,11.75,0,0,1,0,0.6,0.8,2.6,1.6,1,True,False,False,True,False,False,False,False,False,False,False,False,False,False,True,False,False,False,False,False,False,False,True,False,True,False,False
2.4908958903736655,-0.19817587333920963,0.09128780557821303,-0.6939730878554988,0,6,12,3,12.0,0,0,6,15,3,10.666666666666666,0,0,1,1,0.5,0.5,2.0,2.5,0,True,False,False,False,False,True,False,False,False,False,False,False,False,False,False,False,True,False,False,False,False,False,True,False,False,True,False
-0.5540677512436588,-0.19817587333920963,0.20868816949623997,-0.562167955812708,0,6,11,4,12.0,0,0,6,14,3,11.0,0,0,1,0,0.6666666666666666,0.5,1.8333333333333333,2.3333333333333335,0,True,False,False,False,False,False,False,True,False,False,False,False,False,False,True,False,False,False,False,False,False,False,False,False,True,True,False
0.2071731591606723,-0.12234270028318116,-0.35069003505436225,-0.562167955812708,0,6,10,5,12.6,0,0,6,7,5,11.2,0,0,1,0,0.8333333333333334,0.8333333333333334,1.6666666666666667,1.1666666666666667,2,True,False,False,False,False,True,False,False,False,False,False,False,False,False,True,False,False,False,False,False,False,False,True,False,True,False,False
2.4908958903736655,0.18098999194093274,0.16725274693693645,-0.6939730878554988,0,6,6,6,12.166666666666666,0,0,6,6,6,12.333333333333334,0,0,1,1,1.0,1.0,1.0,1.0,2,True,False,False,False,False,True,False,False,True,False,False,False,False,False,False,False,False,False,False,True,False,False,False,True,True,False,False
0.2071731591606723,-0.7290080847314089,-0.8064796832067057,-0.4303628237699172,0,7,8,6,13.5,0,0,7,8,6,14.0,0,0,1,0,0.8571428571428571,0.8571428571428571,1.1428571428571428,1.1428571428571428,1,True,False,False,False,False,True,False,False,False,False,False,False,False,False,False,False,False,False,False,False,False,False,True,False,True,False,False
2.4908958903736655,0.9393217225012175,-0.10207749969853928,-0.6939730878554988,0,8,8,8,13.76375,0,0,8,8,8,13.76375,0,0,1,0,1.0,1.0,1.0,1.0,2,True,False,False,True,False,False,False,False,False,False,False,False,False,False,False,False,False,False,False,False,False,False,True,False,True,True,False
3.2521368007779965,-1.1081739500115513,-0.6338320892096062,-0.562167955812708,0,7,11,6,12.4,0,0,7,8,6,12.8,0,0,1,0,0.8571428571428571,0.8571428571428571,1.5714285714285714,1.1428571428571428,2,True,False,False,True,False,False,False,False,False,False,False,False,False,False,True,False,False,False,True,False,False,False,True,False,True,True,False
0.9684140695650034,-0.577341738619352,-0.5716789553706499,-0.6939730878554988,0,5,16,4,10.666666666666666,0,0,5,11,2,12.0,0,0,0,0,0.8,0.4,3.2,2.2,1,True,False,False,False,False,False,False,False,False,False,True,False,False,False,False,True,False,False,False,False,False,False,True,False,True,False,False
0.2071731591606723,1.4701539338934166,0.8302195078857985,-0.6939730878554988,0,7,7,6,14.333333333333334,0,0,7,7,6,14.333333333333334,0,0,1,0,0.8571428571428571,0.8571428571428571,1.0,1.0,2,True,False,False,True,False,False,False,False,False,False,False,False,False,False,False,False,False,False,False,False,False,False,True,False,True,False,False
-0.5540677512436588,-2.3973378919640354,-1.9390478998276783,-0.2985576917271264,0,6,12,4,12.5,0,0,6,13,2,12.666666666666666,0,0,1,0,0.6666666666666666,0.3333333333333333,2.0,2.1666666666666665,1,True,False,False,True,False,False,False,False,False,False,False,False,False,False,True,False,False,False,False,False,False,False,True,False,True,False,False
-0.5540677512436588,0.33265633805298966,0.7404427590073058,-0.562167955812708,0,6,14,1,10.0,0,0,6,13,0,0.0,0,0,1,1,0.16666666666666666,0.0,2.3333333333333335,2.1666666666666665,0,True,False,False,False,False,False,False,False,False,False,False,False,False,False,False,False,True,False,False,False,False,False,True,True,False,False,False
1.7296549799693344,-0.7290080847314089,-0.9238800471247336,-0.2985576917271264,0,7,8,7,14.69625,0,0,8,9,8,14.622222222222224,0,0,1,0,1.0,1.0,1.1428571428571428,1.125,2,True,False,False,True,False,False,False,False,False,False,False,False,False,False,False,True,False,False,False,True,False,False,True,False,True,False,False
-0.5540677512436588,-0.9565076038994943,-0.9376918546445008,-0.6939730878554988,0,6,14,4,11.5,0,0,6,17,3,13.75,0,0,0,0,0.6666666666666666,0.5,2.3333333333333335,2.8333333333333335,1,True,False,False,True,False,False,False,False,False,False,True,False,False,False,False,True,False,False,False,False,False,False,False,False,True,False,False
0.9684140695650034,-0.12234270028318116,0.10509961309798022,-0.6939730878554988,0,7,9,7,12.855555555555556,0,0,8,8,8,13.9125,0,0,1,0,1.0,1.0,1.2857142857142858,1.0,2,True,False,False,True,False,False,False,False,False,False,False,False,False,False,False,False,False,False,False,False,False,False,False,False,True,True,False
-0.5540677512436588,0.6359890302771035,1.0926438507613905,-0.6939730878554988,0,7,7,7,13.7,0,0,8,9,8,13.994444444444444,0,0,1,0,1.0,1.0,1.0,1.125,2,True,False,False,True,False,False,False,False,False,False,False,False,False,False,False,True,False,False,False,False,False,False,False,False,True,False,False
-0.5540677512436588,0.8634885494451889,0.7404427590073058,-0.034947427641544786,0,5,9,0,0.0,3,1,5,10,1,12.0,3,0,0,1,0.0,0.2,1.8,2.0,0,True,False,False,False,False,True,False,False,False,False,True,False,False,False,False,True,False,False,False,True,False,False,False,False,False,False,False
-0.5540677512436588,-1.9423388536278645,-1.6213763268730155,-0.4303628237699172,0,6,13,3,11.2,0,0,6,9,4,12.0,0,0,1,0,0.5,0.6666666666666666,2.1666666666666665,1.5,1,True,False,False,False,False,True,False,False,False,False,False,False,False,False,False,False,False,False,False,False,False,False,True,False,True,False,False
-0.5540677512436588,0.02932364582887579,-0.2609132861758707,-0.6939730878554988,0,7,7,7,13.285714285714286,0,0,8,9,8,13.333333333333334,0,0,1,0,1.0,1.0,1.0,1.125,2,True,False,False,True,False,False,False,False,False,False,False,False,False,False,True,False,False,False,True,False,False,False,False,False,True,False,False
0.2071731591606723,-0.5015085655633235,-0.06754798089911936,-0.562167955812708,0,6,9,5,13.0,0,0,6,8,5,10.4,0,0,1,0,0.8333333333333334,0.8333333333333334,1.5,1.3333333333333333,1,True,False,False,False,False,True,False,False,False,False,False,False,False,False,False,True,False,False,False,False,False,False,True,False,True,False,False
-0.5540677512436588,0.03690696313447821,-0.36450184257413043,0.4922731005296184,0,7,8,6,12.6,0,0,7,9,6,11.685714285714283,0,1,1,0,0.8571428571428571,0.8571428571428571,1.1428571428571428,1.2857142857142858,1,True,False,False,True,False,False,False,True,False,False,False,False,False,False,False,True,False,False,False,False,False,False,False,False,True,True,False
-0.5540677512436588,1.0909880686132745,1.0926438507613905,-0.562167955812708,0,5,5,5,12.8,0,0,5,5,4,12.0,0,0,1,1,1.0,0.8,1.0,1.0,1,True,False,False,False,False,False,False,False,False,False,False,False,False,False,False,False,False,False,False,False,False,False,True,True,False,True,False
-0.5540677512436588,-0.9565076038994943,-0.48190220649215837,-0.2985576917271264,0,6,14,5,11.5,1,0,6,13,5,11.0,1,0,1,0,0.8333333333333334,0.8333333333333334,2.3333333333333335,2.1666666666666665,0,True,False,False,False,False,True,False,True,False,False,False,False,False,False,False,False,False,False,False,False,False,False,True,False,True,False,False
-0.5540677512436588,-0.19817587333920963,-0.5302435328113464,-0.562167955812708,0,8,8,7,11.4,0,0,8,8,7,11.4,0,0,1,0,0.875,0.875,1.0,1.0,2,True,False,False,True,False,False,False,False,False,False,False,False,False,False,False,False,False,False,False,False,False,False,True,False,True,True,False
-0.5540677512436588,-0.9565076038994943,-0.4128431688933185,-0.2985576917271264,3,6,6,6,12.333333333333334,0,2,6,8,6,11.333333333333334,0,0,1,0,1.0,1.0,1.0,1.3333333333333333,2,True,False,False,False,False,True,True,False,False,False,False,False,False,False,False,False,False,False,False,False,False,False,False,False,True,True,False
2.4908958903736655,0.40848951110901816,0.8578431229253347,-0.6939730878554988,0,6,7,5,12.8,0,0,6,10,4,12.2,0,0,1,0,0.8333333333333334,0.6666666666666666,1.1666666666666667,1.6666666666666667,2,True,False,False,False,False,True,False,False,False,False,False,False,False,False,False,False,False,False,False,False,False,False,True,False,True,False,False
-0.5540677512436588,-0.6531749116753804,-0.9031623358450809,-0.4303628237699172,0,5,8,5,12.0,1,0,5,8,4,15.0,1,0,1,0,1.0,0.8,1.6,1.6,2,True,False,False,True,False,False,False,False,False,False,False,False,False,False,False,False,False,False,False,False,False,False,True,False,True,True,False
-0.5540677512436588,0.02932364582887579,-0.1642306335374955,-0.6939730878554988,0,6,8,5,13.0,0,0,6,9,5,13.5,0,0,1,0,0.8333333333333334,0.8333333333333334,1.3333333333333333,1.5,2,True,False,False,False,False,True,False,False,False,False,False,False,False,False,False,False,False,False,False,False,False,False,True,False,True,True,False
-0.5540677512436588,-0.8048412577874374,-0.21947786361656718,-0.6939730878554988,0,6,6,6,11.833333333333334,0,0,6,8,6,11.0,0,0,1,1,1.0,1.0,1.0,1.3333333333333333,0,True,False,False,False,False,True,False,False,False,False,False,False,False,False,True,False,False,False,False,False,False,False,True,True,False,True,False
0.9684140695650034,0.40848951110901816,-0.04683026961946761,-0.6939730878554988,0,6,8,6,14.0,0,0,6,9,6,13.333333333333334,0,0,0,0,1.0,1.0,1.3333333333333333,1.5,2,True,False,False,True,False,False,False,False,False,False,False,False,True,False,True,False,False,False,True,False,False,False,True,False,True,False,False
1.7296549799693344,0.10515681888490426,-0.454278591452622,-0.6939730878554988,0,6,6,6,12.333333333333334,0,0,6,6,6,13.5,0,0,1,0,1.0,1.0,1.0,1.0,2,True,False,False,False,False,True,False,False,False,False,False,False,False,False,False,True,False,False,False,True,False,False,True,False,True,True,False
0.9684140695650034,-0.3498422194512666,-0.4473726876927384,-0.562167955812708,0,7,10,5,13.04,0,0,7,7,7,12.5,0,0,1,0,0.7142857142857143,1.0,1.4285714285714286,1.0,1,True,False,False,True,False,False,False,False,False,False,False,False,False,False,False,False,False,False,False,False,False,False,True,False,True,True,False
-0.5540677512436588,0.5601558572210751,1.2376678297189538,-0.034947427641544786,7,11,18,11,13.166666666666666,0,4,9,15,8,13.333333333333334,0,0,1,1,1.0,0.8888888888888888,1.6363636363636365,1.6666666666666667,1,True,False,False,True,False,False,True,False,False,True,False,False,False,False,False,False,False,False,False,False,False,False,True,True,False,False,False
-0.5540677512436588,0.03690696313447821,0.8923726417247547,0.09685770440124603,1,6,7,6,12.5,0,0,6,11,6,12.833333333333334,0,1,1,0,1.0,1.0,1.1666666666666667,1.8333333333333333,2,True,False,False,True,False,False,False,True,False,False,False,False,False,False,True,False,False,False,False,False,False,False,True,False,True,True,False
-0.5540677512436588,0.7118222033331321,0.4365829935724122,-0.562167955812708,0,0,0,0,0.0,0,0,0,0,0,0.0,0,0,1,0,0.0,0.0,0.0,0.0,2,True,False,False,False,False,True,False,False,False,False,False,False,False,False,False,True,False,False,False,True,False,False,True,False,True,False,False
0.9684140695650034,0.6359890302771035,-0.06754798089911936,-0.6939730878554988,0,8,8,7,15.657142857142857,0,0,8,8,7,15.657142857142857,0,0,1,0,0.875,0.875,1.0,1.0,2,True,False,False,True,False,False,False,False,False,False,False,False,False,False,False,False,False,False,False,False,False,False,True,False,True,False,False
0.2071731591606723,0.9393217225012175,0.4503948010921794,-0.562167955812708,0,6,6,6,12.166666666666666,0,0,6,6,6,11.333333333333334,0,0,1,0,1.0,1.0,1.0,1.0,2,True,False,False,False,False,True,False,False,False,False,False,False,False,False,True,False,False,False,False,True,False,False,False,False,True,False,False
0.2071731591606723,0.9393217225012175,0.06366419053867671,-0.562167955812708,0,6,0,0,0.0,0,0,6,0,0,0.0,0,0,1,0,0.0,0.0,0.0,0.0,0,True,False,False,False,False,True,False,False,False,False,False,False,False,False,True,False,False,False,False,False,False,False,True,False,True,False,False
-0.5540677512436588,-1.866505680571836,-1.4556346366357995,-0.4303628237699172,0,6,11,5,10.6,0,0,6,9,5,11.166666666666666,0,0,1,0,0.8333333333333334,0.8333333333333334,1.8333333333333333,1.5,1,True,False,False,False,False,True,False,False,False,False,False,False,False,False,True,False,False,False,False,False,False,False,False,False,True,True,False
-0.5540677512436588,-0.04650952722715268,-0.18494834481714728,-0.4303628237699172,0,6,10,6,13.428571428571429,0,0,6,11,5,12.666666666666666,0,0,1,0,1.0,0.8333333333333334,1.6666666666666667,1.8333333333333333,1,True,False,False,True,False,False,False,False,False,False,False,False,False,False,True,False,False,False,True,False,False,False,False,False,True,False,False
-0.5540677512436588,0.5601558572210751,-1.6904353644718553,0.3604679684868276,0,6,8,4,11.75,0,0,6,12,0,0.0,0,1,1,0,0.6666666666666666,0.0,1.3333333333333333,2.0,0,True,False,False,False,False,True,False,True,False,False,False,False,False,False,False,False,True,False,False,False,True,False,False,False,True,False,False
-0.5540677512436588,0.03690696313447821,-2.0702600712654746,1.6785192889147356,0,5,10,0,0.0,0,0,5,5,0,0.0,0,1,1,1,0.0,0.0,2.0,1.0,0,True,True,False,False,False,False,False,True,False,False,False,False,False,False,False,False,False,False,True,False,False,False,False,True,False,False,False
-0.5540677512436588,-0.3498422194512666,0.5332656462107864,-0.562167955812708,0,0,0,0,0.0,0,0,0,0,0,0.0,0,0,1,1,0.0,0.0,0.0,0.0,0,True,True,False,False,False,True,False,False,False,False,False,False,False,False,True,False,False,False,False,False,False,False,False,False,False,False,False
-0.5540677512436588,-0.9565076038994943,-0.9100682396049655,0.4922731005296184,0,5,0,0,0.0,0,0,5,0,0,0.0,0,1,1,1,0.0,0.0,0.0,0.0,0,True,True,False,False,True,False,False,True,False,False,False,False,False,False,False,False,False,False,False,False,False,False,False,False,False,False,False
1.7296549799693344,-0.9565076038994943,-0.6959852230485615,-0.6939730878554988,0,5,9,1,13.0,0,0,5,5,0,0.0,0,0,0,0,0.2,0.0,1.8,1.0,0,True,True,False,False,True,False,False,False,False,False,True,False,False,False,False,True,False,False,True,False,False,False,False,False,True,False,False
1.7296549799693344,0.48432268416504665,-0.20566605609679903,-0.6939730878554988,0,8,8,7,13.331428571428573,0,0,8,8,7,13.331428571428573,0,0,1,0,0.875,0.875,1.0,1.0,2,True,True,False,True,False,False,False,False,False,False,False,False,False,False,False,False,False,False,False,False,False,False,True,False,True,True,False
-0.5540677512436588,0.507072636081856,-0.6545498004892579,0.6240782325724092,0,6,0,0,0.0,0,0,6,0,0,0.0,0,1,1,0,0.0,0.0,0.0,0.0,0,True,True,False,False,False,True,False,True,False,False,False,False,False,False,True,False,False,False,True,False,False,False,False,False,True,False,False
-0.5540677512436588,1.3184875877813598,1.9213523019474685,-0.2985576917271264,0,0,0,0,0.0,0,0,0,0,0,0.0,0,0,1,0,0.0,0.0,0.0,0.0,2,True,True,False,False,False,True,True,False,False,True,False,False,False,False,False,False,False,False,False,False,False,False,True,False,True,False,False
-0.5540677512436588,0.40848951110901816,0.9683375830834781,-0.562167955812708,0,7,7,6,13.7,0,0,7,7,6,13.7,0,0,1,0,0.8571428571428571,0.8571428571428571,1.0,1.0,2,True,True,False,True,False,False,False,False,False,False,False,False,False,False,True,False,False,False,False,False,False,False,False,False,True,False,False
-0.5540677512436588,0.03690696313447821,-0.48190220649215837,0.3604679684868276,0,5,5,0,0.0,0,0,5,5,0,0.0,5,1,0,1,0.0,0.0,1.0,1.0,0,True,True,False,False,False,False,False,True,False,False,True,False,False,True,False,True,False,False,False,True,False,False,False,True,False,False,False
-0.5540677512436588,0.25682316499696123,0.457300704852063,-0.4303628237699172,4,9,12,9,13.454545454545457,0,2,7,9,6,13.875,0,0,1,0,1.0,0.8571428571428571,1.3333333333333333,1.2857142857142858,0,True,True,False,False,True,False,False,True,False,False,False,False,False,False,False,True,False,False,True,False,False,False,True,False,True,False,False
3.2521368007779965,0.10515681888490426,-0.34378413129447866,-0.562167955812708,0,8,8,7,12.2,0,0,8,8,7,12.2,0,0,1,0,0.875,0.875,1.0,1.0,2,True,True,False,True,False,False,False,False,False,False,False,False,False,False,False,False,False,False,False,False,False,False,True,False,True,False,False
-0.5540677512436588,0.5601558572210751,-0.48190220649215837,-0.2985576917271264,0,5,8,3,10.0,0,0,5,10,4,11.0,0,0,1,0,0.6,0.8,1.6,2.0,0,True,True,False,False,False,False,False,False,False,False,False,False,False,False,False,False,False,False,False,True,False,False,True,False,True,False,False
-0.5540677512436588,-1.714839334459779,-0.8824446245654292,-0.034947427641544786,0,6,7,5,13.0,0,0,6,7,6,12.857142857142858,0,0,1,0,0.8333333333333334,1.0,1.1666666666666667,1.1666666666666667,2,True,True,False,False,False,False,True,False,False,True,False,False,False,False,False,False,False,False,False,False,False,False,False,False,True,True,False
-0.5540677512436588,0.03690696313447821,-2.1738486276637343,0.7558833646152,0,6,11,6,12.0,0,0,6,6,6,14.0,0,1,1,0,1.0,1.0,1.8333333333333333,1.0,2,True,True,True,False,False,True,False,True,False,False,False,False,False,False,True,False,False,False,False,False,False,False,False,False,True,False,False
-0.5540677512436588,-0.2740090463952381,-0.48190220649215837,-0.4303628237699172,0,8,8,7,15.028571428571428,0,0,8,8,7,15.028571428571428,0,0,1,0,0.875,0.875,1.0,1.0,2,True,True,False,True,False,False,False,False,False,False,False,False,False,False,False,False,False,False,False,False,False,False,False,False,True,False,False
-0.5540677512436588,-1.2598402961236081,-1.0965276411218332,-0.6939730878554988,0,6,8,6,12.0,0,0,6,7,6,11.714285714285714,0,0,1,0,1.0,1.0,1.3333333333333333,1.1666666666666667,2,True,True,False,False,False,True,False,False,False,False,False,False,False,False,True,False,False,False,False,False,False,False,False,False,True,False,False
-0.5540677512436588,-0.19817587333920963,0.11200551685786381,-0.562167955812708,0,6,8,5,12.0,0,0,6,8,5,12.4,0,0,1,0,0.8333333333333334,0.8333333333333334,1.3333333333333333,1.3333333333333333,2,True,True,False,False,False,True,False,False,False,False,False,False,False,False,False,True,False,False,True,False,False,False,True,False,True,False,False
-0.5540677512436588,-0.19817587333920963,0.20868816949623997,-0.034947427641544786,3,7,7,3,13.666666666666666,0,3,8,8,3,11.333333333333334,4,0,1,1,0.42857142857142855,0.375,1.0,1.0,0,True,True,False,True,False,False,True,False,True,False,False,False,False,False,True,False,False,False,False,False,False,False,False,False,False,False,False
-0.5540677512436588,-1.2598402961236081,-1.0965276411218332,-0.2985576917271264,0,0,0,0,0.0,0,0,0,0,0,0.0,0,0,1,0,0.0,0.0,0.0,0.0,0,True,True,False,False,False,True,False,False,False,False,False,False,False,False,True,False,False,False,False,True,False,False,False,False,True,False,False
-0.5540677512436588,0.25682316499696123,-0.29544280497529063,-0.6939730878554988,0,5,6,5,12.0,0,0,5,7,4,12.5,0,0,1,0,1.0,0.8,1.2,1.4,1,True,True,False,False,False,False,False,False,False,False,False,False,False,False,False,False,False,False,False,True,False,False,True,False,True,False,False
-0.5540677512436588,1.0909880686132745,0.5125479349311356,-0.6939730878554988,0,0,0,0,0.0,0,0,0,0,0,0.0,0,0,1,0,0.0,0.0,0.0,0.0,2,True,True,False,False,False,True,False,False,False,False,False,False,False,False,False,False,False,False,False,False,False,False,True,False,True,True,False
2.4908958903736655,-1.1840071230675797,0.2777472070950798,-0.2985576917271264,0,6,6,1,14.0,0,0,6,7,0,0.0,7,0,1,1,0.16666666666666666,0.0,1.0,1.1666666666666667,0,True,True,False,False,False,True,False,False,False,False,False,False,False,False,True,False,False,False,True,False,False,False,True,True,False,False,False
-0.5540677512436588,0.6359890302771035,-0.1366070184979592,-0.16675255968433558,0,6,6,0,0.0,0,0,6,7,0,0.0,0,0,1,0,0.0,0.0,1.0,1.1666666666666667,0,True,True,False,False,False,True,False,True,False,False,False,False,False,False,True,False,False,False,False,False,False,False,False,False,True,False,False
-0.5540677512436588,0.03690696313447821,-1.448728732875916,-0.2985576917271264,0,7,8,7,12.375,0,0,7,11,5,12.583333333333334,0,0,0,0,1.0,0.7142857142857143,1.1428571428571428,1.5714285714285714,2,True,True,False,True,False,False,False,False,False,False,True,False,False,False,False,True,False,False,False,False,False,False,True,False,True,False,False
-0.5540677512436588,0.03690696313447821,0.0705700942985603,1.1512987607435725,0,7,0,0,0.0,0,0,8,0,0,0.0,0,1,1,1,0.0,0.0,0.0,0.0,0,True,True,False,True,False,False,False,True,False,False,False,False,False,False,False,False,False,False,False,False,False,False,True,False,False,False,False
-0.5540677512436588,-0.9565076038994943,-0.48190220649215837,0.4922731005296184,14,18,21,18,11.421052631578949,0,10,13,16,13,11.076923076923077,1,1,1,0,1.0,1.0,1.1666666666666667,1.2307692307692308,2,True,True,False,False,False,True,True,False,True,False,False,False,False,False,True,False,False,False,False,True,False,False,True,False,True,False,False
-0.5540677512436588,1.166821241669303,0.540171549970672,-0.6939730878554988,0,7,7,6,13.35,0,0,7,7,6,13.35,0,0,1,0,0.8571428571428571,0.8571428571428571,1.0,1.0,2,True,True,False,True,False,False,False,False,False,False,False,False,False,False,False,False,False,False,False,False,False,False,True,False,True,False,False
-0.5540677512436588,-0.19817587333920963,-1.034374507282877,0.09685770440124603,0,6,6,6,15.0,0,0,6,6,2,16.0,0,1,1,0,1.0,0.3333333333333333,1.0,1.0,2,True,True,False,False,False,True,False,True,False,False,False,False,False,False,True,False,False,False,False,True,False,False,True,False,True,True,False
-0.5540677512436588,-0.9565076038994943,-0.7512324531276341,-0.16675255968433558,0,5,9,2,10.5,0,0,5,5,0,0.0,0,0,1,0,0.4,0.0,1.8,1.0,0,True,True,False,False,False,True,False,False,False,False,False,False,False,False,False,True,False,False,False,False,False,False,True,False,True,False,False
-0.5540677512436588,-0.9565076038994943,-0.48190220649215837,-0.16675255968433558,0,6,0,0,0.0,0,0,4,6,0,0.0,2,0,0,1,0.0,0.0,0.0,1.5,0,True,True,False,False,False,True,False,True,False,False,True,False,True,False,False,True,False,False,False,True,False,False,True,False,False,False,False
0.9684140695650034,0.02932364582887579,-0.5026199177718101,-0.562167955812708,0,5,8,5,13.25,0,0,5,6,5,11.833333333333334,0,0,1,0,1.0,1.0,1.6,1.2,2,True,True,False,False,False,False,False,False,False,False,False,False,False,False,False,False,False,False,True,False,False,False,True,False,True,False,False
3.2521368007779965,-0.2740090463952381,-0.6821734155287943,-0.562167955812708,0,5,10,0,0.0,0,0,5,5,0,0.0,0,0,0,0,0.0,0.0,2.0,1.0,0,True,True,False,False,True,False,False,False,False,False,False,False,False,True,True,False,False,False,False,False,False,True,True,False,True,False,False
0.2071731591606723,-1.1081739500115513,-1.0067508922433406,-0.2985576917271264,0,5,7,4,11.5,0,0,5,15,3,10.6,4,0,1,0,0.8,0.6,1.4,3.0,1,True,True,False,True,False,False,False,False,False,False,False,False,False,False,False,True,False,False,False,True,False,False,True,False,True,False,False
0.2071731591606723,0.5601558572210751,0.2777472070950798,-0.6939730878554988,0,8,8,8,13.88125,0,0,8,8,8,13.88125,0,0,1,0,1.0,1.0,1.0,1.0,2,True,False,False,True,False,False,False,False,False,False,False,False,False,False,False,True,False,False,False,False,False,False,True,False,True,True,False
0.2071731591606723,-0.425675392507295,0.2708413033351962,-0.6939730878554988,0,6,8,6,11.333333333333334,0,0,6,8,5,12.6,0,0,0,0,1.0,0.8333333333333334,1.3333333333333333,1.3333333333333333,2,True,False,False,False,False,False,False,False,False,False,True,False,False,False,False,True,False,False,False,False,False,False,True,False,True,False,False
-0.5540677512436588,-0.12234270028318116,0.5470774537305555,-0.4303628237699172,0,0,0,0,0.0,0,0,0,0,0,0.0,0,0,1,1,0.0,0.0,0.0,0.0,0,True,False,False,False,False,True,False,False,False,False,False,False,False,False,False,False,False,False,False,False,False,False,True,True,True,False,False
-0.5540677512436588,-0.04650952722715268,0.008416960459604059,-0.562167955812708,0,6,7,6,12.857142857142858,0,0,6,7,6,13.666666666666666,0,0,1,0,1.0,1.0,1.1666666666666667,1.1666666666666667,2,True,False,False,False,False,True,False,False,False,False,False,False,False,False,True,False,False,False,False,False,False,False,True,False,True,False,False
2.4908958903736655,-1.4873398152916937,-1.1586807749607886,-0.562167955812708,0,6,6,5,11.6,0,0,6,6,6,12.5,0,0,1,1,0.8333333333333334,1.0,1.0,1.0,2,True,False,False,False,False,True,False,False,False,False,False,False,False,False,False,False,False,False,False,False,False,False,True,True,True,False,False
-0.5540677512436588,-1.3356734691796368,-1.2622693313590483,-0.6939730878554988,0,6,9,5,11.4,0,0,6,6,6,11.333333333333334,0,0,1,0,0.8333333333333334,1.0,1.5,1.0,2,True,False,False,False,False,False,False,False,False,False,False,False,False,False,False,False,False,False,False,True,False,False,True,False,True,True,False
-0.5540677512436588,0.03690696313447821,0.7611604702869585,-0.4303628237699172,0,6,11,6,13.333333333333334,0,0,6,10,6,13.0,0,0,1,0,1.0,1.0,1.8333333333333333,1.6666666666666667,1,True,False,False,False,False,True,False,False,False,False,False,False,False,False,False,True,False,False,False,False,False,False,True,False,True,False,False
-0.5540677512436588,1.3184875877813598,1.4310331349957042,-0.16675255968433558,2,7,7,7,13.571428571428571,0,5,9,9,9,13.77777777777778,0,0,1,1,1.0,1.0,1.0,1.0,2,True,False,False,False,False,True,True,False,False,True,False,False,False,False,False,True,False,False,False,False,False,False,False,True,True,True,False
-0.5540677512436588,0.03690696313447821,-0.27472509369563886,1.0194936287007816,0,7,13,6,11.833333333333334,0,0,7,8,7,12.228571428571428,0,1,1,0,0.8571428571428571,1.0,1.8571428571428572,1.1428571428571428,2,False,False,False,True,False,False,False,True,False,False,False,False,False,False,False,False,False,False,False,False,False,False,False,False,True,False,False
-0.5540677512436588,0.6359890302771035,1.0926438507613905,-0.562167955812708,0,7,7,7,14.428571428571429,0,0,7,7,7,14.142857142857142,0,0,1,0,1.0,1.0,1.0,1.0,2,True,False,False,False,False,True,False,False,False,False,False,False,False,False,False,False,False,False,False,False,False,False,False,False,True,True,False
0.2071731591606723,0.5601558572210751,0.7818781815666114,-0.6939730878554988,0,0,0,0,0.0,0,0,0,0,0,0.0,0,0,0,0,0.0,0.0,0.0,0.0,1,True,False,False,False,False,True,False,False,False,False,False,False,True,False,False,True,False,False,False,True,False,False,True,False,True,False,False
0.2071731591606723,0.25682316499696123,-0.12279521097819103,-0.6939730878554988,0,6,8,6,12.285714285714286,0,0,6,9,5,12.4,0,0,1,0,1.0,0.8333333333333334,1.3333333333333333,1.5,2,True,False,False,False,False,False,False,False,False,False,False,False,False,False,False,False,False,False,False,False,False,False,True,False,True,True,False
-0.5540677512436588,0.5601558572210751,1.0235848131625507,-0.2985576917271264,0,5,7,5,14.4,0,0,5,5,5,13.8,0,0,1,0,1.0,1.0,1.4,1.0,2,True,False,False,True,False,False,False,False,False,False,False,False,False,False,False,True,False,False,False,False,False,True,False,False,True,False,False
2.4908958903736655,0.7876553763891605,0.25012359205554346,-0.6939730878554988,0,7,8,7,13.15,0,0,8,9,8,15.06875,0,0,1,0,1.0,1.0,1.1428571428571428,1.125,2,True,False,False,True,False,False,False,False,False,False,False,False,False,False,False,False,False,False,False,False,False,False,True,False,True,True,False
-0.5540677512436588,-0.19817587333920963,0.20868816949623997,0.22866283644403682,0,5,6,0,0.0,0,0,5,5,0,0.0,0,1,0,1,0.0,0.0,1.2,1.0,0,True,True,False,False,False,False,True,False,False,True,True,False,False,False,False,True,False,False,False,False,False,False,False,True,False,False,True
-0.5540677512436588,0.03690696313447821,-1.863082958468955,-0.2985576917271264,0,5,5,0,0.0,0,0,6,8,0,0.0,0,0,0,1,0.0,0.0,1.0,1.3333333333333333,0,True,True,False,False,True,False,False,True,False,False,False,False,True,False,True,False,False,False,False,False,False,False,False,True,True,False,True
0.2071731591606723,-0.2740090463952381,-0.5509612440909982,-0.562167955812708,0,8,8,7,12.342857142857143,0,0,8,8,7,12.342857142857143,0,0,1,0,0.875,0.875,1.0,1.0,2,True,False,False,True,False,False,False,False,False,False,False,False,False,False,True,False,False,False,True,False,False,False,True,False,True,True,False
0.2071731591606723,-0.04650952722715268,-0.18494834481714728,-0.562167955812708,0,6,6,5,12.2,0,0,6,7,5,10.8,0,0,1,0,0.8333333333333334,0.8333333333333334,1.0,1.1666666666666667,1,True,False,False,False,False,True,False,False,False,False,False,False,False,False,False,False,False,False,False,False,False,False,True,False,True,False,False
-0.5540677512436588,-1.1081739500115513,-0.32997232377471053,-0.16675255968433558,0,6,10,4,10.5,0,0,6,14,1,11.0,0,0,1,0,0.6666666666666666,0.16666666666666666,1.6666666666666667,2.3333333333333335,0,True,False,False,False,False,False,False,False,False,False,False,False,False,False,True,False,False,False,False,False,True,False,True,False,True,False,False
-0.5540677512436588,1.3184875877813598,1.5898689214730366,-0.562167955812708,0,5,5,5,10.6,0,0,5,8,5,11.6,0,0,1,0,1.0,1.0,1.0,1.6,2,True,True,False,False,False,False,False,True,False,False,False,False,False,False,False,False,False,False,False,True,False,False,False,False,True,False,False
-0.5540677512436588,0.03690696313447821,0.588512876289859,4.578232193856134,0,6,6,0,0.0,0,0,6,6,0,0.0,0,1,1,0,0.0,0.0,1.0,1.0,0,True,False,True,False,False,True,False,True,False,False,False,False,False,False,False,False,False,False,True,False,False,False,False,False,True,False,False
0.2071731591606723,-0.8048412577874374,0.022228767979372222,-0.562167955812708,0,6,8,4,11.25,0,0,6,6,6,12.0,0,0,1,0,0.6666666666666666,1.0,1.3333333333333333,1.0,2,True,False,False,False,False,True,True,False,False,False,False,False,False,False,False,False,False,False,False,False,False,False,True,False,True,True,False
-0.5540677512436588,-0.425675392507295,0.001511056699720468,-0.034947427641544786,3,9,11,6,10.5,0,4,10,10,10,11.7,0,0,1,0,0.6666666666666666,1.0,1.2222222222222223,1.0,2,True,True,False,False,False,False,False,True,False,False,False,False,False,False,False,False,False,False,False,False,False,False,True,False,True,False,True
0.2071731591606723,-0.8048412577874374,-0.005394847060163122,-0.562167955812708,0,6,11,4,11.0,0,0,6,11,3,11.666666666666666,0,0,1,0,0.6666666666666666,0.5,1.8333333333333333,1.8333333333333333,1,True,False,False,False,False,True,False,False,False,False,False,False,False,False,False,False,False,False,False,False,False,False,True,False,True,True,False
0.9684140695650034,-0.12234270028318116,0.03604057549914038,-0.6939730878554988,0,7,7,7,13.457142857142856,0,0,8,8,8,14.5125,0,0,1,0,1.0,1.0,1.0,1.0,2,True,False,False,True,False,False,False,False,False,False,False,False,False,False,True,False,False,False,False,False,False,False,True,False,True,False,False
0.2071731591606723,-0.19817587333920963,-0.34378413129447866,-0.4303628237699172,0,5,6,5,12.6,0,0,5,8,4,12.333333333333334,0,0,1,0,1.0,0.8,1.2,1.6,2,True,False,False,True,False,False,False,False,False,False,False,False,False,False,False,False,False,True,False,False,False,True,False,False,True,False,False
2.4908958903736655,-0.19817587333920963,-0.7719501644072858,-0.6939730878554988,0,6,0,0,0.0,0,0,6,0,0,0.0,0,0,1,1,0.0,0.0,0.0,0.0,0,True,False,False,True,False,False,False,False,False,False,False,False,False,False,False,False,False,True,False,False,False,False,False,False,False,False,False
-0.5540677512436588,-0.19817587333920963,-0.371407746334015,-0.6939730878554988,0,6,6,6,13.666666666666666,0,0,6,8,5,13.6,0,0,0,0,1.0,0.8333333333333334,1.0,1.3333333333333333,2,True,False,False,False,False,False,False,False,False,False,True,False,False,False,True,False,False,False,True,False,False,False,False,False,True,False,False
1.7296549799693344,-0.8048412577874374,-0.7305147418479814,-0.6939730878554988,0,5,5,5,11.6,0,0,5,5,5,11.8,0,0,1,1,1.0,1.0,1.0,1.0,2,True,False,False,False,False,False,False,False,False,False,False,False,False,False,True,False,False,False,False,False,False,False,True,True,True,True,False
-0.5540677512436588,-1.4115066422356652,-0.48190220649215837,0.09685770440124603,0,6,9,6,12.571428571428571,0,0,6,10,5,12.833333333333334,0,1,1,0,1.0,0.8333333333333334,1.5,1.6666666666666667,0,True,False,False,False,False,True,False,True,False,False,False,False,False,False,False,False,False,False,False,False,False,False,False,False,True,False,False
1.7296549799693344,0.7876553763891605,0.022228767979372222,-0.6939730878554988,0,6,7,5,11.8,0,0,6,7,5,11.4,0,0,1,0,0.8333333333333334,0.8333333333333334,1.1666666666666667,1.1666666666666667,0,True,False,False,False,False,True,False,False,False,False,False,False,False,False,False,False,False,False,True,False,False,False,True,False,True,False,False
0.9684140695650034,-0.425675392507295,-0.24019557489621893,-0.562167955812708,0,5,5,5,11.6,0,0,5,11,3,12.666666666666666,0,0,1,0,1.0,0.6,1.0,2.2,1,True,False,False,False,False,False,False,False,False,False,False,False,False,False,True,False,False,False,False,False,False,False,True,False,True,True,False
0.9684140695650034,0.6359890302771035,-0.09517159593865569,-0.562167955812708,0,6,8,6,11.333333333333334,0,0,6,6,6,11.833333333333334,0,0,1,0,1.0,1.0,1.3333333333333333,1.0,2,True,False,False,False,False,True,False,False,False,False,False,False,False,False,False,False,False,False,False,False,False,False,True,False,True,True,False
-0.5540677512436588,-0.2740090463952381,-0.5854907628904181,-0.6939730878554988,0,6,6,6,10.666666666666666,0,0,6,6,6,11.5,0,0,1,0,1.0,1.0,1.0,1.0,2,True,False,False,False,False,False,False,False,False,False,False,False,False,False,False,False,False,False,False,False,False,False,True,False,True,False,False
0.2071731591606723,0.5601558572210751,0.17415865069682004,-0.6939730878554988,0,5,10,4,13.5,1,0,5,5,5,13.4,0,0,1,0,0.8,1.0,2.0,1.0,1,True,False,False,False,False,True,False,False,False,False,False,False,False,False,False,False,False,False,False,False,False,False,True,False,True,False,False
-0.5540677512436588,0.33265633805298966,0.5263597424509028,-0.562167955812708,0,0,0,0,0.0,0,0,0,0,0,0.0,0,0,1,0,0.0,0.0,0.0,0.0,2,True,False,False,False,False,True,False,False,False,False,False,False,False,False,True,False,False,False,True,False,False,False,True,False,True,True,False
-0.5540677512436588,0.5601558572210751,0.8992785454846383,-0.16675255968433558,2,6,9,6,13.333333333333334,0,1,6,9,4,11.5,0,0,0,0,1.0,0.6666666666666666,1.5,1.5,2,True,False,False,True,False,False,True,False,False,False,True,False,True,False,False,True,False,False,False,False,False,False,False,False,True,False,False
-0.5540677512436588,0.7876553763891605,0.4296770898125266,-0.562167955812708,0,6,9,5,13.4,0,0,6,16,2,13.5,0,0,0,0,0.8333333333333334,0.3333333333333333,1.5,2.6666666666666665,1,True,False,False,False,False,False,False,False,False,False,True,False,False,False,False,True,False,False,False,True,False,False,True,False,True,False,False
-0.5540677512436588,0.40848951110901816,0.4503948010921794,-0.2985576917271264,0,6,8,3,10.2,0,0,6,13,4,12.25,0,0,1,0,0.5,0.6666666666666666,1.3333333333333333,2.1666666666666665,1,False,False,False,False,False,True,False,False,False,False,False,False,False,False,False,False,False,False,False,False,False,False,True,False,True,True,False
-0.5540677512436588,-0.9565076038994943,-0.6269261854497216,-0.2985576917271264,0,6,6,5,13.0,0,0,6,7,6,12.833333333333334,0,0,1,0,0.8333333333333334,1.0,1.0,1.1666666666666667,2,True,False,False,False,False,True,False,False,False,False,False,False,False,False,False,False,False,False,False,False,False,False,True,False,True,True,False
0.9684140695650034,0.8634885494451889,0.0705700942985603,-0.6939730878554988,0,8,11,7,12.90857142857143,0,0,8,11,7,12.90857142857143,0,0,1,0,0.875,0.875,1.375,1.375,2,True,False,False,True,False,False,False,False,False,False,False,False,False,False,True,False,False,False,False,False,False,False,True,False,True,True,False
2.4908958903736655,-0.7290080847314089,-0.951503662164269,-0.4303628237699172,0,6,12,4,12.0,0,0,6,11,1,10.0,0,0,1,0,0.6666666666666666,0.16666666666666666,2.0,1.8333333333333333,0,True,False,False,False,False,True,False,False,False,False,False,False,False,False,True,False,False,False,False,False,False,False,True,False,True,False,False
0.9684140695650034,-0.2740090463952381,-0.34378413129447866,-0.6939730878554988,0,6,9,6,10.833333333333334,0,0,6,8,5,11.0,0,0,1,0,1.0,0.8333333333333334,1.5,1.3333333333333333,1,True,False,False,False,False,False,False,False,False,False,False,False,False,False,False,False,False,False,False,False,False,False,True,False,True,True,False
0.9684140695650034,1.4701539338934166,2.0663762809050317,-0.562167955812708,0,6,6,6,15.333333333333334,0,0,6,9,6,15.833333333333334,0,0,1,0,1.0,1.0,1.0,1.5,2,True,False,False,False,False,True,True,False,False,False,False,False,False,False,True,False,False,False,False,False,False,False,True,False,True,False,False
0.2071731591606723,-0.19817587333920963,-0.1297011147380756,-0.6939730878554988,0,7,9,6,12.816666666666668,0,0,8,11,6,12.875,0,0,1,0,0.8571428571428571,0.75,1.2857142857142858,1.375,1,True,False,False,True,False,False,False,False,False,False,False,False,False,False,False,False,False,False,False,False,False,False,True,False,True,True,False
-0.5540677512436588,0.03690696313447821,-1.863082958468955,0.3604679684868276,6,7,7,6,13.0,0,2,6,6,2,14.0,0,1,0,1,0.8571428571428571,0.3333333333333333,1.0,1.0,0,True,True,False,False,False,False,False,True,False,False,False,True,False,False,False,True,False,False,True,False,False,False,False,True,False,False,True
-0.5540677512436588,2.0768193183416446,2.280459297461435,-0.562167955812708,0,6,11,2,13.5,1,0,5,11,2,11.0,0,0,0,1,0.3333333333333333,0.4,1.8333333333333333,2.2,1,True,False,False,False,True,False,False,True,False,False,False,False,True,False,True,False,False,False,True,False,False,False,False,True,True,False,True
-0.5540677512436588,0.5601558572210751,-1.7940239208701152,1.546714156871945,0,6,7,6,12.5,0,0,6,6,6,12.166666666666666,0,1,1,0,1.0,1.0,1.1666666666666667,1.0,2,False,False,True,False,False,True,False,True,False,False,False,False,False,False,False,False,False,False,False,False,False,False,False,False,True,False,False
-0.5540677512436588,0.02932364582887579,-0.3783136500938986,-0.562167955812708,0,6,7,6,13.0,0,0,6,6,6,14.333333333333334,0,0,1,0,1.0,1.0,1.1666666666666667,1.0,2,True,False,False,False,False,False,False,False,False,False,False,False,False,False,False,False,False,False,False,False,False,False,True,False,True,True,False
-0.5540677512436588,0.40848951110901816,-0.012300750820047694,-0.6939730878554988,0,5,6,4,11.75,0,0,5,10,5,12.571428571428571,1,0,1,0,0.8,1.0,1.2,2.0,2,True,True,False,True,False,False,False,False,False,False,False,False,False,False,False,False,False,False,False,False,False,False,True,False,True,False,False
2.4908958903736655,0.7118222033331321,0.40895937853287584,-0.562167955812708,0,5,5,4,12.5,0,0,5,5,4,14.25,0,0,1,0,0.8,0.8,1.0,1.0,2,True,True,False,False,False,False,False,False,False,False,False,False,False,False,False,False,False,False,False,True,False,False,False,False,True,False,False
-0.5540677512436588,-1.3356734691796368,0.5056420311712521,0.22866283644403682,16,17,19,17,11.61111111111111,0,14,17,22,17,12.055555555555555,0,1,1,0,1.0,1.0,1.1176470588235294,1.2941176470588236,2,True,True,False,False,False,True,False,False,False,False,False,False,False,False,False,False,False,False,False,False,False,False,True,False,True,False,False
3.2521368007779965,-0.577341738619352,-0.4473726876927384,-0.6939730878554988,0,6,6,6,14.0,0,0,6,6,6,14.666666666666666,0,0,1,0,1.0,1.0,1.0,1.0,2,True,True,False,False,False,False,False,False,False,False,False,False,False,False,True,False,False,False,False,True,False,False,True,False,True,False,False
-0.5540677512436588,2.8351510489019294,1.182420599639881,0.3604679684868276,0,6,8,0,0.0,0,0,6,10,0,0.0,0,1,0,1,0.0,0.0,1.3333333333333333,1.6666666666666667,0,True,True,False,False,False,True,False,False,False,False,False,False,True,False,False,False,False,False,True,False,False,False,True,True,False,False,False
-0.5540677512436588,0.5601558572210751,-1.863082958468955,1.414909024829154,0,5,5,5,13.8,0,0,5,6,5,13.833333333333334,0,1,1,0,1.0,1.0,1.0,1.2,2,True,True,True,False,False,False,False,True,False,False,False,False,False,False,False,False,False,False,False,False,False,False,False,False,True,False,False
0.2071731591606723,-1.714839334459779,-0.8410092020061256,-0.6939730878554988,0,5,6,0,0.0,0,0,5,5,0,0.0,0,0,0,1,0.0,0.0,1.2,1.0,0,True,True,False,False,False,False,False,False,False,False,True,False,False,False,True,False,False,False,False,True,False,False,True,False,False,False,False
-0.5540677512436588,-1.4115066422356652,-1.0412804110427605,-0.6939730878554988,0,0,0,0,0.0,0,0,0,0,0,0.0,0,0,0,1,0.0,0.0,0.0,0.0,0,True,True,False,False,False,True,False,False,False,False,True,False,False,False,False,True,False,False,True,False,False,False,False,False,False,False,False
0.9684140695650034,0.40848951110901816,-0.10898340345842286,-0.6939730878554988,0,5,9,4,12.25,0,0,5,9,3,12.333333333333334,0,0,1,0,0.8,0.6,1.8,1.8,0,True,True,False,False,True,False,False,False,False,False,False,False,False,False,True,False,False,False,False,True,False,False,True,False,True,True,False
-0.5540677512436588,0.5601558572210751,0.8992785454846383,-0.4303628237699172,0,6,12,3,11.5,0,0,6,12,3,13.666666666666666,0,0,1,0,0.5,0.5,2.0,2.0,0,True,True,False,False,False,True,True,False,False,True,False,False,False,False,False,False,False,False,True,False,False,False,False,False,True,False,False
-0.5540677512436588,0.5601558572210751,0.8992785454846383,0.22866283644403682,2,7,9,6,12.571428571428571,0,5,9,9,9,12.555555555555555,0,1,1,0,0.8571428571428571,1.0,1.2857142857142858,1.0,2,True,True,False,False,False,True,True,False,False,True,False,False,False,False,True,False,False,False,True,False,False,False,False,False,True,False,False
-0.5540677512436588,-0.04650952722715268,0.05675828677879213,-0.6939730878554988,0,6,9,6,12.0,0,0,6,10,5,12.166666666666666,0,0,0,0,1.0,0.8333333333333334,1.5,1.6666666666666667,0,True,True,False,False,False,True,False,False,False,False,True,False,False,False,True,False,False,False,False,True,False,False,False,False,True,False,False
-0.5540677512436588,1.166821241669303,0.3191826296543833,-0.562167955812708,8,12,17,11,12.0,2,4,12,21,12,12.307692307692308,0,0,1,0,0.9166666666666666,1.0,1.4166666666666667,1.75,2,True,True,False,False,False,True,False,False,False,False,False,False,False,False,False,False,False,False,False,False,False,False,True,False,True,False,False
-0.5540677512436588,-0.04650952722715268,-0.5233376290514619,-0.4303628237699172,0,0,0,0,0.0,0,0,0,0,0,0.0,0,0,1,0,0.0,0.0,0.0,0.0,0,True,True,False,False,False,True,False,False,False,False,False,False,False,False,True,False,False,False,False,True,False,False,True,False,True,False,False
0.2071731591606723,-0.5015085655633235,0.20178226573635638,-0.4303628237699172,1,7,9,6,12.0,0,2,6,6,6,11.166666666666666,0,0,1,0,0.8571428571428571,1.0,1.2857142857142858,1.0,2,True,True,False,False,False,True,False,False,False,False,False,False,False,False,True,False,False,False,False,False,False,False,True,False,True,True,False
-0.5540677512436588,-0.8806744308434659,-0.8962564320851973,-0.4303628237699172,0,5,9,4,11.6,0,0,5,7,4,12.25,2,0,0,0,0.8,0.8,1.8,1.4,1,True,True,False,False,True,False,False,False,False,False,True,False,False,False,False,True,False,False,False,True,False,False,False,False,True,False,False
0.2071731591606723,-0.9565076038994943,-0.9376918546445008,-0.562167955812708,0,5,5,0,0.0,0,0,5,5,0,0.0,0,0,1,0,0.0,0.0,1.0,1.0,0,True,True,False,False,False,False,False,False,False,False,False,False,False,False,True,False,False,False,False,False,False,False,True,False,True,True,False
-0.5540677512436588,-0.7290080847314089,-0.6338320892096062,-0.4303628237699172,0,5,9,5,12.0,0,0,5,9,4,13.0,0,0,1,0,1.0,0.8,1.8,1.8,1,True,True,False,False,False,False,False,False,False,False,False,False,False,False,True,False,False,False,True,False,False,False,False,False,True,False,False
3.2521368007779965,-0.8048412577874374,-0.8755387208055456,-0.6939730878554988,0,7,8,6,13.976666666666668,0,0,8,12,6,12.041666666666666,1,0,1,0,0.8571428571428571,0.75,1.1428571428571428,1.5,1,True,True,False,True,False,False,False,False,False,False,False,False,False,False,False,True,False,False,False,False,False,False,True,False,True,False,False
-0.5540677512436588,0.25682316499696123,0.18797045821658723,-0.562167955812708,0,6,10,4,12.5,0,0,6,12,1,10.0,3,0,0,0,0.6666666666666666,0.16666666666666666,1.6666666666666667,2.0,1,True,True,False,False,False,False,False,False,False,False,True,False,False,False,True,False,False,False,False,False,False,False,True,False,True,False,False
-0.5540677512436588,-1.0323407769555228,-1.034374507282877,-0.4303628237699172,0,5,5,0,0.0,0,0,5,0,0,0.0,0,0,1,1,0.0,0.0,1.0,0.0,0,True,True,False,False,False,False,False,False,False,False,False,False,False,False,False,False,False,False,False,False,False,False,True,False,False,False,False
-0.5540677512436588,-0.9565076038994943,0.8992785454846383,0.09685770440124603,0,6,15,4,10.5,0,0,6,16,4,12.5,0,1,1,0,0.6666666666666666,0.6666666666666666,2.5,2.6666666666666665,0,True,True,False,False,False,False,False,True,False,False,False,False,False,False,False,False,False,False,False,False,False,False,False,False,True,False,False
-0.5540677512436588,1.3184875877813598,1.5898689214730366,-0.4303628237699172,0,6,8,5,12.857142857142858,0,0,6,11,6,12.3,0,0,1,0,0.8333333333333334,1.0,1.3333333333333333,1.8333333333333333,2,True,True,False,False,False,True,True,False,False,True,False,False,False,False,False,False,False,False,False,False,False,False,True,False,True,False,False
0.9684140695650034,-0.8806744308434659,-0.31616051625494235,-0.562167955812708,0,5,7,3,11.666666666666666,0,0,5,5,4,12.0,0,0,0,0,0.6,0.8,1.4,1.0,1,True,True,False,False,False,False,False,False,False,False,True,False,False,False,False,True,False,False,False,False,False,False,True,False,True,False,False
-0.5540677512436588,0.5601558572210751,1.5898689214730366,-0.034947427641544786,0,5,7,2,13.0,0,0,5,11,1,10.0,0,0,1,0,0.4,0.2,1.4,2.2,0,True,True,False,False,True,False,False,True,False,False,False,False,False,False,True,False,False,False,True,False,False,False,False,False,True,False,False
0.2071731591606723,0.18098999194093274,0.5539833574904391,-0.4303628237699172,0,6,8,6,11.833333333333334,0,0,6,9,5,10.4,0,0,1,0,1.0,0.8333333333333334,1.3333333333333333,1.5,1,True,True,False,False,False,False,False,False,False,False,False,False,False,False,True,False,False,False,False,True,False,False,True,False,True,False,False
1.7296549799693344,-1.2598402961236081,-0.7443265493677496,-0.2985576917271264,9,11,11,11,12.454545454545457,0,3,11,17,8,12.75,0,0,1,0,1.0,0.7272727272727273,1.0,1.5454545454545454,2,True,True,True,False,False,True,False,True,False,False,False,False,False,False,False,False,True,False,False,False,True,False,False,False,True,False,False
0.2071731591606723,-0.9565076038994943,-0.454278591452622,-0.4303628237699172,0,5,6,3,11.0,0,0,5,6,0,0.0,0,0,1,0,0.6,0.0,1.2,1.2,0,True,True,False,False,True,False,False,False,False,False,False,False,False,False,False,False,False,False,False,False,False,False,True,False,True,False,False
2.4908958903736655,-0.5015085655633235,-0.28163099745552245,-0.2985576917271264,0,5,10,4,13.2,0,0,5,7,4,14.25,2,0,1,0,0.8,0.8,2.0,1.4,1,False,True,False,False,True,False,False,False,False,False,False,False,False,False,True,False,False,False,True,False,False,False,True,False,True,False,False
-0.5540677512436588,2.8351510489019294,1.9351641094672356,-0.6939730878554988,0,6,6,6,15.5,0,0,6,6,6,14.166666666666666,0,0,1,0,1.0,1.0,1.0,1.0,2,True,True,False,False,False,True,False,False,False,False,False,False,False,False,False,False,False,False,False,False,False,False,False,False,True,True,False
0.9684140695650034,-0.7290080847314089,-0.24710147865610252,-0.6939730878554988,0,6,8,6,12.333333333333334,0,0,6,6,6,13.666666666666666,0,0,1,0,1.0,1.0,1.3333333333333333,1.0,2,True,True,False,False,False,False,False,False,False,False,False,False,False,False,True,False,False,False,False,True,False,False,True,False,True,False,False
-0.5540677512436588,-0.9565076038994943,-0.19185424857703087,-0.6939730878554988,0,5,13,5,12.0,0,0,5,9,4,11.4,0,0,0,0,1.0,0.8,2.6,1.8,1,True,True,False,False,False,False,False,False,False,False,True,False,False,False,False,True,False,False,False,False,False,False,True,False,True,False,False
-0.5540677512436588,-0.19817587333920963,0.20868816949623997,-0.4303628237699172,0,6,12,4,11.6,0,0,6,11,5,11.5,0,0,0,0,0.6666666666666666,0.8333333333333334,2.0,1.8333333333333333,1,True,True,False,False,False,True,True,False,False,True,True,False,True,False,False,False,False,False,False,True,False,False,True,False,True,False,False
-0.5540677512436588,-0.19817587333920963,-0.0537361733793512,-0.6939730878554988,0,6,7,6,11.333333333333334,0,0,6,8,6,12.285714285714286,0,0,1,0,1.0,1.0,1.1666666666666667,1.3333333333333333,2,True,True,False,False,False,True,False,False,False,False,False,False,False,False,True,False,False,False,False,False,False,False,False,False,True,True,False
-0.5540677512436588,-1.1840071230675797,-0.4473726876927384,-0.562167955812708,0,6,12,0,0.0,1,0,6,0,0,0.0,0,0,1,0,0.0,0.0,2.0,0.0,0,True,True,False,False,False,True,False,False,False,False,False,False,False,False,False,False,True,False,True,False,False,False,True,False,True,False,False
-0.5540677512436588,-0.12234270028318116,-0.22638376737645077,-0.4303628237699172,0,5,7,4,12.0,0,0,5,8,2,12.5,0,0,0,0,0.8,0.4,1.4,1.6,1,True,True,False,False,True,False,False,False,False,False,False,False,True,False,False,False,False,False,False,False,False,False,True,False,True,False,False
-0.5540677512436588,-0.19817587333920963,-0.30925461249505876,-0.562167955812708,0,5,11,4,12.0,1,0,5,9,5,12.6,0,0,1,0,0.8,1.0,2.2,1.8,2,True,True,False,False,False,True,False,False,False,False,False,False,False,False,True,False,False,False,False,False,False,False,False,False,True,False,False
-0.5540677512436588,0.02932364582887579,0.8440313154055656,1.2831038927863632,0,5,11,2,12.5,0,0,5,9,2,11.5,1,1,1,1,0.4,0.4,2.2,1.8,0,True,True,True,False,False,False,False,True,False,False,False,False,False,False,False,False,False,False,True,False,False,False,True,True,True,False,False
-0.5540677512436588,-0.3498422194512666,0.29155901461484696,-0.2985576917271264,6,12,12,12,13.666666666666666,0,4,11,16,11,13.0,0,0,0,0,1.0,1.0,1.0,1.4545454545454546,2,True,True,False,False,False,True,False,True,False,False,True,False,False,False,False,True,False,False,False,True,False,False,True,False,True,False,False
-0.5540677512436588,0.03690696313447821,-0.48190220649215837,0.22866283644403682,0,6,17,2,14.5,2,0,6,13,0,0.0,1,1,1,1,0.3333333333333333,0.0,2.8333333333333335,2.1666666666666665,0,False,True,False,False,False,True,False,True,False,False,False,False,False,False,True,False,False,False,True,False,False,False,False,True,False,False,False
-0.5540677512436588,-0.7290080847314089,-0.7097970305683295,-0.4303628237699172,0,6,10,4,13.2,0,0,6,8,0,0.0,0,0,1,0,0.6666666666666666,0.0,1.6666666666666667,1.3333333333333333,0,True,True,False,True,False,False,False,False,False,False,False,False,False,False,True,False,False,False,False,False,False,False,True,False,True,True,False
-0.5540677512436588,1.3184875877813598,1.5898689214730366,-0.16675255968433558,1,7,11,5,12.166666666666666,0,4,8,14,5,14.8,0,0,1,0,0.7142857142857143,0.625,1.5714285714285714,1.75,0,True,True,False,True,False,False,True,False,False,True,False,False,False,False,False,False,False,False,True,False,False,False,True,False,True,True,False
-0.5540677512436588,0.03690696313447821,-0.6545498004892579,2.073934685043108,0,6,10,4,11.25,0,0,6,6,6,11.333333333333334,0,1,1,0,0.6666666666666666,1.0,1.6666666666666667,1.0,2,False,False,False,False,False,True,False,True,False,False,False,False,False,False,False,False,False,False,False,True,False,False,False,False,True,False,False
0.2071731591606723,0.5601558572210751,0.7335368552474223,-0.2985576917271264,0,6,8,6,15.166666666666666,0,0,6,7,6,14.428571428571429,0,0,0,0,1.0,1.0,1.3333333333333333,1.1666666666666667,2,True,True,False,False,False,False,False,False,False,False,True,False,False,False,False,True,False,False,False,False,False,False,True,False,True,True,False
-0.5540677512436588,-0.5015085655633235,-0.18494834481714728,-0.562167955812708,0,6,8,6,11.166666666666666,0,0,6,7,4,13.4,0,0,1,0,1.0,0.6666666666666666,1.3333333333333333,1.1666666666666667,2,True,False,False,False,False,False,False,False,False,False,False,False,False,False,False,False,False,False,False,False,False,False,False,False,True,True,False
-0.5540677512436588,0.03690696313447821,-0.7581383568875176,0.3604679684868276,0,7,8,6,10.983333333333334,0,0,7,8,6,10.983333333333334,0,1,1,0,0.8571428571428571,0.8571428571428571,1.1428571428571428,1.1428571428571428,2,True,False,False,True,False,False,False,True,False,False,False,False,False,False,False,False,False,False,False,False,False,False,False,False,True,True,False
0.2071731591606723,-0.8806744308434659,-0.3852195538537822,-0.562167955812708,0,6,8,4,10.75,0,0,6,11,5,11.5,0,0,1,0,0.6666666666666666,0.8333333333333334,1.3333333333333333,1.8333333333333333,2,True,False,False,False,False,True,False,False,False,False,False,False,False,False,True,False,False,False,False,True,False,False,True,False,True,True,False
-0.5540677512436588,0.5601558572210751,1.0926438507613905,-0.4303628237699172,7,12,15,11,13.384615384615383,0,4,9,13,7,14.285714285714286,0,0,0,1,0.9166666666666666,0.7777777777777778,1.25,1.4444444444444444,2,True,False,False,True,False,False,True,False,False,True,False,False,True,False,True,False,False,False,False,True,False,False,True,False,False,True,False
-0.5540677512436588,0.03690696313447821,-2.1393191088643144,0.22866283644403682,0,6,8,6,11.285714285714286,0,0,6,10,5,12.2,0,1,1,0,1.0,0.8333333333333334,1.3333333333333333,1.6666666666666667,1,True,False,False,False,False,False,False,False,False,False,False,False,False,False,True,False,False,False,False,False,False,False,True,False,True,True,False
-0.5540677512436588,-0.12234270028318116,-0.1366070184979592,0.09685770440124603,0,6,13,0,0.0,3,0,6,6,0,0.0,0,1,1,0,0.0,0.0,2.1666666666666665,1.0,0,True,True,True,False,False,True,False,True,False,False,False,False,False,False,False,False,False,False,True,False,False,False,False,False,True,False,False
3.2521368007779965,-0.6531749116753804,-0.06064207713923577,-0.4303628237699172,0,5,7,4,13.0,0,0,5,9,5,14.833333333333334,3,0,1,0,0.8,1.0,1.4,1.8,2,True,True,False,False,True,False,False,False,False,False,False,False,False,False,True,False,False,False,False,False,True,False,True,False,True,False,False
-0.5540677512436588,-0.9565076038994943,1.9904113395463083,0.7558833646152,0,6,9,6,16.11111111111111,0,0,6,7,6,13.5,0,1,1,0,1.0,1.0,1.5,1.1666666666666667,2,False,True,False,False,False,True,False,True,False,False,False,False,False,False,False,False,False,False,False,False,False,False,False,False,True,False,False
-0.5540677512436588,0.03690696313447821,-0.7581383568875176,-0.4303628237699172,0,6,8,6,11.5,0,0,6,8,6,11.0,0,0,0,0,1.0,1.0,1.3333333333333333,1.3333333333333333,2,True,True,False,False,False,True,False,False,False,False,False,False,True,False,False,False,False,False,False,False,False,False,False,False,True,False,False
-0.5540677512436588,-1.714839334459779,-1.1724925824805565,-0.4303628237699172,0,6,15,4,10.75,0,0,6,12,2,10.5,0,0,0,0,0.6666666666666666,0.3333333333333333,2.5,2.0,0,True,True,False,False,False,True,True,False,False,True,True,False,True,False,False,True,False,False,False,True,False,False,True,False,True,False,False
-0.5540677512436588,0.03690696313447821,-2.056448263745706,0.09685770440124603,0,6,10,4,11.6,0,0,6,8,5,13.0,0,1,1,0,0.6666666666666666,0.8333333333333334,1.6666666666666667,1.3333333333333333,2,True,True,False,False,False,False,False,True,False,False,False,False,False,False,True,False,False,False,False,False,False,False,True,False,True,True,False
-0.5540677512436588,0.03690696313447821,-1.863082958468955,0.09685770440124603,0,7,21,0,0.0,3,0,7,7,0,0.0,0,1,0,1,0.0,0.0,3.0,1.0,0,True,True,False,True,False,False,False,True,False,False,False,False,True,False,False,True,False,False,False,True,False,False,False,True,True,False,False
-0.5540677512436588,0.5601558572210751,0.8992785454846383,-0.034947427641544786,0,5,5,5,13.8,0,0,5,7,5,14.142857142857142,0,0,0,0,1.0,1.0,1.0,1.4,2,True,True,False,False,True,False,True,False,True,False,True,False,False,False,False,True,False,False,True,False,False,False,False,False,True,False,False
-0.5540677512436588,-0.19817587333920963,0.0705700942985603,-0.4303628237699172,0,7,8,7,13.585714285714284,0,0,8,8,8,14.6875,0,0,1,0,1.0,1.0,1.1428571428571428,1.0,2,True,True,False,True,False,False,False,True,False,False,False,False,False,False,True,False,False,False,True,False,False,False,True,False,True,False,False
0.2071731591606723,-1.714839334459779,-0.8064796832067057,-0.562167955812708,0,6,8,6,13.857142857142858,0,0,6,8,5,13.0,0,0,1,0,1.0,0.8333333333333334,1.3333333333333333,1.3333333333333333,2,True,True,False,False,False,False,False,False,False,False,False,False,False,False,True,False,False,False,False,False,False,False,True,False,True,False,False
-0.5540677512436588,0.5601558572210751,1.5898689214730366,0.6240782325724092,0,6,12,5,12.0,0,0,6,10,6,12.333333333333334,0,1,1,0,0.8333333333333334,1.0,2.0,1.6666666666666667,1,False,True,False,False,False,True,False,True,False,False,False,False,False,False,False,False,False,False,False,False,False,False,False,False,True,False,False
-0.5540677512436588,2.0768193183416446,2.280459297461435,-0.4303628237699172,0,6,9,6,13.444444444444445,0,0,6,9,5,12.6,0,0,1,0,1.0,0.8333333333333334,1.5,1.5,2,True,True,False,False,False,True,True,False,False,True,False,False,False,False,True,False,False,False,True,False,False,False,True,False,True,True,False
-0.5540677512436588,0.40848951110901816,0.422771186052643,-0.6939730878554988,0,6,6,6,14.0,0,0,6,7,6,13.857142857142858,0,0,1,0,1.0,1.0,1.0,1.1666666666666667,2,True,True,False,False,False,True,False,False,False,False,False,False,False,False,False,True,False,False,False,True,False,False,False,False,True,False,False
-0.5540677512436588,-0.5015085655633235,-0.5509612440909982,-0.4303628237699172,0,6,10,1,12.0,1,0,6,0,0,0.0,0,0,1,1,0.16666666666666666,0.0,1.6666666666666667,0.0,0,True,True,False,False,False,False,False,False,False,False,False,False,False,False,False,False,False,True,False,False,False,True,True,True,True,False,False
-0.5540677512436588,-0.9565076038994943,2.0042231470660754,1.2831038927863632,0,5,5,5,14.2,0,0,5,6,5,13.833333333333334,0,1,1,0,1.0,1.0,1.0,1.2,2,False,True,True,False,False,False,False,True,False,False,False,False,False,False,True,False,False,False,False,True,False,False,True,False,True,False,False
-0.5540677512436588,-0.19817587333920963,2.5359777365771414,1.546714156871945,0,7,11,5,13.34,0,0,7,9,5,10.84,0,1,1,0,0.7142857142857143,0.7142857142857143,1.5714285714285714,1.2857142857142858,1,False,False,False,True,False,False,False,True,False,False,False,False,False,False,False,False,False,False,False,False,False,False,False,False,True,False,False
-0.5540677512436588,-0.19817587333920963,0.20868816949623997,0.4922731005296184,3,8,12,7,12.457142857142856,0,3,8,12,7,12.457142857142856,0,1,1,0,0.875,0.875,1.5,1.5,1,True,False,False,True,False,False,False,True,True,False,False,False,False,False,False,False,False,False,False,False,False,False,False,False,True,False,False
2.4908958903736655,-0.8048412577874374,-0.26781918993575526,-0.562167955812708,0,6,12,3,11.0,0,0,6,12,3,12.0,0,0,1,1,0.5,0.5,2.0,2.0,0,True,False,False,False,False,True,False,False,False,False,False,False,False,False,False,False,False,False,False,False,False,False,True,False,False,False,False
-0.5540677512436588,2.0768193183416446,2.280459297461435,1.0194936287007816,0,5,13,4,10.5,0,0,5,10,4,10.5,0,1,1,0,0.8,0.8,2.6,2.0,1,True,False,True,False,False,False,False,True,False,False,False,False,False,False,False,False,False,False,False,False,False,False,False,False,True,True,True
-0.5540677512436588,0.10515681888490426,0.6299482988491625,-0.562167955812708,0,0,0,0,0.0,0,0,0,0,0,0.0,0,0,1,0,0.0,0.0,0.0,0.0,2,True,True,False,False,False,True,False,False,False,False,False,False,False,False,False,False,False,False,False,False,False,False,True,False,True,False,False
-0.5540677512436588,0.10515681888490426,0.3951475710131067,-0.16675255968433558,9,13,13,13,14.0,0,7,12,13,12,13.0,0,0,1,0,1.0,1.0,1.0,1.0833333333333333,2,True,True,False,False,False,True,False,True,False,False,False,False,False,False,False,False,False,False,False,False,False,False,True,False,True,False,False
-0.5540677512436588,0.5601558572210751,0.08438190181832748,2.073934685043108,0,7,0,0,0.0,0,0,8,0,0,0.0,0,1,1,0,0.0,0.0,0.0,0.0,0,True,False,False,True,False,False,False,True,False,False,False,False,False,False,False,False,False,False,False,False,False,False,False,False,True,False,True
-0.5540677512436588,-0.425675392507295,-0.019206654579931284,-0.16675255968433558,0,1,1,0,0.0,0,0,6,0,0,0.0,0,0,1,1,0.0,0.0,1.0,0.0,0,True,True,False,False,False,False,False,False,False,False,False,False,False,False,True,False,False,False,False,False,False,False,True,False,False,False,False
-0.5540677512436588,0.03690696313447821,1.5898689214730366,3.1283757413854345,0,5,8,4,10.0,0,0,5,8,4,12.5,0,1,1,0,0.8,0.8,1.6,1.6,1,False,True,True,False,False,False,False,True,False,False,False,False,False,False,False,False,False,False,False,False,False,False,False,False,True,False,False
-0.5540677512436588,0.7876553763891605,2.0249408583457282,-0.562167955812708,0,0,0,0,0.0,0,0,0,0,0,0.0,0,0,1,0,0.0,0.0,0.0,0.0,2,True,True,False,False,False,True,False,False,False,False,False,False,False,False,True,False,False,False,False,False,False,False,True,False,True,True,False
-0.5540677512436588,-1.3356734691796368,-0.7512324531276341,-0.562167955812708,0,6,6,6,13.5,0,0,6,6,6,14.333333333333334,0,0,0,0,1.0,1.0,1.0,1.0,2,True,False,False,False,False,False,True,False,False,False,True,False,False,False,False,False,False,False,False,False,False,False,True,False,True,False,True
-0.5540677512436588,-0.12234270028318116,-0.21947786361656718,-0.562167955812708,0,7,0,0,0.0,0,0,8,0,0,0.0,0,0,1,0,0.0,0.0,0.0,0.0,0,True,False,False,True,False,False,False,False,False,False,False,False,False,False,False,False,False,False,False,False,False,False,True,False,True,False,False
-0.5540677512436588,1.015154895557246,1.797046034269556,-0.2985576917271264,15,17,18,17,13.38888888888889,0,15,17,18,17,14.88888888888889,0,0,1,0,1.0,1.0,1.0588235294117647,1.0588235294117647,2,True,False,False,False,False,True,False,False,False,False,False,False,False,False,False,False,False,False,False,False,False,False,True,False,True,True,False
-0.5540677512436588,0.5601558572210751,0.8992785454846383,2.073934685043108,0,7,0,0,0.0,0,0,8,0,0,0.0,0,1,1,1,0.0,0.0,0.0,0.0,0,True,False,False,True,False,False,True,False,True,False,False,False,False,False,True,False,False,False,False,True,False,False,True,False,False,False,False
-0.5540677512436588,0.18098999194093274,0.33990034093403604,-0.562167955812708,6,12,12,12,13.583333333333334,0,4,11,12,11,13.583333333333334,0,0,1,0,1.0,1.0,1.0,1.0909090909090908,2,True,True,False,False,False,True,False,False,False,False,False,False,False,False,True,False,False,False,False,True,False,False,True,False,True,False,False
-0.5540677512436588,0.02932364582887579,0.9959611981230144,-0.4303628237699172,0,0,0,0,0.0,0,0,0,0,0,0.0,0,0,1,0,0.0,0.0,0.0,0.0,1,True,True,False,False,False,True,False,False,False,False,False,False,False,False,False,False,False,False,False,False,False,False,False,False,True,True,False
-0.5540677512436588,0.03690696313447821,0.8992785454846383,0.09685770440124603,0,5,5,0,0.0,0,0,5,5,0,0.0,0,1,1,1,0.0,0.0,1.0,1.0,0,True,True,False,False,False,False,False,True,False,True,False,False,False,False,False,False,False,False,True,False,False,False,True,True,False,False,False
-0.5540677512436588,-0.9565076038994943,-0.8271973944863575,0.4922731005296184,0,5,9,1,10.0,0,0,5,5,0,0.0,0,1,1,0,0.2,0.0,1.8,1.0,0,True,True,True,False,False,False,False,True,False,False,False,False,False,False,False,False,False,False,False,False,False,False,True,False,True,False,False
-0.5540677512436588,0.03690696313447821,2.8329315982521535,0.7558833646152,0,5,5,5,15.2,0,0,5,5,5,15.2,0,1,1,0,1.0,1.0,1.0,1.0,2,False,True,True,False,False,False,False,True,False,False,False,False,False,False,False,False,False,False,False,False,False,False,False,False,True,False,False
-0.5540677512436588,-0.19817587333920963,-1.7733062095904633,-0.4303628237699172,0,6,12,4,12.8,0,0,6,17,0,0.0,0,0,1,0,0.6666666666666666,0.0,2.0,2.8333333333333335,0,True,True,False,True,False,False,False,False,False,False,False,False,False,False,False,False,False,False,True,False,False,False,True,False,True,False,False
-0.5540677512436588,-0.577341738619352,-0.30234870873517516,-0.2985576917271264,0,5,7,5,11.166666666666666,0,0,5,5,4,11.0,0,0,1,0,1.0,0.8,1.4,1.0,0,True,True,False,False,False,False,False,False,False,False,False,False,False,False,False,False,False,False,True,False,False,False,False,False,True,False,False
-0.5540677512436588,0.10515681888490426,1.0166789094026651,-0.6939730878554988,0,0,0,0,0.0,0,0,0,0,0,0.0,0,0,0,0,0.0,0.0,0.0,0.0,1,True,True,False,False,False,True,False,False,False,False,True,False,True,False,False,True,False,False,False,True,False,False,True,False,True,False,False
-0.5540677512436588,1.3943207608373882,0.36752395597357235,-0.562167955812708,0,8,9,7,12.828571428571427,0,0,8,9,7,12.828571428571427,0,0,1,0,0.875,0.875,1.125,1.125,2,True,True,False,True,False,False,False,False,False,False,False,False,False,False,True,False,False,False,False,True,False,False,False,False,True,False,False
-0.5540677512436588,-1.5631729883477221,-1.0550922185625287,-0.562167955812708,0,6,6,6,12.5,0,0,6,10,4,12.6,0,0,1,1,1.0,0.6666666666666666,1.0,1.6666666666666667,0,True,True,False,False,False,True,False,False,False,False,False,False,False,False,True,False,False,False,False,True,False,False,False,True,False,False,False
-0.5540677512436588,-0.9565076038994943,-1.9528597073474465,0.6240782325724092,0,5,12,3,10.0,0,0,5,10,3,12.4,0,1,1,0,0.6,0.6,2.4,2.0,2,True,True,False,False,True,False,False,True,False,False,False,False,False,False,False,False,False,False,False,False,False,False,False,False,True,True,False
-0.5540677512436588,0.5601558572210751,0.8992785454846383,-0.2985576917271264,0,6,6,6,11.5,0,0,6,10,4,13.25,0,0,1,1,1.0,0.6666666666666666,1.0,1.6666666666666667,2,True,False,False,False,False,False,False,True,False,False,False,False,False,False,False,False,False,False,False,False,False,False,True,False,False,False,True
-0.5540677512436588,0.5601558572210751,0.8992785454846383,-0.034947427641544786,0,8,11,7,11.328571428571427,0,0,8,11,7,11.328571428571427,0,0,0,1,0.875,0.875,1.375,1.375,0,True,False,False,True,False,False,True,False,False,False,True,False,True,False,False,True,False,False,False,False,False,False,True,True,False,False,True
-0.5540677512436588,0.03690696313447821,-1.814741632149767,2.073934685043108,0,6,15,2,13.0,2,0,6,13,3,13.0,1,1,1,0,0.3333333333333333,0.5,2.5,2.1666666666666665,1,False,False,False,False,False,True,False,True,False,False,False,False,False,False,False,False,False,False,True,False,False,False,False,False,True,False,False
0.9684140695650034,0.7876553763891605,0.4711125123718321,-0.6939730878554988,0,7,7,6,13.033333333333331,0,0,7,7,6,13.033333333333331,0,0,1,0,0.8571428571428571,0.8571428571428571,1.0,1.0,2,True,False,False,True,False,False,False,False,False,False,False,False,False,False,False,False,False,False,True,False,False,False,True,False,True,False,False
-0.5540677512436588,0.03690696313447821,-1.863082958468955,4.710037325898924,0,6,8,6,12.166666666666666,0,0,6,7,4,11.75,0,1,1,0,1.0,0.6666666666666666,1.3333333333333333,1.1666666666666667,2,False,False,False,False,False,True,False,True,False,False,False,False,False,False,False,False,False,False,False,False,False,False,False,False,True,False,True
-0.5540677512436588,3.593482779462214,3.6616400494382315,0.8876884966579909,0,5,6,4,14.5,0,0,5,10,3,16.2,0,1,0,1,0.8,0.6,1.2,2.0,1,True,True,False,False,True,False,True,False,True,False,True,False,True,False,False,True,False,False,False,False,False,False,False,True,True,False,False
-0.5540677512436588,0.25682316499696123,0.2639353995753126,-0.6939730878554988,0,5,7,5,14.4,1,0,5,5,5,13.6,0,0,1,0,1.0,1.0,1.4,1.0,2,True,False,False,True,False,False,False,False,False,False,False,False,False,False,False,False,False,False,False,False,False,False,True,False,True,False,False
-0.5540677512436588,0.5601558572210751,0.8992785454846383,2.3375449491286897,2,6,10,4,12.25,0,3,7,9,6,12.5,0,1,1,0,0.6666666666666666,0.8571428571428571,1.6666666666666667,1.2857142857142858,1,False,False,True,False,False,False,True,False,False,True,False,False,False,False,False,False,False,False,False,False,False,False,False,False,True,False,False
-0.5540677512436588,-0.19817587333920963,-1.4349169253561478,0.4922731005296184,0,7,14,0,0.0,0,0,7,14,0,0.0,0,1,1,0,0.0,0.0,2.0,2.0,0,True,False,False,True,False,False,False,True,False,False,False,False,False,False,False,False,False,False,False,False,False,False,True,False,True,False,False
-0.5540677512436588,0.6359890302771035,-0.09517159593865569,-0.6939730878554988,0,6,6,6,12.666666666666666,0,0,6,6,6,12.0,0,0,1,0,1.0,1.0,1.0,1.0,2,True,False,False,False,False,True,False,False,False,False,False,False,False,False,False,False,False,False,False,False,False,False,True,False,True,True,False
2.4908958903736655,-0.8806744308434659,-0.6545498004892579,-0.4303628237699172,0,6,14,2,12.0,0,0,6,14,3,11.666666666666666,0,0,1,1,0.3333333333333333,0.5,2.3333333333333335,2.3333333333333335,0,True,False,False,False,False,True,False,False,False,False,False,False,False,False,False,False,False,False,False,False,False,False,True,True,False,False,False
-0.5540677512436588,-0.9565076038994943,-0.30925461249505876,1.1512987607435725,0,5,6,0,0.0,0,0,5,5,0,0.0,0,1,1,1,0.0,0.0,1.2,1.0,0,False,False,False,False,True,False,False,True,True,False,False,False,False,False,True,False,False,False,False,False,False,False,False,False,False,False,False
-0.5540677512436588,-0.2740090463952381,0.40895937853287584,-0.562167955812708,0,5,5,3,11.666666666666666,0,0,5,10,4,10.8,0,0,1,0,0.6,0.8,1.0,2.0,0,True,False,False,False,False,False,False,False,False,False,False,False,False,False,False,True,False,False,True,False,False,False,True,False,True,False,False
-0.5540677512436588,0.03690696313447821,-1.6559058456724354,2.3375449491286897,0,6,0,0,0.0,0,0,6,0,0,0.0,0,1,1,0,0.0,0.0,0.0,0.0,0,False,False,False,False,False,True,False,True,False,True,False,False,False,False,False,False,False,False,False,False,False,False,False,False,True,False,False
2.4908958903736655,-2.473171065020064,-1.3796696952770762,1.9421295530003173,0,5,12,1,10.0,0,0,5,10,0,0.0,0,1,1,0,0.2,0.0,2.4,2.0,0,False,False,True,False,False,True,False,False,False,False,False,False,False,False,False,False,False,True,False,False,False,True,False,False,True,False,False
-0.5540677512436588,0.03690696313447821,-1.863082958468955,1.546714156871945,0,7,8,0,0.0,1,0,6,9,0,0.0,0,1,0,0,0.0,0.0,1.1428571428571428,1.5,0,True,True,False,False,False,True,True,False,True,False,False,True,False,False,True,False,False,False,False,False,False,False,False,False,True,False,True
-0.5540677512436588,0.03690696313447821,-1.863082958468955,0.4922731005296184,0,6,11,4,12.25,0,0,6,16,3,12.0,0,1,1,0,0.6666666666666666,0.5,1.8333333333333333,2.6666666666666665,0,True,False,True,False,False,True,False,True,False,False,False,False,False,False,False,False,True,False,False,False,True,False,True,False,True,False,False
-0.5540677512436588,0.48432268416504665,0.29846491837473255,-0.562167955812708,0,6,10,4,12.0,1,0,6,6,6,12.5,0,0,1,0,0.6666666666666666,1.0,1.6666666666666667,1.0,2,True,False,False,False,False,True,False,False,False,False,False,False,False,False,True,False,False,False,False,False,False,False,True,False,True,False,False
-0.5540677512436588,-0.577341738619352,-0.32997232377471053,-0.6939730878554988,0,6,7,5,12.6,0,0,6,6,5,11.8,0,0,1,1,0.8333333333333334,0.8333333333333334,1.1666666666666667,1.0,1,True,False,False,False,False,True,False,False,False,False,False,False,False,False,False,False,False,False,True,False,False,False,False,False,False,False,False
-0.5540677512436588,0.03690696313447821,-0.5923966666503017,2.073934685043108,0,5,5,0,0.0,0,0,5,5,0,0.0,0,1,1,1,0.0,0.0,1.0,1.0,0,False,False,True,False,False,False,False,True,False,False,False,False,False,False,False,False,True,False,False,False,True,False,False,False,False,False,False
-0.5540677512436588,-2.473171065020064,-1.863082958468955,1.8103244209575264,0,5,5,0,0.0,0,0,5,10,0,0.0,0,1,1,1,0.0,0.0,1.0,2.0,0,False,False,False,False,False,False,True,False,True,False,False,False,False,False,False,False,False,False,False,False,False,False,False,False,False,False,False
-0.5540677512436588,-1.714839334459779,-1.1724925824805565,1.8103244209575264,0,8,8,0,0.0,1,0,8,8,0,0.0,1,1,1,1,0.0,0.0,1.0,1.0,0,False,False,False,True,False,False,False,True,False,False,False,False,False,False,False,False,False,False,False,False,False,False,False,False,False,False,False
-0.5540677512436588,0.03690696313447821,-1.863082958468955,1.546714156871945,11,16,16,16,12.6875,0,11,13,13,13,12.0,0,1,1,0,1.0,1.0,1.0,1.0,2,False,False,True,False,False,True,False,True,False,False,False,False,False,False,False,False,True,False,False,False,True,False,False,False,True,True,False
-0.5540677512436588,-0.7290080847314089,-1.4349169253561478,3.3919860054710163,9,13,22,10,10.4,0,4,9,18,6,10.666666666666666,0,1,1,0,0.7692307692307693,0.6666666666666666,1.6923076923076923,2.0,2,True,False,False,False,False,False,False,True,False,False,False,False,False,False,False,False,False,False,False,False,False,False,False,False,True,False,False
-0.5540677512436588,-1.714839334459779,-1.1724925824805565,3.7874014015993884,11,15,26,14,10.466666666666669,0,9,12,16,12,10.923076923076923,0,1,1,0,0.9333333333333333,1.0,1.7333333333333334,1.3333333333333333,2,True,False,False,False,False,False,True,False,True,False,False,False,False,False,False,False,False,False,False,False,False,False,False,False,True,False,False
0.2071731591606723,-0.19817587333920963,-0.32306642001482694,-0.6939730878554988,0,5,10,5,14.333333333333334,2,0,5,8,5,13.0,1,0,1,0,1.0,1.0,2.0,1.6,2,True,False,False,True,False,False,False,False,False,False,False,False,False,False,True,False,False,False,True,False,False,False,True,False,True,False,False
-0.5540677512436588,0.03690696313447821,-0.999844988483457,0.8876884966579909,0,7,7,6,14.666666666666666,1,0,6,7,6,14.333333333333334,0,1,1,0,0.8571428571428571,1.0,1.0,1.1666666666666667,2,True,False,True,False,False,True,False,True,False,False,False,False,False,False,False,False,False,False,False,False,False,False,False,False,True,True,False
0.2071731591606723,-2.700670584188149,-1.994295129906751,-0.2985576917271264,0,7,7,7,12.835714285714284,0,0,8,8,8,14.23125,0,0,1,0,1.0,1.0,1.0,1.0,2,True,False,False,True,False,False,False,False,False,False,False,False,False,False,False,True,False,False,False,False,False,False,True,False,True,False,False
-0.5540677512436588,-0.19817587333920963,0.9130903530044054,-0.4303628237699172,0,5,5,0,0.0,0,0,5,0,0,0.0,0,0,1,0,0.0,0.0,1.0,0.0,0,True,True,False,False,True,False,False,False,False,False,False,False,False,False,False,False,False,False,True,False,False,False,True,False,True,False,False
-0.5540677512436588,0.48432268416504665,1.1478910808404612,-0.6939730878554988,0,5,9,0,0.0,0,0,5,5,0,0.0,0,0,1,1,0.0,0.0,1.8,1.0,1,True,True,False,False,False,False,False,False,False,False,False,False,False,False,False,False,False,False,False,False,False,False,True,True,True,False,False
-0.5540677512436588,1.3184875877813598,0.5263597424509028,-0.562167955812708,0,0,0,0,0.0,0,0,0,0,0,0.0,0,0,1,0,0.0,0.0,0.0,0.0,0,True,True,False,False,False,True,True,False,False,False,False,False,False,False,False,False,False,False,False,False,False,False,True,False,True,False,False
0.9684140695650034,0.6359890302771035,-0.012300750820047694,-0.6939730878554988,0,8,8,8,13.24875,0,0,8,8,8,13.24875,0,0,0,0,1.0,1.0,1.0,1.0,2,True,True,False,True,False,False,False,False,False,False,True,False,False,False,False,True,False,False,False,False,False,False,True,False,True,False,False
-0.5540677512436588,0.03690696313447821,-1.863082958468955,-0.4303628237699172,0,7,10,7,12.857142857142858,0,0,7,7,4,12.75,0,0,0,0,1.0,0.5714285714285714,1.4285714285714286,1.0,1,True,True,False,False,True,False,False,True,False,False,True,False,True,False,False,True,False,False,True,False,False,False,False,False,True,False,True
-0.5540677512436588,0.33265633805298966,0.20868816949623997,-0.2985576917271264,0,6,12,5,13.6,0,0,6,10,4,14.25,0,0,1,0,0.8333333333333334,0.6666666666666666,2.0,1.6666666666666667,1,True,False,False,False,False,True,False,False,False,False,False,False,False,False,True,False,False,False,False,False,False,False,True,False,True,False,False
1.7296549799693344,-1.2598402961236081,-0.9238800471247336,-0.16675255968433558,0,5,6,3,14.0,0,0,5,8,5,12.4,0,0,1,0,0.6,1.0,1.2,1.6,2,True,False,False,False,False,False,False,False,False,False,False,False,False,False,False,True,False,False,True,False,False,False,True,False,True,True,False
-0.5540677512436588,0.5601558572210751,0.8992785454846383,-0.4303628237699172,1,6,11,3,12.0,0,0,6,11,2,11.0,0,0,1,1,0.5,0.3333333333333333,1.8333333333333333,1.8333333333333333,1,True,False,False,False,False,True,True,False,False,True,False,False,False,False,True,False,False,False,True,False,False,False,True,True,False,False,False
1.7296549799693344,-2.0181720266838927,-1.448728732875916,-0.4303628237699172,0,6,9,6,13.166666666666666,0,0,6,8,4,14.0,0,0,1,0,1.0,0.6666666666666666,1.5,1.3333333333333333,1,True,False,False,True,False,False,False,False,False,False,False,False,False,False,False,True,False,False,False,False,False,False,False,False,True,False,False
3.2521368007779965,0.18098999194093274,-0.026112558339815857,-0.562167955812708,0,6,8,6,13.625,0,0,6,7,6,12.166666666666666,0,0,1,0,1.0,1.0,1.3333333333333333,1.1666666666666667,2,True,False,False,False,False,True,False,False,False,False,False,False,False,False,False,False,False,False,False,False,False,False,True,False,True,True,False
2.4908958903736655,0.8634885494451889,0.25702949581542706,-0.6939730878554988,0,7,8,7,14.85,0,0,8,9,8,15.61111111111111,0,0,1,0,1.0,1.0,1.1428571428571428,1.125,2,True,False,False,True,False,False,False,False,False,False,False,False,False,False,False,False,False,False,True,False,False,False,True,False,True,True,False
0.2071731591606723,-1.866505680571836,-1.4556346366357995,-0.2985576917271264,0,5,9,4,10.75,0,0,5,6,5,11.4,0,0,1,0,0.8,1.0,1.8,1.2,2,True,True,False,False,False,False,False,False,False,False,False,False,False,False,True,False,False,False,True,False,False,False,True,False,True,False,False
-0.5540677512436588,0.33265633805298966,0.6921014326881187,-0.562167955812708,0,7,11,0,0.0,4,0,7,11,2,11.666666666666666,0,0,1,1,0.0,0.2857142857142857,1.5714285714285714,1.5714285714285714,1,True,False,False,True,False,False,False,True,False,False,False,False,False,False,False,False,False,False,True,False,False,False,False,True,True,False,True
-0.5540677512436588,0.03690696313447821,-1.863082958468955,1.8103244209575264,0,6,0,0,0.0,0,0,6,0,0,0.0,0,1,1,0,0.0,0.0,0.0,0.0,0,True,False,False,False,False,True,False,True,False,False,False,False,False,False,False,False,False,False,False,False,False,False,False,False,True,False,True
-0.5540677512436588,-0.8806744308434659,-0.868632817045661,2.8647654772998528,8,12,14,12,14.0,0,2,7,12,7,13.857142857142858,0,1,1,0,1.0,1.0,1.1666666666666667,1.7142857142857142,1,False,False,True,False,False,True,False,False,False,False,False,False,False,False,False,False,False,False,False,False,False,False,True,False,True,False,False
-0.5540677512436588,0.03690696313447821,-0.48190220649215837,1.9421295530003173,0,6,8,0,0.0,0,0,6,10,0,0.0,0,1,1,1,0.0,0.0,1.3333333333333333,1.6666666666666667,0,True,True,False,False,False,True,False,True,False,False,False,False,False,False,False,False,False,False,False,False,False,False,False,True,False,False,False
-0.5540677512436588,-0.19817587333920963,-0.5509612440909982,4.182816797727761,0,5,5,0,0.0,0,0,5,5,0,0.0,0,1,1,1,0.0,0.0,1.0,1.0,0,False,True,True,False,False,False,False,True,False,True,False,False,False,False,False,False,False,True,False,False,False,True,True,False,False,False,False
-0.5540677512436588,0.03690696313447821,-1.1724925824805565,0.6240782325724092,0,6,17,5,13.0,0,0,6,11,4,11.75,0,1,1,1,0.8333333333333334,0.6666666666666666,2.8333333333333335,1.8333333333333333,0,False,False,False,False,False,True,False,True,False,False,False,False,False,False,False,False,False,False,False,False,False,False,False,True,False,False,False
-0.5540677512436588,-0.9565076038994943,-0.48190220649215837,2.9965706093426436,6,8,12,8,12.375,0,4,9,11,5,12.4,0,1,1,0,1.0,0.5555555555555556,1.5,1.2222222222222223,2,False,False,True,False,False,False,True,False,True,False,False,False,False,False,False,False,False,False,False,False,False,False,False,False,True,False,False
1.7296549799693344,-0.12234270028318116,-0.4957140140119265,-0.16675255968433558,0,0,0,0,0.0,0,0,0,0,0,0.0,0,0,1,0,0.0,0.0,0.0,0.0,2,True,False,False,False,False,True,False,False,False,False,False,False,False,False,True,False,False,False,True,False,False,False,True,False,True,False,False
0.2071731591606723,0.03690696313447821,0.5954187800497426,2.9965706093426436,0,6,10,5,11.4,0,0,6,9,4,13.75,0,1,1,0,0.8333333333333334,0.6666666666666666,1.6666666666666667,1.5,0,False,False,False,False,False,False,False,True,False,False,False,False,False,False,False,False,False,False,False,False,False,False,False,False,True,False,False
-0.5540677512436588,-2.473171065020064,-0.4335608801729703,0.6240782325724092,0,5,9,4,11.25,0,0,5,7,4,13.0,0,1,1,0,0.8,0.8,1.8,1.4,1,True,False,True,False,False,False,False,True,False,False,False,False,False,False,True,False,False,False,True,False,False,False,False,False,True,False,False
0.9684140695650034,-0.12234270028318116,0.6437601063689317,-0.6939730878554988,0,5,7,3,13.0,0,0,5,8,3,12.0,0,0,1,1,0.6,0.6,1.4,1.6,0,True,False,False,True,False,False,False,False,False,False,False,False,False,False,False,False,False,False,False,False,False,False,True,True,False,False,False
-0.5540677512436588,1.9251529722295875,2.577413159136447,-0.6939730878554988,0,0,0,0,0.0,0,0,0,0,0,0.0,0,0,1,0,0.0,0.0,0.0,0.0,1,True,True,False,False,False,True,True,False,False,False,False,False,False,False,False,False,False,False,False,False,False,False,True,False,True,True,False
-0.5540677512436588,1.015154895557246,1.5346216913939639,-0.2985576917271264,0,6,6,6,13.5,0,0,6,6,6,14.166666666666666,0,0,1,0,1.0,1.0,1.0,1.0,2,True,True,False,False,False,True,False,False,False,False,False,False,False,False,False,False,False,False,False,False,False,False,True,False,True,True,False
0.2071731591606723,0.02932364582887579,-0.30925461249505876,-0.6939730878554988,0,6,11,1,11.0,1,0,6,11,4,11.0,4,0,0,0,0.16666666666666666,0.6666666666666666,1.8333333333333333,1.8333333333333333,1,True,False,False,False,False,True,True,False,False,False,False,False,True,False,True,False,False,False,False,True,False,False,True,False,True,False,False
-0.5540677512436588,-0.9565076038994943,-1.863082958468955,1.414909024829154,0,5,9,0,0.0,0,0,5,10,1,11.0,0,1,1,0,0.0,0.2,1.8,2.0,0,True,False,True,False,False,False,False,True,False,False,False,False,False,False,False,True,False,False,False,False,False,False,False,False,True,False,False
-0.5540677512436588,-1.0323407769555228,-0.1366070184979592,-0.2985576917271264,0,6,9,5,12.0,0,0,6,8,5,11.2,0,0,1,0,0.8333333333333334,0.8333333333333334,1.5,1.3333333333333333,0,True,False,False,False,False,True,False,False,False,False,False,False,False,False,False,False,False,False,False,False,False,False,True,False,True,True,False
-0.5540677512436588,-0.04650952722715268,0.2777472070950798,-0.6939730878554988,0,6,8,5,13.0,0,0,6,7,6,13.0,0,0,1,0,0.8333333333333334,1.0,1.3333333333333333,1.1666666666666667,2,True,False,False,False,False,True,False,False,False,False,False,False,False,False,False,False,False,False,False,False,False,False,True,False,True,True,False
-0.5540677512436588,-0.19817587333920963,-0.34378413129447866,-0.4303628237699172,0,0,0,0,0.0,0,0,0,0,0,0.0,0,0,1,0,0.0,0.0,0.0,0.0,2,True,True,False,False,False,True,False,False,False,False,False,False,False,False,False,False,False,False,False,False,False,False,True,False,True,False,False
-0.5540677512436588,-0.04650952722715268,0.29846491837473255,-0.6939730878554988,0,5,8,4,12.0,0,0,5,8,4,12.25,0,0,1,0,0.8,0.8,1.6,1.6,1,True,False,False,False,False,False,False,False,False,False,False,False,False,False,False,False,False,False,False,False,False,False,True,False,True,False,False
0.2071731591606723,0.03690696313447821,-0.6890793192886778,-0.2985576917271264,0,5,10,5,11.166666666666666,0,0,5,10,3,10.8,0,0,0,0,1.0,0.6,2.0,2.0,1,True,True,False,False,True,False,False,False,False,False,False,False,True,False,False,True,False,False,False,True,False,False,True,False,True,False,False
-0.5540677512436588,-1.0323407769555228,-0.620020281689838,-0.562167955812708,0,6,13,2,10.5,0,0,6,11,1,12.0,0,0,1,0,0.3333333333333333,0.16666666666666666,2.1666666666666665,1.8333333333333333,0,True,True,False,False,False,False,False,False,False,False,False,False,False,False,True,False,False,False,True,False,False,False,True,False,True,False,False
0.2071731591606723,0.10515681888490426,-0.06754798089911936,-0.16675255968433558,0,6,7,6,12.666666666666666,0,0,6,6,6,12.166666666666666,0,0,1,0,1.0,1.0,1.1666666666666667,1.0,2,True,True,True,False,False,True,False,False,False,False,False,False,False,False,True,False,False,False,False,False,False,True,True,False,True,False,False
-0.5540677512436588,-0.9565076038994943,-0.48190220649215837,-0.034947427641544786,1,6,6,1,11.0,0,0,6,8,0,0.0,0,0,1,0,0.16666666666666666,0.0,1.0,1.3333333333333333,0,True,True,False,False,False,True,True,False,False,True,False,False,False,False,True,False,False,False,False,False,False,False,False,False,True,False,False
1.7296549799693344,2.9868173950139862,1.9765995320265393,-0.562167955812708,0,0,0,0,0.0,0,0,0,0,0,0.0,0,0,0,0,0.0,0.0,0.0,0.0,0,True,True,False,False,False,True,False,False,False,False,True,False,False,False,False,True,False,False,False,False,False,False,True,False,True,False,False
1.7296549799693344,-0.9565076038994943,-0.28853690121540704,-0.6939730878554988,0,5,6,4,11.5,0,0,5,12,2,10.333333333333334,0,0,1,0,0.8,0.4,1.2,2.4,1,True,True,False,False,False,False,False,False,False,False,False,False,False,False,True,False,False,False,True,False,False,False,True,False,True,False,False
0.9684140695650034,-0.2740090463952381,0.022228767979372222,-0.562167955812708,0,0,0,0,0.0,0,0,0,0,0,0.0,0,0,1,1,0.0,0.0,0.0,0.0,0,True,True,False,False,False,True,False,False,False,False,False,False,False,False,False,False,False,False,False,True,False,False,True,True,False,True,False
-0.5540677512436588,-1.1081739500115513,-0.5923966666503017,-0.562167955812708,0,5,10,2,10.5,0,0,5,5,4,11.75,0,0,1,0,0.4,0.8,2.0,1.0,1,True,True,False,False,False,False,False,False,False,False,False,False,False,False,False,False,False,False,False,False,False,False,True,False,True,False,False
-0.5540677512436588,-0.425675392507295,0.07747599805844389,-0.562167955812708,0,5,8,4,12.5,0,0,5,6,4,11.0,0,0,1,0,0.8,0.8,1.6,1.2,1,True,True,False,False,False,False,False,False,False,False,False,False,False,False,True,False,False,False,False,False,False,False,False,False,True,False,False
0.2071731591606723,0.03690696313447821,-1.9321419960677948,-0.16675255968433558,0,7,9,6,12.833333333333334,0,0,8,12,6,12.5,0,0,1,0,0.8571428571428571,0.75,1.2857142857142858,1.5,1,True,True,False,True,False,False,False,False,False,False,False,False,False,False,False,False,False,False,False,False,False,False,True,False,True,False,False
-0.5540677512436588,2.3801520105657583,2.363330142580042,-0.6939730878554988,0,6,7,6,15.571428571428571,0,0,6,7,6,16.142857142857142,0,0,1,0,1.0,1.0,1.1666666666666667,1.1666666666666667,2,True,True,False,False,False,True,False,False,False,False,False,False,False,False,False,False,False,False,False,False,False,False,False,False,True,True,False
-0.5540677512436588,0.25682316499696123,0.9614316793235945,-0.6939730878554988,0,6,10,4,12.0,0,0,6,7,5,11.8,0,0,1,0,0.6666666666666666,0.8333333333333334,1.6666666666666667,1.1666666666666667,0,True,True,False,False,False,True,False,False,False,False,False,False,False,False,False,False,False,False,False,False,False,False,True,False,True,False,False
-0.5540677512436588,-1.1840071230675797,-1.0965276411218332,-0.562167955812708,0,6,6,4,11.25,0,0,6,6,3,11.333333333333334,0,0,1,1,0.6666666666666666,0.5,1.0,1.0,0,True,True,False,False,False,True,False,False,False,False,False,False,False,False,False,False,False,False,False,False,False,False,False,True,True,False,False
1.7296549799693344,-0.12234270028318116,1.582963017713153,-0.6939730878554988,0,0,0,0,0.0,0,0,0,0,0,0.0,0,0,1,0,0.0,0.0,0.0,0.0,2,True,True,False,False,False,True,False,False,False,False,False,False,False,False,False,False,True,False,False,True,False,False,True,False,True,False,False
3.2521368007779965,-1.714839334459779,-1.082715833602065,-0.2985576917271264,0,6,10,6,12.285714285714286,0,0,6,11,4,14.25,0,0,1,0,1.0,0.6666666666666666,1.6666666666666667,1.8333333333333333,1,True,True,False,False,False,False,False,False,False,False,False,False,False,False,True,False,False,False,False,False,False,False,False,False,True,False,False
0.2071731591606723,-0.577341738619352,-0.3783136500938986,-0.6939730878554988,0,6,12,5,11.0,0,0,6,11,3,10.333333333333334,0,0,1,0,0.8333333333333334,0.5,2.0,1.8333333333333333,1,True,True,False,False,False,False,False,False,False,False,False,False,False,False,True,False,False,False,False,True,False,False,True,False,True,False,False
-0.5540677512436588,-0.9565076038994943,-0.48190220649215837,-0.562167955812708,0,6,8,6,12.142857142857142,0,0,6,11,5,13.6,0,0,1,0,1.0,0.8333333333333334,1.3333333333333333,1.8333333333333333,2,True,True,False,False,False,True,True,False,False,True,False,False,False,False,False,False,False,False,False,False,False,False,True,False,True,False,False
-0.5540677512436588,0.03690696313447821,-0.48190220649215837,0.4922731005296184,0,6,11,2,11.5,0,0,6,7,0,0.0,0,1,1,1,0.3333333333333333,0.0,1.8333333333333333,1.1666666666666667,0,True,True,False,False,False,True,False,True,False,False,False,False,False,False,False,False,False,False,False,False,False,False,False,True,False,False,False
-0.5540677512436588,-0.19817587333920963,0.20868816949623997,-0.4303628237699172,7,12,16,11,12.545454545454543,0,5,10,12,8,11.625,0,0,1,1,0.9166666666666666,0.8,1.3333333333333333,1.2,1,True,True,False,False,False,True,True,False,False,True,False,False,False,False,False,False,False,False,False,False,False,False,True,True,True,False,False
2.4908958903736655,-2.3973378919640354,-1.9390478998276783,-0.4303628237699172,0,6,10,4,13.0,0,0,6,6,6,13.0,0,0,0,0,0.6666666666666666,1.0,1.6666666666666667,1.0,2,True,True,False,False,False,False,False,False,False,False,True,False,False,False,False,True,False,False,False,False,False,False,True,False,True,False,False
3.2521368007779965,0.6359890302771035,0.6437601063689317,-0.6939730878554988,0,8,9,8,12.8875,1,0,8,9,8,12.8875,1,0,0,0,1.0,1.0,1.125,1.125,2,True,True,False,True,False,False,False,False,False,False,True,False,True,False,False,True,False,False,False,True,False,False,True,False,True,False,False
-0.5540677512436588,-0.3498422194512666,-0.12279521097819103,-0.6939730878554988,0,6,6,6,12.666666666666666,0,0,6,7,5,13.6,0,0,1,0,1.0,0.8333333333333334,1.0,1.1666666666666667,1,True,True,False,False,False,True,False,False,False,False,False,False,False,False,False,False,False,False,False,False,False,False,True,False,True,False,False
0.2071731591606723,0.9393217225012175,0.20868816949623997,-0.6939730878554988,0,6,7,6,12.833333333333334,0,0,6,7,6,12.571428571428571,0,0,1,0,1.0,1.0,1.1666666666666667,1.1666666666666667,2,True,True,False,False,False,True,False,False,False,False,False,False,False,False,False,False,False,False,False,False,False,False,True,False,True,False,False
-0.5540677512436588,2.0768193183416446,1.002867101882898,-0.6939730878554988,0,5,10,3,10.666666666666666,1,0,5,11,2,12.5,0,0,1,0,0.6,0.4,2.0,2.2,0,True,True,False,False,False,False,False,False,False,False,False,False,False,False,True,False,False,False,False,False,False,False,True,False,True,False,False
2.4908958903736655,0.10515681888490426,-0.21257195985668262,-0.6939730878554988,0,5,11,5,13.0,2,0,5,7,5,12.4,0,0,1,0,1.0,1.0,2.2,1.4,1,True,True,False,True,False,False,True,False,False,False,False,False,False,False,False,False,False,False,False,False,False,False,True,False,True,False,False
0.2071731591606723,-0.577341738619352,-0.8617269132857774,-0.6939730878554988,0,7,11,6,11.983333333333334,0,0,8,12,8,12.28125,0,0,1,0,0.8571428571428571,1.0,1.5714285714285714,1.5,2,True,False,False,True,False,False,False,False,False,False,False,False,False,False,True,False,False,False,True,False,False,False,True,False,True,False,False
-0.5540677512436588,0.03690696313447821,-1.863082958468955,1.8103244209575264,0,5,9,0,0.0,0,0,5,5,0,0.0,5,1,1,1,0.0,0.0,1.8,1.0,0,True,False,True,False,False,True,False,True,False,False,False,False,False,False,False,False,True,False,False,False,True,False,True,False,False,False,False
-0.5540677512436588,-0.9565076038994943,-1.1379630636811366,1.6785192889147356,0,6,6,6,11.833333333333334,0,0,6,6,6,11.5,0,1,1,0,1.0,1.0,1.0,1.0,2,False,False,True,False,False,True,False,True,False,False,False,False,False,False,True,False,False,False,False,True,False,False,False,False,True,True,False
-0.5540677512436588,0.03690696313447821,-1.7940239208701152,0.3604679684868276,0,6,21,3,12.666666666666666,0,0,6,15,2,11.0,0,1,1,0,0.5,0.3333333333333333,3.5,2.5,0,False,False,False,True,False,False,False,True,False,False,False,False,False,False,False,False,False,False,True,False,False,False,True,False,True,False,False
-0.5540677512436588,-0.8806744308434659,-0.4128431688933185,-0.562167955812708,0,5,9,4,13.75,1,0,5,8,4,14.5,0,0,1,0,0.8,0.8,1.8,1.6,2,True,False,False,True,False,False,False,False,False,False,False,False,False,False,False,False,False,False,False,False,False,False,False,False,True,False,False
-0.5540677512436588,-0.9565076038994943,-2.2083781464631542,0.09685770440124603,0,6,8,5,11.4,0,0,6,8,5,11.8,0,1,1,0,0.8333333333333334,0.8333333333333334,1.3333333333333333,1.3333333333333333,0,True,False,True,False,False,True,False,True,False,False,False,False,False,False,False,False,False,False,True,False,False,False,True,False,True,False,False
0.2071731591606723,-0.19817587333920963,-0.005394847060163122,-0.562167955812708,0,6,8,6,13.166666666666666,0,0,6,6,6,13.0,0,0,1,0,1.0,1.0,1.3333333333333333,1.0,0,True,False,False,False,False,True,False,False,False,False,False,False,False,False,False,False,False,False,False,False,False,False,True,False,True,True,True
-0.5540677512436588,-0.19817587333920963,-0.7374206456078659,-0.4303628237699172,3,7,10,6,12.833333333333334,0,2,8,8,5,11.8,0,0,1,0,0.8571428571428571,0.625,1.4285714285714286,1.0,2,True,False,False,False,False,False,False,True,False,False,False,False,False,False,False,False,False,False,False,False,False,False,True,False,True,True,False
-0.5540677512436588,-0.3498422194512666,-0.48190220649215837,-0.562167955812708,0,6,8,6,14.125,0,0,6,10,5,14.5,0,0,0,0,1.0,0.8333333333333334,1.3333333333333333,1.6666666666666667,2,True,False,False,False,False,False,False,False,False,False,False,False,True,False,False,False,False,False,False,False,False,False,True,False,True,False,False
-0.5540677512436588,-0.5015085655633235,-0.23328967113633534,-0.2985576917271264,0,5,10,3,11.666666666666666,0,0,5,5,5,13.0,0,0,1,0,0.6,1.0,2.0,1.0,2,True,False,False,True,False,False,False,False,False,False,False,False,False,False,False,False,False,False,False,False,False,False,True,False,True,False,False
-0.5540677512436588,-0.9565076038994943,1.5898689214730366,3.5237911375138067,0,7,18,6,10.25,0,0,7,14,4,11.25,0,1,1,1,0.8571428571428571,0.5714285714285714,2.5714285714285716,2.0,0,False,False,False,True,False,False,False,True,False,False,False,False,False,False,False,False,False,False,True,False,False,False,False,False,False,False,False
-0.5540677512436588,-2.473171065020064,-0.48190220649215837,3.1283757413854345,1,7,16,6,12.514285714285716,0,0,7,15,4,11.75,0,1,1,0,0.8571428571428571,0.5714285714285714,2.2857142857142856,2.142857142857143,0,False,False,False,True,False,False,False,True,False,False,False,False,False,False,False,False,False,False,False,False,False,False,False,False,True,False,False
-0.5540677512436588,-0.9565076038994943,-1.082715833602065,0.09685770440124603,9,13,17,10,11.5,0,7,13,18,9,10.444444444444445,0,1,1,0,0.7692307692307693,0.6923076923076923,1.3076923076923077,1.3846153846153846,0,True,False,False,False,False,True,False,True,False,False,False,False,False,False,True,False,False,False,False,False,False,False,False,False,True,False,False
-0.5540677512436588,-1.714839334459779,1.5898689214730366,3.2601808734282254,0,5,5,1,10.0,0,0,5,5,0,0.0,0,1,1,1,0.2,0.0,1.0,1.0,0,True,False,True,False,False,False,False,True,False,False,False,False,False,False,False,False,False,False,False,False,False,False,False,False,False,False,False
-0.5540677512436588,-0.425675392507295,-0.2609132861758707,-0.6939730878554988,0,6,7,6,15.714285714285714,0,0,6,17,5,12.77777777777778,0,0,0,0,1.0,0.8333333333333334,1.1666666666666667,2.8333333333333335,2,True,False,False,True,False,False,False,False,False,False,False,False,True,False,False,False,False,False,True,False,False,False,True,False,True,True,False
-0.5540677512436588,-0.19817587333920963,0.20868816949623997,1.1512987607435725,2,6,9,4,12.5,0,3,7,7,4,11.0,0,1,1,0,0.6666666666666666,0.5714285714285714,1.5,1.0,0,True,True,True,False,False,False,True,False,False,True,False,False,False,False,True,False,False,False,True,False,False,False,True,False,True,False,False
-0.5540677512436588,0.6359890302771035,0.754254566527075,-0.4303628237699172,0,5,6,3,12.0,0,0,5,5,4,12.75,0,0,0,1,0.6,0.8,1.2,1.0,0,True,True,False,False,False,False,False,False,False,False,False,False,True,False,True,False,False,False,False,False,True,False,True,False,False,False,False
-0.5540677512436588,-0.9565076038994943,-1.863082958468955,0.09685770440124603,0,5,11,0,0.0,0,0,5,5,0,0.0,0,1,1,1,0.0,0.0,2.2,1.0,0,True,True,False,False,True,False,False,True,False,False,False,False,False,False,False,False,False,False,False,False,False,False,False,True,True,False,False
-0.5540677512436588,0.03690696313447821,-0.48190220649215837,3.9192065336421793,0,5,9,4,12.25,2,0,5,8,4,11.75,0,1,1,0,0.8,0.8,1.8,1.6,2,False,True,False,False,False,True,False,True,False,False,False,False,False,False,False,False,False,False,False,False,False,False,False,False,True,False,False
-0.5540677512436588,0.03690696313447821,0.2777472070950798,2.4693500811714806,0,4,5,0,0.0,0,0,4,4,0,0.0,0,1,1,1,0.0,0.0,1.25,1.0,0,False,True,False,False,False,True,False,True,False,False,False,False,False,False,False,False,False,False,True,False,False,False,False,True,False,False,False
-0.5540677512436588,0.03690696313447821,0.4711125123718321,3.7874014015993884,0,5,5,5,13.6,0,0,5,5,5,14.2,0,1,1,0,1.0,1.0,1.0,1.0,2,False,True,True,False,False,False,False,True,False,True,False,False,False,False,False,False,False,False,False,False,False,False,True,False,True,False,False
-0.5540677512436588,-0.19817587333920963,-1.863082958468955,4.05101166568497,9,13,14,13,13.307692307692308,0,7,11,12,11,12.818181818181818,0,1,0,0,1.0,1.0,1.0769230769230769,1.0909090909090908,1,True,True,True,False,False,True,False,True,False,False,False,False,True,False,False,True,False,False,False,True,False,False,False,False,True,False,False
-0.5540677512436588,-1.714839334459779,1.5898689214730366,3.3919860054710163,0,5,6,5,12.2,0,0,5,9,5,11.8,0,1,1,0,1.0,1.0,1.2,1.8,2,False,True,True,False,False,False,False,True,False,False,False,False,False,False,False,False,False,False,False,False,False,False,False,False,True,False,False
-0.5540677512436588,-0.577341738619352,-0.03992436585958304,-0.6939730878554988,0,6,7,6,12.285714285714286,0,0,6,7,6,13.333333333333334,1,0,1,0,1.0,1.0,1.1666666666666667,1.1666666666666667,2,True,True,False,False,False,False,False,False,False,False,False,False,False,False,False,False,False,False,True,False,False,False,False,False,True,True,False
-0.5540677512436588,-0.19817587333920963,1.8661050718683958,1.8103244209575264,1,5,12,3,12.0,2,1,5,8,4,13.0,1,1,1,0,0.6,0.8,2.4,1.6,2,False,True,False,False,False,True,False,True,False,False,False,False,False,False,False,False,False,False,False,False,False,False,True,False,True,False,False
-0.5540677512436588,-0.8806744308434659,-0.8341032982462411,-0.2985576917271264,0,7,9,6,13.342857142857143,0,0,8,10,7,11.65,0,0,1,0,0.8571428571428571,0.875,1.2857142857142858,1.25,2,True,True,False,True,False,False,False,False,False,False,False,False,False,False,True,False,False,False,True,False,False,False,False,False,True,True,False
-0.5540677512436588,0.03690696313447821,-1.1724925824805565,0.3604679684868276,0,5,5,0,0.0,0,0,5,5,0,0.0,0,1,1,1,0.0,0.0,1.0,1.0,0,True,True,False,False,False,False,False,True,False,False,False,False,False,False,True,False,False,False,False,True,False,False,False,True,True,False,False
-0.5540677512436588,1.0909880686132745,1.5760571139532693,-0.4303628237699172,5,12,12,11,14.272727272727272,0,5,12,12,11,14.818181818181818,0,0,0,0,0.9166666666666666,0.9166666666666666,1.0,1.0,2,True,True,False,False,False,True,False,False,False,False,True,False,False,False,False,True,False,False,False,True,False,False,True,False,True,False,False
1.7296549799693344,-0.3498422194512666,-0.6269261854497216,-0.562167955812708,0,7,9,7,12.1375,0,0,8,9,8,12.91111111111111,0,0,1,0,1.0,1.0,1.2857142857142858,1.125,2,True,False,False,True,False,False,False,False,False,False,False,False,False,False,True,False,False,False,False,True,False,False,True,False,True,True,False
0.2071731591606723,2.3801520105657583,2.681001715534707,-0.6939730878554988,0,6,7,6,14.166666666666666,0,0,6,7,6,14.857142857142858,0,0,1,0,1.0,1.0,1.1666666666666667,1.1666666666666667,2,True,False,False,False,False,True,False,False,False,False,False,False,False,False,False,False,False,False,False,False,False,False,True,False,True,False,False
2.4908958903736655,0.33265633805298966,0.04294647925902397,-0.6939730878554988,0,7,7,7,13.528571428571428,0,0,8,9,8,14.655555555555557,0,0,1,0,1.0,1.0,1.0,1.125,2,True,False,False,True,False,False,False,False,False,False,False,False,False,False,True,False,False,False,True,False,False,False,True,False,True,False,False
0.2071731591606723,-0.8048412577874374,-0.21947786361656718,-0.4303628237699172,0,6,8,5,12.0,0,0,6,8,6,11.0,0,0,1,0,0.8333333333333334,1.0,1.3333333333333333,1.3333333333333333,2,True,False,True,False,False,True,False,False,False,False,False,False,False,False,False,False,False,False,False,False,False,False,False,False,True,False,False
1.7296549799693344,-0.6531749116753804,-0.06064207713923577,-0.4303628237699172,0,5,5,5,11.4,0,0,6,11,1,11.0,0,0,0,0,1.0,0.16666666666666666,1.0,1.8333333333333333,0,True,False,False,False,False,False,False,False,False,False,True,False,True,False,False,True,False,False,False,True,False,False,True,False,True,False,False
0.2071731591606723,-0.9565076038994943,-0.5026199177718101,-0.2985576917271264,0,0,0,0,0.0,0,0,0,0,0,0.0,0,0,0,0,0.0,0.0,0.0,0.0,0,True,False,False,False,False,True,False,False,False,False,True,False,False,False,True,False,False,False,False,False,False,False,True,False,True,False,False
0.2071731591606723,-1.1840071230675797,-0.371407746334015,-0.16675255968433558,6,12,12,12,12.916666666666666,0,4,11,16,11,14.5,0,0,1,0,1.0,1.0,1.0,1.4545454545454546,2,True,False,False,False,False,True,False,False,False,False,False,False,False,False,False,True,False,False,False,True,False,False,True,False,True,False,False
-0.5540677512436588,0.5601558572210751,-1.863082958468955,-0.6939730878554988,0,7,8,7,13.6375,0,0,8,8,8,14.3875,0,0,1,0,1.0,1.0,1.1428571428571428,1.0,2,True,False,False,True,False,False,False,True,False,False,False,False,False,False,True,False,False,False,False,False,False,False,False,False,True,True,False
2.4908958903736655,-0.19817587333920963,0.04294647925902397,-0.6939730878554988,0,7,10,7,12.9,0,0,8,15,7,12.142857142857142,0,0,1,0,1.0,0.875,1.4285714285714286,1.875,0,True,False,False,True,False,False,False,False,False,False,False,False,False,False,False,False,False,False,False,False,False,False,True,False,True,False,False
-0.5540677512436588,0.40848951110901816,0.38133576349333953,-0.562167955812708,0,8,8,7,14.36,0,0,8,8,7,14.36,0,0,1,0,0.875,0.875,1.0,1.0,2,True,False,False,True,False,False,False,False,False,False,False,False,False,False,True,False,False,False,False,False,False,False,True,False,True,True,False
-0.5540677512436588,0.6359890302771035,-0.18494834481714728,-0.562167955812708,0,8,8,7,14.514285714285714,0,0,8,8,7,14.514285714285714,0,0,0,0,0.875,0.875,1.0,1.0,1,True,False,False,True,False,False,False,False,False,False,True,False,False,False,False,False,False,False,False,False,False,False,False,False,True,False,False
0.9684140695650034,0.7118222033331321,0.2777472070950798,-0.6939730878554988,0,8,8,7,14.7,0,0,8,8,7,14.7,0,0,1,0,0.875,0.875,1.0,1.0,2,True,False,False,True,False,False,False,False,False,False,False,False,False,False,True,False,False,False,False,False,False,False,True,False,True,False,False
-0.5540677512436588,-0.9565076038994943,-0.48190220649215837,0.4922731005296184,0,5,5,5,15.2,0,0,5,6,5,14.0,0,1,0,0,1.0,1.0,1.0,1.2,1,True,False,True,False,False,False,True,False,True,False,True,False,True,False,False,True,False,False,False,True,False,False,False,False,True,False,False
0.9684140695650034,-0.8048412577874374,-0.9445977584043854,-0.4303628237699172,0,7,7,7,13.0,0,0,8,8,8,15.0625,0,0,1,0,1.0,1.0,1.0,1.0,2,True,False,False,True,False,False,False,False,False,False,False,False,False,False,False,True,False,False,False,False,False,False,True,False,True,True,False
0.2071731591606723,-0.12234270028318116,-0.35069003505436225,-0.4303628237699172,0,6,6,6,13.5,0,0,6,6,0,0.0,0,0,1,0,1.0,0.0,1.0,1.0,0,True,False,False,False,False,True,False,False,False,False,False,False,False,False,False,True,False,False,False,False,False,False,True,False,True,False,False
0.2071731591606723,-0.9565076038994943,-0.5993025704101862,-0.4303628237699172,0,5,11,5,12.333333333333334,2,0,5,7,5,12.6,0,0,1,0,1.0,1.0,2.2,1.4,2,True,False,False,True,False,False,False,False,False,False,False,False,False,False,False,False,False,False,False,True,False,False,True,False,True,False,False
-0.5540677512436588,-0.12234270028318116,-0.5647730516107663,-0.562167955812708,0,5,6,5,13.4,0,0,5,6,5,13.0,0,0,0,0,1.0,1.0,1.2,1.2,2,True,False,False,False,False,False,False,False,False,False,True,False,False,False,False,True,False,False,True,False,False,False,False,False,True,False,False
0.2071731591606723,-0.19817587333920963,0.13962913189740012,-0.4303628237699172,0,5,7,4,11.75,0,0,5,9,2,10.5,0,0,1,0,0.8,0.4,1.4,1.8,1,True,False,False,True,False,False,False,False,False,False,False,False,False,False,False,False,False,False,False,False,False,False,False,False,True,False,False
0.9684140695650034,-0.9565076038994943,1.1271733695608104,-0.4303628237699172,0,0,0,0,0.0,0,0,0,0,0,0.0,0,0,1,0,0.0,0.0,0.0,0.0,2,True,False,False,False,False,True,False,True,False,False,False,False,False,False,False,False,False,False,False,False,False,False,True,False,True,True,False
-0.5540677512436588,0.25682316499696123,1.762516515470136,-0.4303628237699172,0,0,0,0,0.0,0,0,0,0,0,0.0,0,0,0,0,0.0,0.0,0.0,0.0,1,True,False,False,False,False,True,False,False,False,False,True,False,True,False,False,True,False,False,False,True,False,False,True,False,True,False,False
-0.5540677512436588,2.0768193183416446,1.9835054357864228,0.4922731005296184,7,12,17,11,14.727272727272728,0,4,9,10,7,14.142857142857142,0,1,1,0,0.9166666666666666,0.7777777777777778,1.4166666666666667,1.1111111111111112,2,True,False,False,True,False,False,True,False,False,True,False,False,False,False,True,False,False,False,False,False,False,False,True,False,True,False,False
0.2071731591606723,1.849319799173559,1.8591991681085123,-0.6939730878554988,0,6,7,6,16.571428571428573,0,0,6,6,6,15.666666666666666,0,0,0,0,1.0,1.0,1.1666666666666667,1.0,2,True,False,False,True,False,False,False,False,False,False,True,False,True,False,True,False,False,False,False,True,False,False,True,False,True,False,False
-0.5540677512436588,1.3184875877813598,0.7473486627671915,-0.6939730878554988,0,7,10,7,15.145,0,0,8,8,8,15.7425,0,0,1,0,1.0,1.0,1.4285714285714286,1.0,2,True,False,False,True,False,False,False,False,False,False,False,False,False,False,True,False,False,False,True,False,False,False,False,False,True,False,False
-0.5540677512436588,1.166821241669303,1.1271733695608104,-0.6939730878554988,0,7,7,7,13.44285714285714,0,0,8,8,8,15.075,0,0,1,0,1.0,1.0,1.0,1.0,2,True,False,False,True,False,False,False,False,False,False,False,False,False,False,False,False,False,False,False,False,False,False,False,False,True,True,False
-0.5540677512436588,-0.9565076038994943,-0.2609132861758707,-0.4303628237699172,0,5,8,5,14.166666666666666,2,0,5,6,4,11.75,2,0,1,0,1.0,0.8,1.6,1.2,2,True,False,False,True,False,False,False,False,False,False,False,False,False,False,False,False,False,False,False,True,False,False,False,False,True,False,False
-0.5540677512436588,1.3184875877813598,0.7680663740468422,-0.562167955812708,0,6,7,6,14.0,0,0,6,7,5,15.0,0,0,1,0,1.0,0.8333333333333334,1.1666666666666667,1.1666666666666667,1,True,False,False,False,False,True,False,False,False,False,False,False,False,False,True,False,False,False,True,False,False,False,True,False,True,False,False
-0.5540677512436588,1.9251529722295875,0.9338080642840582,-0.4303628237699172,0,6,9,6,11.333333333333334,0,0,6,6,6,12.333333333333334,0,0,1,0,1.0,1.0,1.5,1.0,2,True,False,False,False,False,True,False,False,False,False,False,False,False,False,True,False,False,False,False,False,False,False,False,False,True,True,False
1.7296549799693344,0.9393217225012175,0.20868816949623997,-0.6939730878554988,0,8,8,8,13.76125,0,0,8,8,8,13.76125,0,0,0,0,1.0,1.0,1.0,1.0,2,True,False,False,True,False,False,False,False,False,False,True,False,False,False,False,True,False,False,True,False,False,False,True,False,True,False,False
-0.5540677512436588,-2.473171065020064,-1.531599577994524,-0.16675255968433558,2,7,9,5,11.6,0,5,9,9,5,10.0,0,0,1,1,0.7142857142857143,0.5555555555555556,1.2857142857142858,1.0,0,True,False,False,False,False,True,True,False,False,True,False,False,False,False,True,False,False,False,False,False,False,False,False,True,False,False,False
-0.5540677512436588,0.25682316499696123,0.38133576349333953,-0.16675255968433558,1,6,7,4,12.75,0,1,6,8,5,13.0,0,0,1,1,0.6666666666666666,0.8333333333333334,1.1666666666666667,1.3333333333333333,2,True,False,True,False,False,True,False,False,False,False,False,False,False,False,True,False,False,False,False,False,False,False,False,True,True,True,False
-0.5540677512436588,0.03690696313447821,0.04985238301890855,0.22866283644403682,0,5,12,4,12.5,0,0,5,10,4,11.0,0,1,1,0,0.8,0.8,2.4,2.0,1,True,False,True,False,False,False,False,True,False,False,False,False,False,False,True,False,False,False,False,True,False,False,False,False,True,False,False
-0.5540677512436588,1.166821241669303,0.6575719138886988,-0.562167955812708,0,6,13,6,15.307692307692308,0,0,6,9,6,14.0,0,0,0,0,1.0,1.0,2.1666666666666665,1.5,2,True,False,False,True,False,False,False,False,False,False,False,False,True,False,True,False,False,False,False,True,False,False,False,False,True,False,False
-0.5540677512436588,-0.19817587333920963,0.20868816949623997,-0.2985576917271264,1,6,12,5,13.285714285714286,0,0,6,10,4,12.0,0,0,0,1,0.8333333333333334,0.6666666666666666,2.0,1.6666666666666667,0,True,False,False,False,False,True,True,False,False,True,True,False,False,False,True,False,False,False,False,True,False,False,True,False,False,False,False
-0.5540677512436588,-0.19817587333920963,4.3522304254266295,0.4922731005296184,1,7,7,7,14.757142857142856,0,1,8,9,8,14.077777777777778,0,1,1,0,1.0,1.0,1.0,1.125,2,True,False,False,True,False,False,False,True,True,False,False,False,False,False,True,False,False,False,True,False,False,False,True,False,True,False,False
1.7296549799693344,0.25682316499696123,0.10509961309798022,-0.6939730878554988,0,7,7,6,12.766666666666666,0,0,7,7,6,12.766666666666666,0,0,1,0,0.8571428571428571,0.8571428571428571,1.0,1.0,2,True,False,False,True,False,False,False,False,False,False,False,False,False,False,True,False,False,False,False,False,False,False,True,False,True,False,False
0.9684140695650034,-0.8048412577874374,-0.026112558339815857,-0.6939730878554988,0,5,5,5,10.4,0,0,6,13,0,0.0,0,0,1,1,1.0,0.0,1.0,2.1666666666666665,0,True,False,False,False,False,False,False,False,False,False,False,False,False,False,True,False,False,False,True,False,False,False,False,False,False,False,False
-0.5540677512436588,0.5601558572210751,0.3191826296543833,-0.562167955812708,0,7,0,0,0.0,0,0,7,0,0,0.0,0,0,0,0,0.0,0.0,0.0,0.0,0,True,True,False,True,False,False,False,False,False,False,True,False,True,False,False,True,False,False,False,False,False,False,True,False,True,False,False
-0.5540677512436588,-1.714839334459779,-0.5509612440909982,1.546714156871945,0,5,10,4,10.5,0,0,5,6,5,12.6,0,1,1,0,0.8,1.0,2.0,1.2,2,False,True,True,False,False,False,False,True,False,False,False,False,False,False,False,True,False,False,False,True,False,False,False,False,True,True,False
-0.5540677512436588,-0.19817587333920963,0.04294647925902397,-0.034947427641544786,0,5,6,4,14.25,0,0,5,6,5,13.4,0,0,1,0,0.8,1.0,1.2,1.2,2,True,True,False,True,False,False,False,False,False,False,False,False,False,False,True,False,False,False,False,False,False,True,False,False,True,False,False
-0.5540677512436588,0.03690696313447821,-1.863082958468955,0.6240782325724092,0,7,11,3,11.916666666666666,1,0,7,17,0,0.0,0,1,1,0,0.42857142857142855,0.0,1.5714285714285714,2.4285714285714284,0,True,True,False,True,False,False,False,True,False,False,False,False,False,False,False,False,False,False,False,False,False,False,False,False,True,False,False
-0.5540677512436588,-0.3498422194512666,-0.1711365372973791,-0.562167955812708,0,5,10,3,10.666666666666666,0,0,5,9,2,14.0,2,0,1,0,0.6,0.4,2.0,1.8,1,True,True,False,False,True,False,False,False,False,False,False,False,False,False,False,False,False,False,False,False,False,False,True,False,True,False,False
-0.5540677512436588,-1.1840071230675797,-1.2208339087997446,-0.562167955812708,0,6,11,4,12.25,0,0,6,10,3,12.666666666666666,0,0,1,0,0.6666666666666666,0.5,1.8333333333333333,1.6666666666666667,1,True,True,False,False,False,True,False,False,False,False,False,False,False,False,True,False,False,False,True,False,False,False,False,False,True,False,False
0.2071731591606723,-0.6531749116753804,-0.6407379929694897,-0.4303628237699172,0,5,5,4,12.0,0,0,5,6,5,11.6,0,0,1,1,0.8,1.0,1.0,1.2,0,True,True,False,False,False,False,False,False,False,False,False,False,False,False,False,False,False,False,True,False,False,False,True,True,True,False,False
-0.5540677512436588,-0.6531749116753804,-0.15732472977761094,-0.2985576917271264,0,5,7,3,11.0,0,0,5,5,4,12.75,0,0,0,0,0.6,0.8,1.4,1.0,0,True,True,False,False,False,False,False,False,False,False,True,False,True,False,False,True,False,False,False,True,False,False,True,False,True,False,False
0.9684140695650034,-0.3498422194512666,-0.1711365372973791,-0.6939730878554988,0,6,6,6,14.166666666666666,0,0,6,8,5,13.0,0,0,1,0,1.0,0.8333333333333334,1.0,1.3333333333333333,2,True,True,False,False,False,True,False,False,False,False,False,False,False,False,True,False,False,False,True,False,False,False,True,False,True,False,False
2.4908958903736655,-0.577341738619352,0.9545257755637109,-0.16675255968433558,0,6,6,6,14.666666666666666,0,0,6,6,6,15.0,0,0,0,0,1.0,1.0,1.0,1.0,2,True,True,False,False,False,True,False,False,False,False,True,False,True,False,False,True,False,False,False,True,False,False,True,False,True,False,False
0.9684140695650034,-0.8806744308434659,-1.0412804110427605,-0.2985576917271264,0,5,11,0,0.0,0,0,5,10,5,12.285714285714286,1,0,1,0,0.0,1.0,2.2,2.0,2,True,True,False,True,False,False,False,False,False,False,False,False,False,False,False,False,False,False,False,False,False,False,True,False,True,False,False
-0.5540677512436588,0.5601558572210751,0.8992785454846383,1.9421295530003173,0,7,8,3,12.666666666666666,0,0,5,5,0,0.0,0,1,0,1,0.42857142857142855,0.0,1.1428571428571428,1.0,0,True,True,False,True,False,False,True,False,True,False,True,False,True,False,False,True,False,False,False,True,False,False,False,True,False,False,False
-0.5540677512436588,-0.6531749116753804,-0.39903136137355033,-0.4303628237699172,0,0,0,0,0.0,0,0,0,0,0,0.0,0,0,1,0,0.0,0.0,0.0,0.0,1,True,True,False,False,False,True,False,False,False,False,False,False,False,False,False,False,False,False,False,False,False,False,True,False,True,False,False
1.7296549799693344,0.25682316499696123,-0.21947786361656718,-0.562167955812708,0,0,0,0,0.0,0,0,0,0,0,0.0,0,0,1,0,0.0,0.0,0.0,0.0,0,True,True,False,False,False,True,False,True,False,False,False,False,False,False,False,False,False,False,False,False,False,False,True,False,True,False,False
-0.5540677512436588,0.6208223956658987,0.4849243198915993,0.09685770440124603,0,5,0,0,0.0,0,0,5,0,0,0.0,0,1,1,0,0.0,0.0,0.0,0.0,0,True,True,False,False,True,False,True,False,False,False,False,False,False,False,False,False,True,False,False,False,True,False,False,False,True,False,False
0.9684140695650034,0.7118222033331321,0.2639353995753126,-0.562167955812708,0,6,0,0,0.0,0,0,6,0,0,0.0,0,0,1,1,0.0,0.0,0.0,0.0,0,True,True,False,False,False,True,False,False,False,False,False,False,False,False,True,False,False,False,False,False,False,False,True,False,False,False,False
-0.5540677512436588,0.02932364582887579,0.22249997701600713,-0.562167955812708,0,7,7,7,13.7,0,0,8,9,8,14.022222222222222,0,0,1,0,1.0,1.0,1.0,1.125,2,True,True,False,True,False,False,False,False,False,False,False,False,False,False,False,False,False,False,False,False,False,False,True,False,True,True,False
-0.5540677512436588,-0.12234270028318116,-0.2540073824159871,-0.562167955812708,0,5,7,5,11.8,0,0,5,8,4,12.4,2,0,0,0,1.0,0.8,1.4,1.6,1,True,True,False,False,False,False,False,False,False,False,True,False,False,False,False,True,False,False,False,False,False,False,False,False,True,False,False
-0.5540677512436588,-0.19817587333920963,1.4241272312358206,1.0194936287007816,0,5,0,0,0.0,0,0,5,0,0,0.0,0,1,0,0,0.0,0.0,0.0,0.0,0,True,True,False,False,True,False,False,True,True,False,True,False,True,False,False,True,False,False,False,False,False,False,False,False,True,False,False
-0.5540677512436588,-0.9565076038994943,-0.9376918546445008,-0.562167955812708,0,6,6,6,13.333333333333334,0,0,6,7,6,13.285714285714286,0,0,1,0,1.0,1.0,1.0,1.1666666666666667,2,True,True,False,False,False,False,False,False,False,False,False,False,False,False,False,False,False,False,False,False,False,False,True,False,True,True,False
-0.5540677512436588,0.6359890302771035,0.46420660861194657,-0.16675255968433558,0,6,7,5,11.4,0,0,6,6,6,12.166666666666666,0,0,1,0,0.8333333333333334,1.0,1.1666666666666667,1.0,2,True,True,False,False,False,True,False,False,False,False,False,False,False,False,True,False,False,False,True,False,False,False,True,False,True,False,False
-0.5540677512436588,-0.19817587333920963,0.08438190181832748,0.22866283644403682,0,5,5,0,0.0,0,0,5,5,0,0.0,0,1,1,0,0.0,0.0,1.0,1.0,0,True,True,False,True,False,False,False,True,False,False,False,False,False,False,False,False,True,False,False,True,False,False,False,False,True,False,False
-0.5540677512436588,2.6834847027898725,2.349518335060275,-0.6939730878554988,0,7,7,7,16.142857142857142,0,0,8,9,0,0.0,0,0,1,0,1.0,0.0,1.0,1.125,0,True,True,False,True,False,False,False,False,False,False,False,False,False,False,True,False,False,False,True,False,False,False,True,False,True,False,False
-0.5540677512436588,-0.19817587333920963,0.20868816949623997,0.8876884966579909,0,8,8,0,0.0,8,0,8,8,0,0.0,8,1,1,0,0.0,0.0,1.0,1.0,0,True,True,False,True,False,False,True,False,True,False,False,False,False,False,False,False,False,True,False,False,False,True,True,False,True,False,False
-0.5540677512436588,1.7734866261175306,2.0249408583457282,-0.6939730878554988,0,8,8,8,15.63375,0,0,8,8,8,15.63375,0,0,1,0,1.0,1.0,1.0,1.0,2,True,True,False,True,False,False,False,False,False,False,False,False,False,False,False,False,False,False,False,False,False,False,False,False,True,True,False
-0.5540677512436588,0.33265633805298966,0.16034684317705286,-0.6939730878554988,0,6,6,6,13.666666666666666,0,0,6,6,6,14.5,0,0,1,0,1.0,1.0,1.0,1.0,2,True,True,False,False,False,True,False,False,False,False,False,False,False,False,True,False,False,False,True,False,False,False,True,False,True,False,False
3.2521368007779965,-0.12234270028318116,0.16034684317705286,-0.6939730878554988,0,6,0,0,0.0,0,0,6,0,0,0.0,0,0,1,0,0.0,0.0,0.0,0.0,0,True,True,False,False,False,True,False,False,False,False,False,False,False,False,False,False,True,False,False,False,True,False,False,False,True,False,False
-0.5540677512436588,-0.19817587333920963,0.6437601063689317,-0.6939730878554988,0,6,8,6,12.5,0,0,6,7,6,11.5,0,0,1,0,1.0,1.0,1.3333333333333333,1.1666666666666667,2,True,True,False,False,False,True,False,False,False,False,False,False,False,False,False,False,False,False,False,False,False,False,True,False,True,False,False
-0.5540677512436588,0.03690696313447821,0.8992785454846383,0.22866283644403682,0,6,8,6,12.285714285714286,0,0,6,6,6,13.0,0,1,1,0,1.0,1.0,1.3333333333333333,1.0,2,True,True,False,False,False,False,False,True,False,False,False,False,False,False,True,False,False,False,False,False,False,False,False,False,True,True,False
-0.5540677512436588,-0.12234270028318116,0.6161364913293953,-0.6939730878554988,0,5,10,2,14.0,0,0,5,7,3,11.0,1,0,0,0,0.4,0.6,2.0,1.4,1,True,True,False,False,True,False,False,False,False,False,True,False,False,False,True,False,False,False,False,True,False,False,False,False,True,False,False
2.4908958903736655,2.0768193183416446,0.8785608342049855,-0.6939730878554988,0,0,0,0,0.0,0,0,0,0,0,0.0,0,0,1,0,0.0,0.0,0.0,0.0,0,True,True,False,False,False,True,False,False,False,False,False,False,False,False,True,False,False,False,True,False,False,False,False,False,True,False,False
1.7296549799693344,-1.1840071230675797,-0.6890793192886778,-0.562167955812708,0,5,5,4,10.75,0,0,5,6,4,12.25,0,0,1,0,0.8,0.8,1.0,1.2,1,True,True,False,False,False,False,False,False,False,False,False,False,False,False,False,False,False,False,False,False,False,False,True,False,True,False,False
-0.5540677512436588,0.03690696313447821,-1.5177877704747558,0.22866283644403682,0,7,14,4,12.95,1,0,7,11,4,13.125,1,1,1,0,0.5714285714285714,0.5714285714285714,2.0,1.5714285714285714,0,True,True,False,True,False,False,False,True,False,False,False,False,False,False,False,False,False,False,False,False,False,False,False,False,True,False,False
0.9684140695650034,-0.19817587333920963,0.24321768829565987,-0.562167955812708,0,7,7,6,12.45,0,0,7,7,6,12.45,0,0,1,0,0.8571428571428571,0.8571428571428571,1.0,1.0,2,True,False,False,True,False,False,False,False,False,False,False,False,False,False,False,False,False,False,True,False,False,False,True,False,True,False,False
-0.5540677512436588,-0.19817587333920963,0.20868816949623997,1.0194936287007816,2,6,12,4,12.25,0,3,7,9,7,12.0,0,1,1,0,0.6666666666666666,1.0,2.0,1.2857142857142858,1,True,False,True,False,False,False,True,False,False,True,False,False,False,False,False,False,False,False,False,False,False,False,False,False,True,False,False
0.9684140695650034,0.33265633805298966,0.31227672589449973,-0.4303628237699172,0,8,8,8,13.38125,0,0,8,8,8,13.38125,0,0,1,0,1.0,1.0,1.0,1.0,2,True,False,False,True,False,False,False,False,False,False,False,False,False,False,True,False,False,False,True,False,False,False,True,False,True,True,False
-0.5540677512436588,0.03690696313447821,-1.863082958468955,1.2831038927863632,1,7,10,5,12.16,0,0,6,7,5,11.34,0,1,0,1,0.7142857142857143,0.8333333333333334,1.4285714285714286,1.1666666666666667,0,True,False,False,True,False,False,False,True,False,False,True,False,False,False,False,True,False,False,False,False,False,False,True,False,False,False,True
-0.5540677512436588,0.5601558572210751,0.8992785454846383,0.09685770440124603,2,6,11,4,12.5,0,1,6,18,2,11.5,0,1,0,1,0.6666666666666666,0.3333333333333333,1.8333333333333333,3.0,1,True,False,False,True,False,False,True,False,False,True,False,False,True,False,False,False,False,False,True,False,False,False,False,True,False,False,False
1.7296549799693344,0.5601558572210751,0.22249997701600713,-0.6939730878554988,0,6,8,6,12.75,0,0,6,10,6,12.166666666666666,0,0,1,0,1.0,1.0,1.3333333333333333,1.6666666666666667,2,True,False,False,False,False,True,False,False,False,False,False,False,False,False,False,False,False,False,False,False,False,False,True,False,True,True,False
0.2071731591606723,0.18098999194093274,0.4503948010921794,-0.562167955812708,0,8,8,8,13.3425,0,0,8,8,8,13.3425,0,0,1,0,1.0,1.0,1.0,1.0,2,True,False,False,True,False,False,False,False,False,False,False,False,False,False,True,False,False,False,False,False,False,False,True,False,True,False,False
1.7296549799693344,0.5601558572210751,0.4296770898125266,-0.4303628237699172,0,7,10,7,14.175,0,0,8,14,6,13.03125,0,0,1,0,1.0,0.75,1.4285714285714286,1.75,2,True,False,False,True,False,False,False,False,False,False,False,False,False,False,False,False,False,False,False,False,False,False,True,False,True,True,False
-0.5540677512436588,-2.473171065020064,0.20868816949623997,1.2831038927863632,0,8,16,1,10.0,1,0,8,16,1,10.0,1,1,1,0,0.125,0.125,2.0,2.0,1,False,True,False,True,False,False,False,True,False,False,False,False,False,False,True,False,False,False,True,False,False,False,False,False,True,True,False
-0.5540677512436588,2.0768193183416446,0.13962913189740012,0.09685770440124603,0,5,9,0,0.0,0,0,5,8,2,14.5,2,1,1,0,0.0,0.4,1.8,1.6,0,True,True,False,False,True,False,False,True,False,False,False,False,False,False,False,False,False,False,False,False,False,False,False,False,True,False,False
-0.5540677512436588,0.03690696313447821,-1.863082958468955,0.09685770440124603,0,5,7,0,0.0,0,0,5,7,0,0.0,0,1,0,0,0.0,0.0,1.4,1.4,0,True,True,True,False,False,False,False,True,False,False,True,False,False,False,False,True,False,False,True,False,False,False,False,False,True,False,False
-0.5540677512436588,-0.3498422194512666,-0.7236088380880977,-0.6939730878554988,0,5,6,5,12.0,0,0,5,8,5,12.142857142857142,0,0,1,0,1.0,1.0,1.2,1.6,2,True,True,False,True,False,False,False,False,False,False,False,False,False,False,False,False,False,False,False,False,False,False,True,False,True,False,False
0.2071731591606723,-0.8806744308434659,-0.19185424857703087,-0.6939730878554988,0,6,8,6,10.571428571428571,0,0,6,9,5,11.4,0,0,1,0,1.0,0.8333333333333334,1.3333333333333333,1.5,2,True,False,False,False,False,False,False,False,False,False,False,False,False,False,False,False,False,False,False,False,False,False,True,False,True,True,False
-0.5540677512436588,-0.425675392507295,0.8164077003660313,-0.16675255968433558,4,12,19,11,14.153846153846152,0,5,12,20,12,15.428571428571429,0,0,0,0,0.9166666666666666,1.0,1.5833333333333333,1.6666666666666667,2,True,False,False,True,False,False,False,True,False,False,True,False,True,False,False,True,False,False,False,False,False,False,True,False,True,False,False
-0.5540677512436588,-0.04650952722715268,-0.03992436585958304,-0.6939730878554988,0,6,9,6,11.166666666666666,0,0,6,11,5,12.4,0,0,0,0,1.0,0.8333333333333334,1.5,1.8333333333333333,2,True,False,False,False,False,True,False,False,False,False,True,False,False,False,False,False,False,False,False,False,False,False,True,False,True,True,False
-0.5540677512436588,1.0909880686132745,1.7210810929108327,-0.2985576917271264,13,17,20,17,12.0,0,14,17,18,17,12.666666666666666,0,0,1,0,1.0,1.0,1.1764705882352942,1.0588235294117647,2,True,False,False,False,False,True,False,False,False,False,False,False,False,False,False,True,False,False,False,False,False,False,True,False,True,False,False
-0.5540677512436588,-1.714839334459779,-0.48190220649215837,1.9421295530003173,0,5,11,3,11.333333333333334,0,0,5,9,4,12.0,0,1,1,0,0.6,0.8,2.2,1.8,0,False,False,True,False,False,False,False,True,False,False,False,False,False,False,True,False,False,False,False,True,False,False,True,False,True,False,False
-0.5540677512436588,0.7118222033331321,0.33990034093403604,0.7558833646152,9,16,17,16,12.588235294117649,0,10,13,14,13,13.357142857142858,0,1,1,0,1.0,1.0,1.0625,1.0769230769230769,2,True,False,False,False,False,True,False,True,False,False,False,False,False,False,False,False,False,True,False,False,False,True,False,False,True,True,False
-0.5540677512436588,-0.19817587333920963,0.20868816949623997,-0.4303628237699172,0,6,11,4,12.0,0,0,6,9,4,10.75,0,0,1,0,0.6666666666666666,0.6666666666666666,1.8333333333333333,1.5,1,True,False,False,False,False,True,True,False,False,True,False,False,False,False,True,False,False,False,False,False,False,False,True,False,True,True,False
-0.5540677512436588,-0.12234270028318116,0.3260885334142669,-0.6939730878554988,0,6,0,0,0.0,0,0,6,0,0,0.0,0,0,1,1,0.0,0.0,0.0,0.0,0,True,False,False,False,False,False,False,False,False,False,False,False,False,False,True,False,False,False,False,False,False,False,True,False,False,False,False
-0.5540677512436588,-1.714839334459779,0.38133576349333953,1.8103244209575264,7,12,13,12,12.25,0,8,13,13,13,12.846153846153848,0,1,1,0,1.0,1.0,1.0833333333333333,1.0,2,False,True,True,False,False,False,False,True,False,False,False,False,False,False,False,False,False,False,False,False,False,False,False,False,True,False,False
0.9684140695650034,-0.3498422194512666,-0.7236088380880977,-0.4303628237699172,0,5,7,5,11.6,0,0,5,5,5,12.8,0,0,0,0,1.0,1.0,1.4,1.0,2,True,True,False,False,False,False,False,False,False,False,True,False,True,False,True,False,False,False,False,False,False,False,False,False,True,False,False
-0.5540677512436588,0.25682316499696123,0.4780184161317157,-0.4303628237699172,0,5,7,4,13.0,0,0,5,11,3,12.0,2,0,1,1,0.8,0.6,1.4,2.2,0,True,True,False,False,False,True,False,False,False,False,False,False,False,False,False,False,False,True,False,False,False,False,True,False,False,False,False
-0.5540677512436588,-0.9565076038994943,1.2721973485183737,2.205739817085899,0,5,11,3,10.666666666666666,0,0,5,5,2,12.5,0,1,1,1,0.6,0.4,2.2,1.0,0,False,True,False,False,True,False,False,True,False,False,False,False,False,False,False,False,False,False,False,False,False,False,False,True,True,False,False
-0.5540677512436588,0.5601558572210751,3.1091677486475127,2.732960345257062,5,11,21,9,12.333333333333334,0,8,11,16,9,11.0,0,1,0,0,0.8181818181818182,0.8181818181818182,1.9090909090909092,1.4545454545454546,1,False,True,True,False,False,True,False,True,False,False,False,False,True,False,False,False,False,False,False,False,False,False,False,False,True,False,False
-0.5540677512436588,-1.1081739500115513,-1.1034335448817167,-0.2985576917271264,0,5,7,2,11.0,0,0,5,9,3,11.428571428571429,0,0,1,1,0.4,0.6,1.4,1.8,0,True,True,False,False,False,False,False,False,False,False,False,False,False,False,False,False,False,False,False,False,False,False,False,False,False,False,False
-0.5540677512436588,-0.9565076038994943,-0.48190220649215837,-0.2985576917271264,2,7,10,6,13.428571428571429,0,5,9,9,8,13.125,0,0,0,0,0.8571428571428571,0.8888888888888888,1.4285714285714286,1.0,2,True,True,False,False,False,True,True,False,False,True,True,False,False,False,False,True,False,False,False,False,False,False,False,False,True,False,False
3.2521368007779965,1.3943207608373882,0.1948763619764728,-0.6939730878554988,0,8,10,8,13.05375,2,0,8,10,8,13.05375,2,0,0,0,1.0,1.0,1.25,1.25,2,True,True,False,True,False,False,False,False,False,False,True,False,False,False,False,True,False,False,False,True,False,False,True,False,True,False,False
2.4908958903736655,-0.19817587333920963,-0.6131143779299544,-0.6939730878554988,0,7,10,6,12.035714285714286,0,0,8,9,7,13.75,0,0,0,0,0.8571428571428571,0.875,1.4285714285714286,1.125,1,True,True,False,True,False,False,False,False,False,False,False,False,True,False,False,False,False,False,False,False,False,False,True,False,True,False,False
-0.5540677512436588,0.5601558572210751,0.20868816949623997,0.4922731005296184,0,6,6,6,14.166666666666666,0,0,6,7,6,13.833333333333334,0,1,0,0,1.0,1.0,1.0,1.1666666666666667,2,True,True,False,False,False,True,False,True,False,False,True,False,False,False,True,False,False,False,False,False,False,False,False,False,True,False,False
-0.5540677512436588,0.03690696313447821,-0.04683026961946761,1.9421295530003173,0,6,6,0,0.0,0,0,6,8,0,0.0,0,1,1,1,0.0,0.0,1.0,1.3333333333333333,0,False,True,False,False,False,True,False,True,False,False,False,False,False,False,False,False,False,False,False,False,False,False,False,False,False,False,False
-0.5540677512436588,1.015154895557246,0.7473486627671915,-0.6939730878554988,0,6,11,5,13.6,0,0,6,13,3,12.666666666666666,0,0,0,0,0.8333333333333334,0.5,1.8333333333333333,2.1666666666666665,0,True,True,False,False,False,True,False,False,False,False,True,False,True,False,True,False,False,False,False,True,False,False,False,False,True,False,False
1.7296549799693344,-0.8048412577874374,-0.7512324531276341,-0.562167955812708,0,6,7,5,12.2,0,0,6,12,2,12.0,0,0,1,0,0.8333333333333334,0.3333333333333333,1.1666666666666667,2.0,1,True,True,False,False,False,False,False,False,False,False,False,False,False,False,True,False,False,False,False,True,False,False,True,False,True,False,False
-0.5540677512436588,-0.8806744308434659,-0.7995737794468212,-0.6939730878554988,0,6,8,6,13.714285714285714,0,0,6,7,5,13.333333333333334,0,0,0,0,1.0,0.8333333333333334,1.3333333333333333,1.1666666666666667,0,True,True,False,False,False,True,False,False,False,False,True,False,False,False,False,True,False,False,False,False,False,False,True,False,True,False,False
-0.5540677512436588,-0.425675392507295,-1.1724925824805565,-0.562167955812708,0,6,10,3,11.666666666666666,0,0,6,11,2,10.0,0,0,1,1,0.5,0.3333333333333333,1.6666666666666667,1.8333333333333333,0,True,True,False,False,False,True,False,True,False,False,False,False,False,False,False,False,False,False,False,False,False,False,False,True,False,False,False
-0.5540677512436588,0.03690696313447821,-2.0426364562259383,2.732960345257062,0,6,9,1,14.0,0,0,6,6,0,0.0,0,1,1,1,0.16666666666666666,0.0,1.5,1.0,0,True,True,False,False,False,False,False,True,False,False,False,False,False,False,False,False,False,True,False,False,False,True,False,True,False,False,False
-0.5540677512436588,-0.19817587333920963,0.20868816949623997,0.3604679684868276,2,6,20,4,12.5,0,1,6,16,3,10.0,0,1,1,0,0.6666666666666666,0.5,3.3333333333333335,2.6666666666666665,0,True,True,False,True,False,False,True,False,False,True,False,False,False,False,True,False,False,False,True,False,False,False,True,False,True,False,False
-0.5540677512436588,1.7734866261175306,2.0042231470660754,0.09685770440124603,0,6,11,5,11.833333333333334,0,0,6,11,4,11.5,0,1,1,1,0.8333333333333334,0.6666666666666666,1.8333333333333333,1.8333333333333333,0,True,True,False,False,False,True,False,True,False,False,False,False,False,False,False,False,False,False,True,False,False,False,False,True,False,False,False
-0.5540677512436588,-0.19817587333920963,-0.06064207713923577,0.4922731005296184,0,6,6,0,0.0,0,0,6,8,0,0.0,0,1,1,1,0.0,0.0,1.0,1.3333333333333333,0,True,True,False,False,False,True,False,True,False,False,False,False,False,False,False,False,False,False,False,False,False,False,True,False,False,False,False
-0.5540677512436588,-1.714839334459779,-0.48190220649215837,0.4922731005296184,0,6,0,0,0.0,0,0,6,0,0,0.0,0,1,1,1,0.0,0.0,0.0,0.0,0,True,True,False,False,False,True,False,True,False,False,False,False,False,False,False,False,False,False,True,False,False,False,False,True,False,False,False
-0.5540677512436588,-1.866505680571836,-1.5039759629549876,0.22866283644403682,11,17,18,13,11.538461538461538,0,10,15,15,10,12.4,0,1,1,0,0.7647058823529411,0.6666666666666666,1.0588235294117647,1.0,0,True,True,False,False,False,True,False,True,False,False,False,False,False,False,False,False,False,False,False,False,False,False,True,False,True,False,False
-0.5540677512436588,-0.9565076038994943,-0.48190220649215837,-0.2985576917271264,4,9,14,7,11.285714285714286,2,2,8,15,4,12.25,0,0,0,0,0.7777777777777778,0.5,1.5555555555555556,1.875,1,True,True,False,False,False,True,True,False,False,False,True,False,True,False,False,True,False,False,False,False,False,False,True,False,True,False,False
-0.5540677512436588,1.3184875877813598,0.7473486627671915,-0.562167955812708,0,0,0,0,0.0,0,0,0,0,0,0.0,0,0,1,0,0.0,0.0,0.0,0.0,2,True,True,False,False,False,True,False,False,False,False,False,False,False,False,False,False,False,False,False,False,False,False,True,False,True,True,False
0.2071731591606723,1.4701539338934166,0.49873612741136647,-0.4303628237699172,0,6,7,5,11.8,0,0,6,9,4,12.0,0,0,0,0,0.8333333333333334,0.6666666666666666,1.1666666666666667,1.5,1,True,True,False,False,False,True,False,False,False,False,False,True,False,True,False,True,False,False,False,True,False,False,True,False,True,False,False
-0.5540677512436588,1.3184875877813598,1.5898689214730366,-0.4303628237699172,0,5,16,0,0.0,0,0,5,12,2,10.5,0,0,0,0,0.0,0.4,3.2,2.4,1,True,True,False,False,True,False,True,False,False,True,False,False,True,False,True,False,False,False,False,True,False,False,False,False,True,False,False
2.4908958903736655,-0.7290080847314089,-0.7581383568875176,-0.4303628237699172,0,5,5,0,0.0,0,0,5,5,0,0.0,0,0,0,1,0.0,0.0,1.0,1.0,0,True,True,False,False,True,False,False,False,False,False,True,False,False,False,False,True,False,False,False,False,False,False,True,True,False,False,False
-0.5540677512436588,1.3184875877813598,1.1340792733206941,-0.6939730878554988,0,5,5,5,14.2,0,0,5,5,5,14.2,0,0,1,1,1.0,1.0,1.0,1.0,1,True,True,False,False,True,False,False,False,False,False,False,False,False,False,False,True,False,False,False,True,False,False,False,False,False,True,False
-0.5540677512436588,0.9393217225012175,1.1478910808404612,-0.562167955812708,5,12,12,10,12.7,0,4,11,16,10,12.272727272727272,0,0,0,1,0.8333333333333334,0.9090909090909091,1.0,1.4545454545454546,1,True,True,False,False,False,True,False,False,False,False,True,False,True,False,False,True,False,False,False,True,False,False,False,True,True,False,False
-0.5540677512436588,1.3184875877813598,1.5898689214730366,-0.16675255968433558,1,6,10,3,12.666666666666666,0,0,6,7,0,0.0,0,0,1,1,0.5,0.0,1.6666666666666667,1.1666666666666667,0,True,False,False,False,False,True,True,False,False,True,False,False,False,False,True,False,False,False,False,False,False,False,True,False,False,False,False
1.7296549799693344,-0.577341738619352,-0.620020281689838,-0.562167955812708,0,6,7,6,14.428571428571429,0,0,6,8,6,15.0,2,0,0,0,1.0,1.0,1.1666666666666667,1.3333333333333333,2,True,False,False,False,False,False,False,False,False,False,True,False,False,False,False,True,False,False,True,False,False,False,True,False,True,False,False
1.7296549799693344,-1.1840071230675797,-1.2208339087997446,-0.6939730878554988,0,7,7,7,13.117142857142856,0,0,8,9,7,12.6,0,0,1,0,1.0,0.875,1.0,1.125,2,True,False,False,True,False,False,False,False,False,False,False,False,False,False,True,False,False,False,False,False,False,False,True,False,True,True,False
0.2071731591606723,-0.8806744308434659,-0.5302435328113464,-0.4303628237699172,0,6,7,6,12.666666666666666,0,0,6,7,6,11.833333333333334,0,0,1,1,1.0,1.0,1.1666666666666667,1.1666666666666667,2,True,False,False,False,False,True,False,False,False,False,False,False,False,False,False,False,False,False,False,False,False,False,True,True,True,False,False
-0.5540677512436588,0.5601558572210751,1.33435048235733,-0.6939730878554988,0,0,0,0,0.0,0,0,0,0,0,0.0,0,0,1,0,0.0,0.0,0.0,0.0,0,True,False,False,False,False,True,False,False,False,False,False,False,False,False,True,False,False,False,False,False,False,False,True,False,True,True,True
-0.5540677512436588,-0.19817587333920963,2.3840478538596948,1.6785192889147356,0,6,7,6,15.285714285714286,0,0,6,6,6,16.5,0,1,1,0,1.0,1.0,1.1666666666666667,1.0,2,True,True,False,False,False,True,False,True,False,False,False,False,False,False,False,True,False,False,False,True,False,False,False,False,True,False,False
-0.5540677512436588,0.5601558572210751,0.8992785454846383,-0.562167955812708,0,5,12,3,10.5,0,0,5,8,4,11.25,0,0,0,1,0.6,0.8,2.4,1.6,2,True,True,False,False,False,False,False,True,False,False,False,False,True,False,False,False,False,False,True,False,False,False,False,True,True,False,True
-0.5540677512436588,0.5601558572210751,1.051208428202085,-0.2985576917271264,6,11,11,11,12.636363636363637,0,3,9,11,9,12.6,0,0,1,0,1.0,1.0,1.0,1.2222222222222223,2,True,True,False,False,False,False,True,False,False,True,False,False,False,False,False,False,False,False,False,False,False,False,False,False,True,True,False
-0.5540677512436588,0.5601558572210751,0.1534409394171673,0.3604679684868276,0,5,6,0,0.0,0,0,5,0,0,0.0,0,1,1,0,0.0,0.0,1.2,0.0,0,True,False,False,False,False,False,False,False,False,False,False,False,False,False,False,False,False,False,False,False,False,False,True,False,True,False,False
-0.5540677512436588,0.5601558572210751,-1.863082958468955,0.7558833646152,3,9,9,3,14.333333333333334,0,1,7,8,1,14.0,0,1,1,1,0.3333333333333333,0.14285714285714285,1.0,1.1428571428571428,0,True,False,False,False,False,True,False,True,False,False,False,False,False,False,False,False,False,False,False,False,False,False,False,True,False,False,True
-0.5540677512436588,2.8351510489019294,2.971049673449833,0.3604679684868276,2,8,14,8,15.125,0,1,6,12,6,13.666666666666666,0,1,0,1,1.0,1.0,1.75,2.0,1,True,True,False,False,False,False,True,False,False,True,False,False,True,False,False,False,False,False,False,True,False,False,False,False,False,False,False
-0.5540677512436588,0.5601558572210751,0.8992785454846383,0.4922731005296184,0,7,0,0,0.0,0,0,8,0,0,0.0,0,1,0,0,0.0,0.0,0.0,0.0,0,True,True,False,True,False,False,True,False,True,False,True,False,False,False,False,True,False,False,False,False,False,False,False,False,True,False,False
-0.5540677512436588,-1.2598402961236081,-0.8133855869665894,1.1512987607435725,2,7,16,3,12.0,0,3,8,10,3,10.333333333333334,0,1,0,1,0.42857142857142855,0.375,2.2857142857142856,1.25,1,True,True,False,False,False,False,False,True,False,False,True,False,True,False,False,True,False,False,False,True,False,False,False,True,True,False,False
0.9684140695650034,0.10515681888490426,-0.3852195538537822,-0.034947427641544786,0,6,10,4,14.25,1,0,6,8,5,12.0,0,0,1,0,0.6666666666666666,0.8333333333333334,1.6666666666666667,1.3333333333333333,1,True,False,False,False,False,True,True,False,False,False,False,False,False,False,False,False,False,False,True,False,False,False,True,False,True,True,False
-0.5540677512436588,0.03690696313447821,0.540171549970672,0.09685770440124603,0,5,12,2,10.5,0,0,5,9,4,10.0,2,1,1,0,0.4,0.8,2.4,1.8,1,True,False,False,False,False,False,False,True,False,False,False,False,False,False,False,False,False,False,False,False,False,False,False,False,True,False,True
0.2071731591606723,0.5601558572210751,0.6851955289282352,-0.562167955812708,0,6,7,6,13.5,0,0,6,7,6,14.428571428571429,0,0,1,0,1.0,1.0,1.1666666666666667,1.1666666666666667,2,True,False,False,False,False,True,False,False,False,False,False,False,False,False,False,False,False,False,False,False,False,False,True,False,True,True,False
-0.5540677512436588,0.5601558572210751,0.8992785454846383,0.22866283644403682,0,6,14,5,11.666666666666666,0,0,6,11,4,12.0,0,1,1,0,0.8333333333333334,0.6666666666666666,2.3333333333333335,1.8333333333333333,1,True,True,False,False,False,True,False,True,False,False,False,False,False,False,True,False,False,False,True,False,False,False,True,False,True,False,False
3.2521368007779965,-1.866505680571836,-1.0205626997631088,-0.562167955812708,0,6,13,5,10.8,0,0,6,12,3,10.0,0,0,1,0,0.8333333333333334,0.5,2.1666666666666665,2.0,1,True,True,False,False,False,False,False,False,False,False,False,False,False,False,True,False,False,False,True,False,False,False,True,False,True,False,False
0.9684140695650034,1.2426544147253313,1.500092172594544,-0.4303628237699172,0,4,4,0,0.0,0,0,4,8,0,0.0,0,0,0,1,0.0,0.0,1.0,2.0,0,True,True,False,False,False,True,False,False,False,False,False,False,True,False,False,False,True,False,False,False,True,False,False,False,False,False,False
-0.5540677512436588,0.5601558572210751,0.41586528229275943,1.2831038927863632,3,9,11,9,12.8,0,2,7,9,7,11.428571428571429,0,1,1,0,1.0,1.0,1.2222222222222223,1.2857142857142858,2,False,True,False,False,False,False,False,False,False,False,False,False,False,False,True,False,False,False,False,False,False,False,False,False,True,False,False
-0.5540677512436588,0.5601558572210751,1.5898689214730366,1.546714156871945,0,5,6,5,10.8,0,0,5,7,5,12.0,2,1,1,1,1.0,1.0,1.2,1.4,0,False,True,True,False,False,False,False,True,False,False,False,False,False,False,False,False,False,False,False,False,False,False,False,True,True,False,False
-0.5540677512436588,0.03690696313447821,-2.001201033666635,-0.034947427641544786,0,5,8,4,11.4,0,0,5,7,4,11.0,0,0,1,0,0.8,0.8,1.6,1.4,2,True,True,False,False,False,False,False,False,False,False,False,False,False,False,False,False,False,False,False,False,False,False,True,False,True,False,False
-0.5540677512436588,-0.577341738619352,-0.31616051625494235,-0.562167955812708,0,7,7,7,13.725714285714286,0,0,8,8,8,14.5,0,0,1,0,1.0,1.0,1.0,1.0,2,True,True,False,True,False,False,False,False,False,False,False,False,False,False,False,False,False,False,False,False,False,False,True,False,True,False,False
-0.5540677512436588,0.03690696313447821,0.8302195078857985,-0.2985576917271264,0,6,6,5,12.8,0,0,6,9,5,12.25,0,0,1,0,0.8333333333333334,0.8333333333333334,1.0,1.5,1,True,True,False,False,False,False,False,False,False,False,False,False,False,False,False,False,False,False,False,False,False,False,False,False,True,False,False
2.4908958903736655,0.03690696313447821,-1.034374507282877,-0.2985576917271264,0,6,6,6,13.5,0,0,6,6,6,11.166666666666666,0,0,1,0,1.0,1.0,1.0,1.0,2,True,True,False,False,False,True,False,False,False,False,False,False,False,False,False,True,False,False,False,True,False,False,True,False,True,True,False
-0.5540677512436588,-0.19817587333920963,1.1617028883602305,0.4922731005296184,0,8,8,7,15.57,0,0,8,8,7,15.57,0,1,1,0,0.875,0.875,1.0,1.0,0,True,True,False,True,False,False,False,True,False,False,False,False,False,False,False,True,False,False,False,False,False,False,False,False,True,False,False
0.9684140695650034,-0.8048412577874374,-0.7512324531276341,-0.562167955812708,0,5,10,4,11.0,0,0,5,13,2,12.0,0,0,0,1,0.8,0.4,2.0,2.6,1,True,True,False,False,False,False,False,False,False,False,True,False,False,False,False,True,False,False,False,False,False,False,True,True,True,False,False
0.2071731591606723,0.5601558572210751,0.7611604702869585,0.6240782325724092,0,7,7,7,14.114285714285714,0,0,8,9,8,15.91111111111111,0,1,1,0,1.0,1.0,1.0,1.125,0,True,True,False,True,False,False,True,False,True,False,False,False,False,False,False,False,False,False,False,False,False,False,False,False,True,False,False
-0.5540677512436588,-0.7290080847314089,-1.1724925824805565,0.22866283644403682,0,5,12,3,11.0,1,0,5,12,4,11.5,0,1,1,0,0.6,0.8,2.4,2.4,1,True,True,False,False,False,False,False,True,False,False,False,False,False,False,False,False,False,False,False,False,False,False,False,False,True,False,False
-0.5540677512436588,0.03690696313447821,-1.6213763268730155,2.4693500811714806,0,6,0,0,0.0,0,0,6,0,0,0.0,0,1,1,0,0.0,0.0,0.0,0.0,0,False,True,False,False,False,True,False,True,False,False,False,False,False,False,False,False,False,False,True,False,False,False,False,False,True,False,False
-0.5540677512436588,0.5601558572210751,0.8992785454846383,0.4922731005296184,0,5,6,4,13.5,0,0,5,6,4,13.75,0,1,1,0,0.8,0.8,1.2,1.2,2,True,True,True,False,False,False,True,False,True,False,False,False,False,False,False,False,False,False,False,False,False,False,False,False,True,False,False
-0.5540677512436588,-1.2598402961236081,-1.2622693313590483,-0.034947427641544786,0,6,9,4,11.25,1,0,6,10,0,0.0,4,0,0,0,0.6666666666666666,0.0,1.5,1.6666666666666667,0,True,True,False,False,False,True,False,False,False,False,True,False,True,False,False,False,True,False,False,True,False,False,True,False,True,False,False
0.9684140695650034,-1.1081739500115513,-0.7650442606474013,-0.6939730878554988,0,6,7,6,12.142857142857142,0,0,6,8,6,11.333333333333334,0,0,1,0,1.0,1.0,1.1666666666666667,1.3333333333333333,2,True,True,False,False,False,False,False,False,False,False,False,False,False,False,True,False,False,False,True,False,False,False,True,False,True,True,False
-0.5540677512436588,0.5601558572210751,0.022228767979372222,0.3604679684868276,0,8,8,7,13.075714285714286,0,0,8,8,7,13.075714285714286,0,1,1,0,0.875,0.875,1.0,1.0,2,False,True,False,True,False,False,False,True,False,False,False,False,False,False,False,False,False,False,True,False,False,False,False,False,True,False,False
1.7296549799693344,1.015154895557246,0.8095017966061457,-0.6939730878554988,0,5,0,0,0.0,0,0,5,0,0,0.0,0,0,0,0,0.0,0.0,0.0,0.0,0,True,True,False,False,False,False,False,False,False,False,True,False,False,False,False,True,False,False,False,False,False,False,False,False,True,False,False
-0.5540677512436588,1.3184875877813598,0.6092305875695118,0.7558833646152,1,5,9,3,11.0,0,0,5,11,2,13.5,0,1,0,1,0.6,0.4,1.8,2.2,0,True,True,True,False,False,False,False,True,False,False,True,False,True,False,False,True,False,False,False,True,False,False,False,True,True,False,False
-0.5540677512436588,0.33265633805298966,0.5263597424509028,-0.16675255968433558,0,6,16,0,0.0,0,0,6,7,0,0.0,0,0,1,0,0.0,0.0,2.6666666666666665,1.1666666666666667,0,True,True,False,True,False,False,False,False,False,False,False,False,False,False,True,False,False,False,False,False,False,False,True,False,True,False,False
-0.5540677512436588,0.25682316499696123,-0.5923966666503017,-0.2985576917271264,0,7,12,4,13.125,0,0,7,8,6,12.333333333333334,0,0,1,0,0.5714285714285714,0.8571428571428571,1.7142857142857142,1.1428571428571428,1,True,False,False,True,False,False,False,True,False,False,False,False,False,False,False,False,False,False,False,False,False,False,True,False,True,False,False
0.9684140695650034,0.10515681888490426,0.40205347477299225,-0.562167955812708,0,8,8,7,13.512857142857142,0,0,8,8,7,13.512857142857142,0,0,1,0,0.875,0.875,1.0,1.0,2,True,False,False,True,False,False,False,False,False,False,False,False,False,False,False,False,False,False,False,False,False,False,True,False,True,True,False
-0.5540677512436588,2.0768193183416446,1.9696936282666557,-0.6939730878554988,0,6,7,6,12.833333333333334,0,0,6,6,6,12.166666666666666,0,0,1,0,1.0,1.0,1.1666666666666667,1.0,2,True,False,False,False,False,True,False,False,False,False,False,False,False,False,False,False,False,False,False,False,False,False,True,False,True,True,False
0.9684140695650034,-0.5015085655633235,0.34680624469391963,-0.6939730878554988,0,5,8,3,15.0,2,0,5,9,3,11.666666666666666,0,0,1,0,0.6,0.6,1.6,1.8,0,True,False,False,True,False,False,False,False,False,False,False,False,False,False,False,False,False,False,False,False,False,False,True,False,True,True,False
-0.5540677512436588,0.03690696313447821,-1.1724925824805565,2.205739817085899,0,6,12,5,12.8,0,0,6,16,3,13.333333333333334,0,1,1,1,0.8333333333333334,0.5,2.0,2.6666666666666665,0,True,False,False,False,False,True,False,True,False,False,False,False,False,False,True,False,False,False,False,False,False,False,False,True,False,False,False
0.9684140695650034,-1.4115066422356652,0.022228767979372222,-0.4303628237699172,0,6,14,3,12.333333333333334,0,0,6,16,0,0.0,0,0,0,1,0.5,0.0,2.3333333333333335,2.6666666666666665,0,True,False,False,False,False,False,False,False,False,False,False,False,True,False,False,False,False,False,False,True,False,False,True,True,False,False,True
0.9684140695650034,0.48432268416504665,-0.06754798089911936,-0.6939730878554988,0,8,15,5,12.288,1,0,8,15,5,12.288,1,0,0,0,0.625,0.625,1.875,1.875,0,True,True,False,True,False,False,False,False,False,False,True,False,False,False,True,False,False,False,False,True,False,False,True,False,True,False,False
0.2071731591606723,-0.19817587333920963,0.20868816949623997,1.0194936287007816,8,12,21,12,12.333333333333334,0,6,10,13,7,13.285714285714286,2,1,1,0,1.0,0.7,1.75,1.3,2,True,True,True,False,False,True,False,True,True,False,False,False,False,False,False,False,True,False,False,False,True,False,False,False,True,False,False
0.2071731591606723,-0.12234270028318116,-0.5647730516107663,-0.6939730878554988,0,5,9,4,11.5,0,0,5,5,5,12.8,0,0,1,0,0.8,1.0,1.8,1.0,2,True,True,False,False,False,False,False,False,False,False,False,False,False,False,False,False,False,False,False,False,False,False,False,False,True,True,False
0.2071731591606723,-0.19817587333920963,0.04294647925902397,-0.16675255968433558,4,6,6,6,11.833333333333334,0,0,6,11,4,11.142857142857142,0,0,1,0,1.0,0.6666666666666666,1.0,1.8333333333333333,0,True,True,False,False,False,False,False,True,False,False,False,False,False,False,True,False,False,False,True,False,False,False,True,False,True,False,False
-0.5540677512436588,0.03690696313447821,-1.0274686035229934,1.9421295530003173,0,5,5,0,0.0,0,0,5,5,0,0.0,0,1,1,1,0.0,0.0,1.0,1.0,0,True,True,False,False,False,False,False,True,False,False,False,False,False,False,False,False,False,False,True,False,False,False,False,True,False,False,False
-0.5540677512436588,-0.19817587333920963,0.20868816949623997,1.2831038927863632,0,5,5,0,0.0,0,0,5,5,0,0.0,0,1,0,0,0.0,0.0,1.0,1.0,0,True,True,True,False,False,False,False,True,True,False,True,False,False,False,False,True,False,False,False,False,False,False,False,False,True,False,False
0.9684140695650034,-1.1840071230675797,-1.0965276411218332,-0.562167955812708,0,5,10,5,11.8,0,0,5,12,3,11.5,0,0,1,0,1.0,0.6,2.0,2.4,1,True,True,False,False,True,False,False,False,False,False,False,False,False,False,False,True,False,False,True,False,False,False,False,False,True,True,False
-0.5540677512436588,-0.425675392507295,-0.3852195538537822,-0.6939730878554988,0,6,0,0,0.0,0,0,6,0,0,0.0,0,0,0,0,0.0,0.0,0.0,0.0,0,True,True,False,False,False,False,False,False,False,False,True,False,True,False,False,True,False,False,False,True,False,False,False,False,True,False,False
2.4908958903736655,-0.12234270028318116,-0.012300750820047694,-0.6939730878554988,0,5,6,5,12.2,0,0,5,8,4,12.0,0,0,1,1,1.0,0.8,1.2,1.6,1,True,True,False,False,True,False,False,False,False,False,False,False,False,False,True,False,False,False,False,False,False,False,False,False,False,True,False
-0.5540677512436588,0.10515681888490426,-0.4404667839328548,0.4922731005296184,2,6,6,6,12.333333333333334,0,0,5,5,5,13.0,0,1,1,0,1.0,1.0,1.0,1.0,2,True,True,True,False,False,False,False,True,False,False,False,False,False,False,True,False,False,False,False,True,False,False,True,False,True,False,False
-0.5540677512436588,-0.19817587333920963,-0.03301846209969945,0.3604679684868276,0,6,7,6,12.428571428571429,0,0,6,6,6,12.833333333333334,0,1,1,0,1.0,1.0,1.1666666666666667,1.0,2,True,True,False,False,False,False,False,True,False,False,False,False,False,False,False,False,False,False,False,False,False,False,False,False,True,False,False
3.2521368007779965,-0.425675392507295,-0.4680903989723902,-0.562167955812708,0,7,7,7,12.765714285714289,0,0,8,9,8,13.544444444444444,0,0,1,0,1.0,1.0,1.0,1.125,2,True,False,False,True,False,False,False,False,False,False,False,False,False,False,False,True,False,False,False,True,False,False,True,False,True,True,False
-0.5540677512436588,-0.19817587333920963,-0.48190220649215837,2.732960345257062,0,7,11,5,12.1,0,0,7,10,5,12.6,0,1,1,0,0.7142857142857143,0.7142857142857143,1.5714285714285714,1.4285714285714286,0,False,True,False,True,False,False,False,True,False,False,False,False,False,False,True,False,False,False,True,False,False,False,False,False,True,False,False
0.2071731591606723,0.7118222033331321,0.7266309514875386,-0.562167955812708,0,5,10,5,12.0,0,0,5,9,5,11.5,0,0,1,0,1.0,1.0,2.0,1.8,2,True,True,False,False,False,False,False,False,False,False,False,False,False,False,False,False,False,False,False,False,False,False,True,False,True,False,False
-0.5540677512436588,-1.1840071230675797,0.06366419053867671,-0.4303628237699172,0,6,6,0,0.0,0,0,6,6,0,0.0,0,0,1,0,0.0,0.0,1.0,1.0,0,True,True,False,False,False,True,False,False,False,False,False,False,False,False,True,False,False,False,False,False,False,False,True,False,True,False,False
-0.5540677512436588,0.03690696313447821,0.8992785454846383,0.09685770440124603,0,6,10,6,14.88888888888889,0,0,6,11,6,13.727272727272728,0,1,1,1,1.0,1.0,1.6666666666666667,1.8333333333333333,1,True,True,False,False,False,True,False,True,False,False,False,False,False,False,False,True,False,False,False,True,False,False,False,True,True,False,False
-0.5540677512436588,2.3801520105657583,0.33299443717415245,1.0194936287007816,7,14,19,13,11.357142857142858,0,9,14,14,13,12.0,1,1,1,0,0.9285714285714286,0.9285714285714286,1.3571428571428572,1.0,2,False,False,True,False,False,False,False,True,False,False,False,False,False,False,False,False,False,False,False,False,False,False,False,False,True,False,False
-0.5540677512436588,-0.19817587333920963,0.13962913189740012,0.22866283644403682,0,6,6,6,13.5,0,0,6,6,6,12.5,0,1,1,0,1.0,1.0,1.0,1.0,2,True,False,False,False,False,True,False,True,False,False,False,False,False,False,False,False,False,False,False,False,False,False,True,False,True,False,False
1.7296549799693344,-0.425675392507295,-0.7719501644072858,-0.562167955812708,0,6,6,0,0.0,0,0,6,0,0,0.0,0,0,0,1,0.0,0.0,1.0,0.0,0,True,False,False,False,False,True,False,False,False,False,True,False,False,False,False,False,False,False,False,False,False,False,True,True,False,False,False
0.9684140695650034,0.5601558572210751,-0.03992436585958304,-0.6939730878554988,0,7,7,7,13.884285714285712,0,0,8,9,8,14.75,0,0,0,0,1.0,1.0,1.0,1.125,0,True,False,False,True,False,False,False,False,False,False,True,False,True,False,False,True,False,False,False,True,False,False,True,False,True,False,False
-0.5540677512436588,-0.19817587333920963,0.20868816949623997,-0.562167955812708,0,6,12,5,13.0,0,0,6,12,3,11.666666666666666,0,0,1,1,0.8333333333333334,0.5,2.0,2.0,1,True,False,False,True,False,False,False,True,False,False,False,False,False,False,True,False,False,False,False,False,False,False,True,False,False,False,False
0.9684140695650034,-0.8048412577874374,-0.8410092020061256,-0.562167955812708,0,7,11,4,12.65,0,0,7,9,5,11.1,0,0,0,0,0.5714285714285714,0.7142857142857143,1.5714285714285714,1.2857142857142858,1,True,False,False,True,False,False,False,False,False,False,True,False,False,False,True,False,False,False,False,True,False,False,True,False,True,True,False
-0.5540677512436588,2.2284856644537014,0.8025958928462621,-0.562167955812708,0,5,10,1,11.0,0,0,5,13,0,0.0,0,0,1,0,0.2,0.0,2.0,2.6,1,True,False,False,False,False,False,False,False,False,False,False,False,False,False,True,False,False,False,True,False,False,False,True,False,True,False,False
-0.5540677512436588,0.03690696313447821,-0.9722213734439208,0.09685770440124603,0,6,12,2,11.666666666666666,0,0,6,20,2,10.5,6,1,1,0,0.3333333333333333,0.3333333333333333,2.0,3.3333333333333335,0,True,False,False,False,False,False,False,True,False,False,False,False,False,False,True,False,False,False,True,False,False,False,False,False,True,False,False
-0.5540677512436588,-0.9565076038994943,-1.0619981223224133,-0.4303628237699172,0,6,6,6,14.5,0,0,6,6,6,12.666666666666666,0,0,0,0,1.0,1.0,1.0,1.0,2,True,False,False,False,False,True,False,False,False,False,True,False,True,False,False,True,False,False,False,True,False,False,False,False,True,False,False
-0.5540677512436588,2.0768193183416446,1.7279869966707162,-0.6939730878554988,0,6,7,6,14.714285714285714,0,0,6,7,6,14.166666666666666,0,0,1,0,1.0,1.0,1.1666666666666667,1.1666666666666667,2,True,False,False,False,False,False,False,False,False,False,False,False,False,False,True,False,False,False,False,True,False,False,False,False,True,False,False
-0.5540677512436588,0.6359890302771035,0.3882416672532231,-0.6939730878554988,0,6,7,6,13.285714285714286,0,0,6,6,6,14.333333333333334,0,0,1,0,1.0,1.0,1.1666666666666667,1.0,2,True,False,False,False,False,True,False,False,False,False,False,False,False,False,True,False,False,False,False,False,False,False,False,False,True,True,False
-0.5540677512436588,-0.577341738619352,-0.5923966666503017,-0.2985576917271264,0,5,13,3,11.333333333333334,2,0,5,12,2,10.5,1,0,1,0,0.6,0.4,2.6,2.4,1,True,False,False,True,False,False,False,False,False,False,False,False,False,False,True,False,False,False,False,False,False,False,True,False,True,False,False
-0.5540677512436588,-0.9565076038994943,-0.48190220649215837,0.6240782325724092,0,7,7,0,0.0,7,0,7,7,0,0.0,7,1,1,1,0.0,0.0,1.0,1.0,0,True,False,False,True,False,False,True,False,True,False,False,False,False,False,True,False,False,False,True,False,False,False,False,True,False,False,False
-0.5540677512436588,-0.3498422194512666,-0.33687822753459506,-0.6939730878554988,0,5,11,4,11.571428571428571,0,0,5,9,5,12.0,0,0,1,0,0.8,1.0,2.2,1.8,1,True,False,False,False,False,False,False,False,False,False,False,False,False,False,True,False,False,False,False,False,False,False,False,False,True,True,False
-0.5540677512436588,2.2284856644537014,1.0926438507613905,-0.6939730878554988,0,6,10,5,13.0,0,0,6,10,4,11.5,0,0,1,1,0.8333333333333334,0.6666666666666666,1.6666666666666667,1.6666666666666667,0,True,False,False,False,False,True,False,False,False,False,False,False,False,False,False,False,False,False,False,False,False,False,False,True,True,False,False
-0.5540677512436588,-0.19817587333920963,-0.15041882601772735,-0.6939730878554988,0,6,9,6,11.5,0,0,6,11,5,14.0,0,0,1,0,1.0,0.8333333333333334,1.5,1.8333333333333333,2,True,False,False,False,False,True,False,False,False,False,False,False,False,False,True,False,False,False,True,False,False,False,False,False,True,True,False
0.2071731591606723,0.10515681888490426,-0.04683026961946761,-0.6939730878554988,0,5,8,5,11.8,0,0,5,10,5,11.6,3,0,1,0,1.0,1.0,1.6,2.0,2,True,False,False,False,False,False,False,False,False,False,False,False,False,False,False,False,False,False,False,False,False,False,True,False,True,True,False
-0.5540677512436588,0.03690696313447821,-0.5509612440909982,-0.562167955812708,0,5,7,3,10.666666666666666,0,0,5,10,3,12.285714285714286,0,0,1,1,0.6,0.6,1.4,2.0,0,True,False,False,False,False,False,False,False,False,False,False,False,False,False,False,False,False,False,False,False,False,False,True,False,False,True,False
-0.5540677512436588,0.33265633805298966,-0.1435129222578428,-0.562167955812708,0,7,11,6,13.8875,0,0,8,9,8,14.864444444444445,0,0,1,0,0.8571428571428571,1.0,1.5714285714285714,1.125,2,True,False,False,True,False,False,False,False,False,False,False,False,False,False,False,True,False,False,False,False,False,False,False,False,True,True,False
-0.5540677512436588,0.03690696313447821,-0.620020281689838,-0.4303628237699172,0,6,7,5,11.4,0,0,6,9,6,11.5,0,0,1,1,0.8333333333333334,1.0,1.1666666666666667,1.5,2,True,False,False,False,False,True,False,False,False,False,False,False,False,False,False,False,False,False,False,False,False,False,False,True,True,True,False
-0.5540677512436588,-1.714839334459779,-1.863082958468955,1.414909024829154,9,11,17,9,12.333333333333334,0,3,7,12,7,12.142857142857142,0,1,1,0,0.8181818181818182,1.0,1.5454545454545454,1.7142857142857142,2,False,False,True,False,False,True,False,True,False,False,False,False,False,False,False,False,False,False,False,True,False,False,False,False,True,False,False
-0.5540677512436588,0.03690696313447821,-1.2415516200793966,2.073934685043108,0,7,8,5,12.16,0,0,7,8,5,12.16,0,1,1,0,0.7142857142857143,0.7142857142857143,1.1428571428571428,1.1428571428571428,1,False,False,False,True,False,False,False,True,False,False,False,False,False,False,False,False,False,False,False,False,False,False,True,False,True,False,False
0.9684140695650034,0.02932364582887579,0.2639353995753126,-0.562167955812708,0,8,8,8,13.427499999999998,0,0,8,8,8,13.427499999999998,0,0,0,0,1.0,1.0,1.0,1.0,2,True,False,False,True,False,False,False,False,False,False,True,False,False,False,False,True,False,False,True,False,False,False,True,False,True,False,False
-0.5540677512436588,-0.19817587333920963,-1.1724925824805565,0.09685770440124603,0,6,6,6,15.166666666666666,0,0,6,6,2,15.5,0,1,1,0,1.0,0.3333333333333333,1.0,1.0,2,True,False,False,False,False,True,False,True,False,False,False,False,False,False,True,False,False,False,True,False,False,False,True,False,True,False,False
-0.5540677512436588,1.3943207608373882,1.6589279590718764,-0.6939730878554988,0,6,12,0,0.0,1,0,6,0,0,0.0,0,0,1,0,0.0,0.0,2.0,0.0,0,True,False,False,False,False,True,True,False,False,False,False,False,False,False,False,False,True,False,True,False,False,False,True,False,True,False,True
-0.5540677512436588,-0.577341738619352,0.2777472070950798,-0.562167955812708,0,5,11,2,10.5,2,0,5,9,0,0.0,3,0,1,0,0.4,0.0,2.2,1.8,0,True,True,False,False,False,True,False,False,False,False,False,False,False,False,False,True,False,False,False,False,False,False,True,False,True,False,False
-0.5540677512436588,1.9251529722295875,1.948975916987003,-0.6939730878554988,0,5,5,5,11.8,0,0,5,8,3,11.0,0,0,1,0,1.0,0.6,1.0,1.6,2,True,True,False,False,False,False,False,False,False,False,False,False,False,False,False,True,False,False,False,False,False,False,False,False,True,True,False
0.2071731591606723,-0.3498422194512666,-0.4128431688933185,-0.4303628237699172,0,5,6,5,13.2,0,0,5,10,5,11.4,3,0,0,1,1.0,1.0,1.2,2.0,1,True,True,False,False,False,False,False,False,False,False,True,False,False,False,False,True,False,False,False,True,False,False,True,True,True,False,False
3.2521368007779965,0.02932364582887579,-0.5026199177718101,-0.562167955812708,2,7,8,7,13.075,0,1,8,11,8,12.36111111111111,0,0,1,1,1.0,1.0,1.1428571428571428,1.375,2,True,True,False,True,False,False,False,False,False,False,False,False,False,False,False,False,False,False,False,False,False,False,True,True,True,False,False
-0.5540677512436588,0.40848951110901816,0.2777472070950798,-0.562167955812708,0,6,8,4,11.6,0,0,6,14,2,13.0,0,0,0,0,0.6666666666666666,0.3333333333333333,1.3333333333333333,2.3333333333333335,0,True,True,False,False,False,True,False,False,False,False,True,False,False,False,False,True,False,False,True,False,False,False,True,False,True,False,False
-0.5540677512436588,-0.5015085655633235,-0.6959852230485615,-0.562167955812708,0,6,10,6,13.666666666666666,0,0,6,10,4,12.25,0,0,0,0,1.0,0.6666666666666666,1.6666666666666667,1.6666666666666667,0,True,True,False,False,False,True,False,False,False,False,False,False,True,False,True,False,False,False,False,True,False,False,False,False,True,False,False
-0.5540677512436588,0.5601558572210751,0.20868816949623997,2.3375449491286897,0,5,9,4,10.75,0,0,5,7,2,10.0,0,1,1,0,0.8,0.4,1.8,1.4,0,False,True,True,False,False,False,False,True,False,False,False,False,False,False,False,False,False,False,False,False,False,False,True,False,True,False,False
0.2071731591606723,0.7876553763891605,0.7473486627671915,-0.562167955812708,0,7,10,6,13.492857142857144,0,0,8,9,8,12.68888888888889,0,0,0,0,0.8571428571428571,1.0,1.4285714285714286,1.125,2,True,True,False,True,False,False,False,False,False,False,True,False,True,False,False,True,False,False,False,True,False,False,False,False,True,False,False
0.9684140695650034,0.18098999194093274,-0.33687822753459506,-0.562167955812708,0,6,14,3,12.5,0,0,6,9,4,11.0,0,0,0,0,0.5,0.6666666666666666,2.3333333333333335,1.5,1,True,True,False,False,False,False,False,True,False,False,True,False,True,False,False,True,False,False,False,True,False,False,False,False,True,False,False
-0.5540677512436588,-0.9565076038994943,-0.48190220649215837,-0.034947427641544786,0,7,0,0,0.0,0,0,8,0,0,0.0,0,0,1,1,0.0,0.0,0.0,0.0,0,True,True,False,True,False,False,True,False,True,False,False,False,False,False,False,False,False,False,False,False,False,False,True,False,False,False,False
-0.5540677512436588,1.166821241669303,0.41586528229275943,-0.6939730878554988,0,5,12,5,13.285714285714286,0,0,5,16,5,14.8,0,0,1,0,1.0,1.0,2.4,3.2,0,True,True,False,False,True,False,False,False,False,False,False,False,False,False,False,False,False,False,False,False,False,False,False,False,True,False,False
-0.5540677512436588,-0.5015085655633235,-0.8133855869665894,-0.562167955812708,0,5,6,5,12.6,0,0,5,13,5,11.8,5,0,0,0,1.0,1.0,1.2,2.6,2,True,True,False,False,False,False,False,False,False,False,True,False,False,False,False,True,False,False,False,True,False,False,False,False,True,False,False
-0.5540677512436588,2.0768193183416446,2.280459297461435,-0.4303628237699172,0,6,7,6,14.0,0,0,6,7,6,14.666666666666666,0,0,0,0,1.0,1.0,1.1666666666666667,1.1666666666666667,2,True,True,False,False,False,True,True,False,False,True,True,False,True,False,False,True,False,False,False,False,False,False,True,False,True,False,False
-0.5540677512436588,0.5601558572210751,-1.4280110215962643,1.546714156871945,0,5,7,2,11.5,0,0,5,8,2,10.5,0,1,1,1,0.4,0.4,1.4,1.6,0,True,True,False,True,False,False,False,True,False,False,False,False,False,False,False,False,False,True,False,False,False,True,False,True,False,False,False
0.2071731591606723,0.03690696313447821,-1.6559058456724354,1.414909024829154,0,6,6,0,0.0,0,0,6,9,0,0.0,0,1,1,1,0.0,0.0,1.0,1.5,0,False,True,False,False,False,False,False,True,False,False,False,False,False,False,False,False,False,True,False,False,False,True,False,False,False,False,False
-0.5540677512436588,0.25682316499696123,0.6230423950892789,-0.562167955812708,0,6,6,6,11.833333333333334,0,0,6,8,6,12.875,0,0,0,1,1.0,1.0,1.0,1.3333333333333333,2,True,False,False,False,False,True,False,False,False,False,True,False,True,False,False,False,False,False,False,False,False,False,True,True,False,True,False
-0.5540677512436588,1.3184875877813598,1.348162289877097,-0.16675255968433558,0,6,10,5,11.5,0,0,6,8,5,12.4,0,0,1,1,0.8333333333333334,0.8333333333333334,1.6666666666666667,1.3333333333333333,2,True,True,False,False,False,True,False,True,False,False,False,False,False,False,False,False,False,False,False,False,False,False,True,True,False,False,True
0.9684140695650034,-0.19817587333920963,0.30537082213461614,-0.4303628237699172,0,6,6,6,14.166666666666666,0,0,6,8,6,12.333333333333334,0,0,0,0,1.0,1.0,1.0,1.3333333333333333,2,True,True,False,False,False,True,False,False,False,False,False,False,True,False,True,False,False,False,False,True,False,False,False,False,True,False,False
-0.5540677512436588,-0.19817587333920963,0.20868816949623997,0.4922731005296184,2,2,2,2,12.5,0,0,5,6,2,12.5,0,1,0,0,1.0,0.4,1.0,1.2,1,False,True,True,False,False,False,False,True,False,False,True,False,True,False,False,True,False,False,False,True,False,False,False,False,True,False,False
-0.5540677512436588,-1.714839334459779,0.6921014326881187,0.8876884966579909,0,5,5,0,0.0,0,0,5,5,0,0.0,0,1,1,1,0.0,0.0,1.0,1.0,0,False,True,False,False,True,False,False,True,False,False,False,False,False,False,False,False,True,False,True,False,False,False,False,True,True,False,False
-0.5540677512436588,-1.714839334459779,-0.07445388465900295,1.414909024829154,0,5,7,0,0.0,0,0,5,8,1,11.0,0,1,1,0,0.0,0.2,1.4,1.6,1,True,True,False,False,True,False,False,True,False,False,False,False,False,False,True,False,False,False,True,False,False,False,False,False,True,False,False
-0.5540677512436588,-0.8806744308434659,-1.0412804110427605,-0.4303628237699172,0,6,14,2,10.5,0,0,6,16,0,0.0,0,0,1,1,0.3333333333333333,0.0,2.3333333333333335,2.6666666666666665,0,True,True,False,False,False,False,False,False,False,False,False,False,False,False,True,False,False,False,True,False,False,False,True,False,False,False,False
-0.5540677512436588,-0.425675392507295,0.29155901461484696,-0.6939730878554988,0,6,6,6,11.833333333333334,0,0,6,6,6,13.166666666666666,0,0,1,0,1.0,1.0,1.0,1.0,2,True,True,False,False,False,True,False,False,False,False,False,False,False,False,False,False,False,False,True,False,False,False,True,False,True,False,False
-0.5540677512436588,0.5601558572210751,0.29155901461484696,0.3604679684868276,0,5,9,0,0.0,0,0,5,6,0,0.0,0,1,1,0,0.0,0.0,1.8,1.2,0,True,True,False,False,False,True,False,False,False,False,False,False,False,False,True,False,False,False,True,False,False,False,False,False,True,True,False
-0.5540677512436588,-0.19817587333920963,0.8992785454846383,0.3604679684868276,0,5,5,5,12.4,0,0,5,5,5,12.4,0,1,1,0,1.0,1.0,1.0,1.0,2,True,True,True,False,False,False,False,True,False,False,False,False,False,False,False,True,False,False,False,False,False,False,False,False,True,False,False
0.2071731591606723,-0.19817587333920963,-0.3783136500938986,0.3604679684868276,0,5,5,2,10.5,0,0,5,9,0,0.0,0,1,1,1,0.4,0.0,1.0,1.8,0,True,True,False,False,False,False,False,True,False,False,False,False,False,False,True,False,False,False,False,False,False,False,False,False,False,False,False
-0.5540677512436588,-2.473171065020064,1.831575553068976,1.0194936287007816,0,5,9,0,0.0,0,0,5,6,0,0.0,0,1,1,1,0.0,0.0,1.8,1.2,0,True,True,True,False,False,False,False,True,False,False,False,False,False,False,False,False,False,False,False,False,False,False,False,True,False,False,False
0.9684140695650034,0.48432268416504665,1.051208428202085,-0.4303628237699172,6,12,12,12,14.583333333333334,0,4,11,14,11,14.333333333333334,0,0,1,0,1.0,1.0,1.0,1.2727272727272727,2,True,True,False,False,False,True,False,False,False,False,False,False,False,False,False,False,False,False,False,False,False,False,True,False,True,True,False
-0.5540677512436588,1.3184875877813598,0.28465311085496336,-0.562167955812708,0,6,6,6,11.666666666666666,0,0,6,10,3,12.666666666666666,0,0,1,0,1.0,0.5,1.0,1.6666666666666667,2,True,True,False,False,False,True,False,False,False,False,False,False,False,False,False,False,True,False,False,False,True,False,True,False,True,False,False
-0.5540677512436588,0.03690696313447821,0.25012359205554346,-0.034947427641544786,0,5,5,0,0.0,0,0,5,5,0,0.0,0,0,0,1,0.0,0.0,1.0,1.0,0,True,True,False,False,False,False,False,False,False,False,False,False,True,False,False,False,False,False,False,True,False,False,True,True,False,False,False
3.2521368007779965,-1.0323407769555228,-0.8271973944863575,-0.4303628237699172,0,7,14,1,13.0,0,0,7,15,0,0.0,0,0,1,0,0.14285714285714285,0.0,2.0,2.142857142857143,0,True,True,False,True,False,False,False,False,False,False,False,False,False,False,True,False,False,False,True,False,False,False,True,False,True,True,False
-0.5540677512436588,2.8351510489019294,-0.1366070184979592,-0.4303628237699172,0,7,7,7,15.66,0,7,10,11,9,15.011111111111113,0,0,1,0,1.0,0.9,1.0,1.1,2,True,True,False,True,False,False,False,True,False,False,False,False,False,False,True,False,False,False,False,False,False,False,False,False,True,False,False
-0.5540677512436588,0.03690696313447821,-2.0357305524660547,0.7558833646152,0,6,10,0,0.0,1,0,5,10,0,0.0,0,1,1,0,0.0,0.0,1.6666666666666667,2.0,0,True,True,True,False,False,True,False,True,False,False,False,False,False,False,False,False,True,False,False,False,True,False,True,False,True,False,False
1.7296549799693344,0.02932364582887579,0.5125479349311356,-0.4303628237699172,0,6,6,6,12.166666666666666,0,0,6,8,4,12.75,0,0,1,0,1.0,0.6666666666666666,1.0,1.3333333333333333,2,True,True,False,False,False,True,False,False,False,False,False,False,False,False,False,False,False,False,False,False,False,False,True,False,True,True,False
-0.5540677512436588,-0.577341738619352,-0.5647730516107663,0.09685770440124603,0,7,7,6,13.3,0,0,7,7,6,13.3,0,1,1,0,0.8571428571428571,0.8571428571428571,1.0,1.0,2,True,True,False,True,False,False,False,False,False,False,False,False,False,False,False,False,False,False,False,False,False,False,False,False,True,False,False
-0.5540677512436588,0.03690696313447821,-1.1379630636811366,1.8103244209575264,0,7,15,0,0.0,0,0,7,13,0,0.0,1,1,0,0,0.0,0.0,2.142857142857143,1.8571428571428572,0,True,True,False,True,False,False,False,True,False,False,False,True,False,False,False,True,False,False,False,False,False,False,False,False,True,False,False
2.4908958903736655,0.7876553763891605,-0.2540073824159871,-0.6939730878554988,0,7,0,0,0.0,0,0,8,0,0,0.0,0,0,1,0,0.0,0.0,0.0,0.0,0,True,True,False,True,False,False,False,False,False,False,False,False,False,False,True,False,False,False,True,False,False,False,True,False,True,False,False
0.2071731591606723,-0.425675392507295,0.8716549304451019,-0.6939730878554988,0,0,0,0,0.0,0,0,0,0,0,0.0,0,0,0,1,0.0,0.0,0.0,0.0,0,True,True,False,False,False,True,False,False,False,False,True,False,False,False,True,False,False,False,True,False,False,False,True,True,False,True,False
-0.5540677512436588,1.849319799173559,0.8164077003660313,-0.6939730878554988,0,8,8,7,13.55714285714286,0,0,8,8,7,13.55714285714286,0,0,0,0,0.875,0.875,1.0,1.0,2,True,True,False,True,False,False,False,False,False,False,False,False,True,False,True,False,False,False,False,False,False,False,False,False,True,False,False
-0.5540677512436588,2.0768193183416446,2.280459297461435,2.3375449491286897,3,7,15,5,14.333333333333334,0,1,6,16,6,14.636363636363637,0,1,1,1,0.7142857142857143,1.0,2.142857142857143,2.6666666666666665,1,False,True,False,False,True,False,True,False,False,True,False,False,False,False,False,False,False,False,False,False,False,False,False,True,True,False,False
-0.5540677512436588,0.5601558572210751,0.8992785454846383,1.546714156871945,0,6,16,4,12.0,0,0,6,11,3,10.333333333333334,0,1,1,0,0.6666666666666666,0.5,2.6666666666666665,1.8333333333333333,0,True,True,False,False,False,True,False,True,False,False,False,False,False,False,False,False,False,False,True,False,False,False,False,False,True,False,False
-0.5540677512436588,-0.3498422194512666,-0.6062084741700698,-0.562167955812708,0,5,5,0,0.0,0,0,6,0,0,0.0,0,0,1,0,0.0,0.0,1.0,0.0,0,True,False,False,False,False,False,False,False,False,False,False,False,False,False,False,False,False,False,False,False,False,False,False,False,True,False,False
-0.5540677512436588,0.9393217225012175,1.63130434403234,-0.6939730878554988,0,0,0,0,0.0,0,0,0,0,0,0.0,0,0,1,0,0.0,0.0,0.0,0.0,2,True,True,False,False,False,True,False,False,False,False,False,False,False,False,False,False,False,False,True,False,False,False,True,False,True,False,False
-0.5540677512436588,0.03690696313447821,-0.8133855869665894,3.2601808734282254,0,7,11,4,11.75,0,0,7,14,3,11.725,0,1,1,0,0.5714285714285714,0.42857142857142855,1.5714285714285714,2.0,1,False,False,False,True,False,False,False,True,False,False,False,False,False,False,False,False,False,False,False,False,False,False,False,False,True,False,False
-0.5540677512436588,-0.04650952722715268,-0.06754798089911936,-0.562167955812708,0,7,7,6,12.183333333333332,0,0,7,7,6,12.183333333333332,0,0,0,0,0.8571428571428571,0.8571428571428571,1.0,1.0,2,True,False,False,True,False,False,False,False,False,False,False,False,True,False,False,False,False,False,False,True,False,False,True,False,True,False,False
-0.5540677512436588,2.0768193183416446,2.280459297461435,0.8876884966579909,4,9,18,6,11.833333333333334,0,1,8,21,4,11.0,0,1,1,1,0.6666666666666666,0.5,2.0,2.625,0,True,True,False,False,False,True,True,False,False,True,False,False,False,False,False,False,False,False,False,False,False,False,True,False,False,False,False
-0.5540677512436588,2.0768193183416446,2.280459297461435,3.6555962695565976,0,4,4,0,0.0,0,0,4,4,0,0.0,0,1,1,1,0.0,0.0,1.0,1.0,0,False,True,False,False,False,True,False,True,False,False,False,False,False,False,True,False,False,False,False,False,True,False,False,True,False,False,False
-0.5540677512436588,3.9271487409087396,3.965499814873127,-0.6939730878554988,0,6,8,6,15.0,0,0,6,10,5,14.333333333333334,0,0,0,0,1.0,0.8333333333333334,1.3333333333333333,1.6666666666666667,2,True,False,False,True,False,False,True,False,False,False,True,False,False,False,False,True,False,False,False,False,False,False,False,False,True,False,True
-0.5540677512436588,1.2426544147253313,2.0042231470660754,-0.6939730878554988,0,0,0,0,0.0,0,0,0,0,0,0.0,0,0,1,0,0.0,0.0,0.0,0.0,2,True,False,False,False,False,True,False,False,False,False,False,False,False,False,False,False,False,False,False,True,False,False,True,False,True,False,False
-0.5540677512436588,1.015154895557246,1.6036807289928037,-0.6939730878554988,0,0,0,0,0.0,0,0,0,0,0,0.0,0,0,0,0,0.0,0.0,0.0,0.0,2,True,False,False,False,False,True,False,False,False,False,True,False,True,False,True,False,False,False,True,False,False,False,True,False,True,False,False
2.4908958903736655,0.48432268416504665,-0.04683026961946761,-0.6939730878554988,0,8,8,8,13.435,0,0,8,8,8,13.435,0,0,1,0,1.0,1.0,1.0,1.0,2,True,False,False,True,False,False,False,False,False,False,False,False,False,False,False,False,False,False,False,False,False,False,True,False,True,True,False
-0.5540677512436588,1.4701539338934166,1.320538674837561,-0.6939730878554988,0,5,8,4,13.5,2,0,5,9,0,0.0,3,0,0,0,0.8,0.0,1.6,1.8,0,True,False,False,False,False,True,False,False,False,False,True,False,False,True,True,False,False,False,False,True,False,False,True,False,True,False,False
-0.5540677512436588,1.0909880686132745,1.2652914447584902,-0.6939730878554988,0,0,0,0,0.0,0,0,0,0,0,0.0,0,0,0,0,0.0,0.0,0.0,0.0,1,True,False,False,False,False,True,False,False,False,False,True,False,True,False,True,False,False,False,False,False,False,False,True,False,True,False,False
-0.5540677512436588,-0.8806744308434659,-0.702891126808446,-0.034947427641544786,15,17,18,17,11.5,0,16,17,17,17,12.176470588235292,0,0,1,0,1.0,1.0,1.0588235294117647,1.0,2,True,False,False,False,False,True,False,False,False,False,False,False,False,False,True,False,False,False,False,True,False,False,True,False,True,False,False
-0.5540677512436588,-0.6531749116753804,0.3537121484538032,-0.562167955812708,0,6,10,2,10.5,0,0,6,6,3,11.0,0,0,1,0,0.3333333333333333,0.5,1.6666666666666667,1.0,1,True,False,False,False,False,True,False,False,False,False,False,False,False,False,False,False,False,False,False,False,False,False,True,False,True,False,False
-0.5540677512436588,-2.0940051997399216,-1.6835294607119717,-0.2985576917271264,0,6,13,4,12.0,0,0,6,17,2,11.5,0,0,1,0,0.6666666666666666,0.3333333333333333,2.1666666666666665,2.8333333333333335,1,True,False,False,True,False,False,False,False,False,False,False,False,False,False,False,False,False,False,False,False,False,False,False,False,True,False,False
-0.5540677512436588,-0.8806744308434659,-1.0136567960032252,-0.6939730878554988,0,6,7,5,12.2,0,0,6,11,4,11.5,0,0,0,1,0.8333333333333334,0.6666666666666666,1.1666666666666667,1.8333333333333333,0,True,False,False,False,False,True,False,False,False,False,True,False,True,False,False,True,False,False,False,True,False,False,True,True,False,False,False
-0.5540677512436588,0.7876553763891605,1.9558818207468884,-0.6939730878554988,0,0,0,0,0.0,0,0,0,0,0,0.0,0,0,1,0,0.0,0.0,0.0,0.0,2,True,False,False,False,False,True,False,False,False,False,False,False,False,False,True,False,False,False,False,True,False,False,True,False,True,False,False
-0.5540677512436588,1.3184875877813598,1.8522932643486287,-0.2985576917271264,7,11,15,10,14.5,0,4,9,15,8,14.0,0,0,0,0,0.9090909090909091,0.8888888888888888,1.3636363636363635,1.6666666666666667,2,True,False,False,True,False,False,True,False,False,True,True,False,False,False,False,True,False,False,False,False,False,False,True,False,True,False,False
-0.5540677512436588,-0.5015085655633235,-1.1724925824805565,-0.4303628237699172,0,6,7,6,13.333333333333334,0,0,6,8,6,12.666666666666666,0,0,1,1,1.0,1.0,1.1666666666666667,1.3333333333333333,2,True,False,False,False,False,True,False,True,False,False,False,False,False,False,False,True,False,False,False,False,True,False,False,True,True,False,False
-0.5540677512436588,0.03690696313447821,0.08438190181832748,0.09685770440124603,5,11,29,9,12.0,6,4,10,21,9,12.555555555555555,0,1,1,0,0.8181818181818182,0.9,2.6363636363636362,2.1,2,True,False,False,True,False,False,False,True,False,False,False,False,False,False,True,False,False,False,True,False,False,False,False,False,True,False,False
-0.5540677512436588,-0.425675392507295,-0.454278591452622,-0.6939730878554988,0,6,9,6,15.125,0,0,6,9,6,14.0,0,0,1,0,1.0,1.0,1.5,1.5,2,True,False,False,False,False,True,False,False,False,False,False,False,False,False,True,False,False,False,True,False,False,False,True,False,True,False,False
-0.5540677512436588,2.0768193183416446,1.797046034269556,-0.6939730878554988,0,7,7,6,13.116666666666667,0,0,7,7,6,13.116666666666667,0,0,1,0,0.8571428571428571,0.8571428571428571,1.0,1.0,2,True,False,False,True,False,False,False,False,False,False,False,False,False,False,True,False,False,False,False,False,False,False,True,False,True,False,False
-0.5540677512436588,-0.8806744308434659,-0.6269261854497216,-0.562167955812708,0,6,7,6,12.833333333333334,0,0,6,7,6,11.666666666666666,0,0,1,0,1.0,1.0,1.1666666666666667,1.1666666666666667,2,True,False,False,False,False,True,False,False,False,False,False,False,False,False,False,False,False,False,False,False,False,False,True,False,True,False,False
-0.5540677512436588,1.3184875877813598,1.2860091560381408,-0.4303628237699172,3,6,6,6,13.333333333333334,0,2,6,6,6,14.166666666666666,0,0,1,0,1.0,1.0,1.0,1.0,2,True,False,False,False,False,True,True,False,False,True,False,False,False,False,True,False,False,False,False,False,False,False,True,False,True,True,False
3.2521368007779965,-1.1840071230675797,-0.4957140140119265,-0.6939730878554988,0,7,7,7,13.877142857142855,0,0,8,8,8,15.6625,0,0,0,0,1.0,1.0,1.0,1.0,2,True,False,False,True,False,False,False,False,False,False,True,False,False,False,True,False,False,False,False,False,False,False,True,False,True,False,False
3.2521368007779965,0.6359890302771035,-0.012300750820047694,-0.6939730878554988,0,8,8,7,12.944285714285714,0,0,8,8,7,12.944285714285714,0,0,1,0,0.875,0.875,1.0,1.0,2,True,False,False,True,False,False,False,False,False,False,False,False,False,False,False,False,False,False,False,False,False,False,True,False,True,False,False
-0.5540677512436588,-1.5631729883477221,-1.4418228291160324,-0.562167955812708,0,6,8,5,12.333333333333334,0,0,6,8,5,11.0,0,0,0,0,0.8333333333333334,0.8333333333333334,1.3333333333333333,1.3333333333333333,1,True,False,False,False,False,True,False,False,False,False,True,False,False,False,False,True,False,False,False,False,False,False,True,False,True,False,False
-0.5540677512436588,1.166821241669303,0.7128191439677715,-0.562167955812708,0,7,7,6,14.266666666666666,0,0,7,7,6,14.266666666666666,0,0,0,0,0.8571428571428571,0.8571428571428571,1.0,1.0,2,True,False,False,True,False,False,False,False,False,False,True,False,True,False,False,True,False,False,False,True,False,False,True,False,True,False,False
0.2071731591606723,-0.9565076038994943,-0.7926678756869375,-0.6939730878554988,0,6,8,5,13.0,0,0,6,8,5,14.0,0,0,0,0,0.8333333333333334,0.8333333333333334,1.3333333333333333,1.3333333333333333,2,True,False,False,False,False,False,False,False,False,False,True,False,False,False,True,False,False,False,True,False,False,False,True,False,True,False,False
0.2071731591606723,-0.04650952722715268,0.03604057549914038,-0.4303628237699172,0,8,8,8,12.48375,0,0,8,8,8,12.48375,0,0,1,0,1.0,1.0,1.0,1.0,2,True,False,False,True,False,False,False,False,False,False,False,False,False,False,True,False,False,False,False,False,False,False,True,False,True,False,False
0.2071731591606723,-0.577341738619352,-0.7374206456078659,-0.6939730878554988,0,7,8,7,13.428571428571429,0,0,8,8,8,15.3125,0,0,1,0,1.0,1.0,1.1428571428571428,1.0,2,True,False,False,True,False,False,False,False,False,False,False,False,False,False,False,False,False,False,False,True,False,False,True,False,True,False,False
0.9684140695650034,-0.7290080847314089,-0.951503662164269,-0.6939730878554988,0,6,9,3,10.666666666666666,0,0,6,12,0,0.0,0,0,1,1,0.5,0.0,1.5,2.0,0,False,False,True,False,False,True,False,False,False,False,False,False,False,False,False,True,False,False,False,True,False,False,False,True,False,False,False
-0.5540677512436588,0.7118222033331321,0.3882416672532231,-0.6939730878554988,0,6,8,5,15.4,0,0,6,7,5,12.2,0,0,1,0,0.8333333333333334,0.8333333333333334,1.3333333333333333,1.1666666666666667,2,True,False,False,False,False,True,False,False,False,False,False,False,False,False,False,False,False,False,True,False,False,False,True,False,True,False,False
1.7296549799693344,1.166821241669303,0.34680624469391963,-0.6939730878554988,0,7,7,6,13.45,0,0,7,7,6,13.45,0,0,1,0,0.8571428571428571,0.8571428571428571,1.0,1.0,2,True,False,False,True,False,False,False,False,False,False,False,False,False,False,True,False,False,False,False,False,False,False,True,False,True,False,False
2.4908958903736655,0.25682316499696123,0.2294058807758927,-0.6939730878554988,0,7,7,6,12.6,0,0,7,7,6,12.6,0,0,1,0,0.8571428571428571,0.8571428571428571,1.0,1.0,2,True,False,False,True,False,False,False,False,False,False,False,False,False,False,True,False,False,False,False,False,False,False,True,False,True,True,False
1.7296549799693344,-0.7290080847314089,-0.7097970305683295,-0.4303628237699172,0,7,7,7,12.485714285714286,0,0,8,12,8,12.9375,0,0,1,0,1.0,1.0,1.0,1.5,2,True,False,False,True,False,False,False,False,False,False,False,False,False,False,False,False,False,False,False,False,False,False,True,False,True,False,False
0.2071731591606723,0.18098999194093274,0.4849243198915993,-0.16675255968433558,0,6,10,5,10.8,0,0,6,7,5,12.8,0,0,1,0,0.8333333333333334,0.8333333333333334,1.6666666666666667,1.1666666666666667,2,True,False,False,False,False,True,False,False,False,False,False,False,False,False,False,False,False,False,False,False,False,False,True,False,True,True,False
-0.5540677512436588,1.3943207608373882,-1.863082958468955,-0.4303628237699172,0,6,12,5,12.2,0,0,6,8,5,14.6,0,0,1,1,0.8333333333333334,0.8333333333333334,2.0,1.3333333333333333,1,True,False,False,False,False,False,False,True,False,False,False,False,False,False,False,True,False,False,False,True,False,False,False,True,True,False,False
-0.5540677512436588,0.5601558572210751,0.8992785454846383,-0.4303628237699172,2,6,11,5,14.2,0,0,6,12,2,13.5,0,0,1,0,0.8333333333333334,0.3333333333333333,1.8333333333333333,2.0,1,True,False,False,True,False,False,True,False,False,True,False,False,False,False,False,True,False,False,False,False,False,False,True,False,True,False,False
0.2071731591606723,0.25682316499696123,0.8440313154055656,-0.6939730878554988,0,6,7,6,13.833333333333334,0,0,6,6,6,14.0,0,0,1,0,1.0,1.0,1.1666666666666667,1.0,2,True,False,False,False,False,True,False,False,False,False,False,False,False,False,False,False,False,False,False,False,False,False,True,False,True,False,False
-0.5540677512436588,0.7118222033331321,0.3882416672532231,-0.6939730878554988,0,6,8,5,12.8,0,0,6,14,3,10.0,0,0,1,0,0.8333333333333334,0.5,1.3333333333333333,2.3333333333333335,1,True,False,False,False,False,True,False,False,False,False,False,False,False,False,False,False,False,False,False,True,False,False,False,False,True,False,False
0.9684140695650034,0.7118222033331321,0.16725274693693645,-0.6939730878554988,0,5,5,5,13.2,0,0,5,6,4,12.5,0,0,1,0,1.0,0.8,1.0,1.2,2,True,False,False,False,False,False,False,False,False,False,False,False,False,False,True,False,False,False,False,True,False,False,False,False,True,False,False
-0.5540677512436588,-0.425675392507295,-0.09517159593865569,-0.6939730878554988,0,6,7,1,14.0,0,0,6,6,0,0.0,0,0,1,1,0.16666666666666666,0.0,1.1666666666666667,1.0,0,True,False,False,False,False,False,False,False,False,False,False,False,False,False,True,False,False,False,False,False,False,False,False,True,True,True,False
-0.5540677512436588,-0.12234270028318116,0.16034684317705286,-0.562167955812708,4,8,8,8,13.875,0,1,6,8,5,14.0,0,0,1,0,1.0,0.8333333333333334,1.0,1.3333333333333333,2,True,False,False,False,False,True,False,False,False,False,False,False,False,False,True,False,False,False,False,False,False,False,False,False,True,False,False
-0.5540677512436588,0.10515681888490426,0.09819370933809662,-0.562167955812708,0,5,7,5,12.5,0,0,5,8,5,12.714285714285714,0,0,1,0,1.0,1.0,1.4,1.6,2,True,False,False,True,False,False,False,False,False,False,False,False,False,False,False,False,False,False,True,False,False,False,True,False,True,True,False
0.2071731591606723,0.7118222033331321,0.8923726417247547,-0.6939730878554988,0,6,7,6,13.428571428571429,0,0,6,6,6,12.5,0,0,1,0,1.0,1.0,1.1666666666666667,1.0,2,True,False,False,False,False,True,False,False,False,False,False,False,False,False,False,False,False,False,False,False,False,False,False,False,True,True,False
-0.5540677512436588,-0.7290080847314089,-0.15041882601772735,-0.6939730878554988,0,6,7,5,11.8,0,0,6,7,5,13.0,0,0,1,1,0.8333333333333334,0.8333333333333334,1.1666666666666667,1.1666666666666667,1,True,False,False,False,False,True,False,False,False,False,False,False,False,False,False,False,False,False,True,False,False,False,False,False,False,True,False
0.9684140695650034,0.02932364582887579,0.10509961309798022,-0.6939730878554988,0,7,7,7,14.868571428571428,0,0,8,9,8,15.11111111111111,0,0,1,0,1.0,1.0,1.0,1.125,2,True,False,False,True,False,False,False,False,False,False,False,False,False,False,False,False,False,False,False,False,False,False,True,False,True,True,False
1.7296549799693344,-0.577341738619352,-0.6338320892096062,-0.6939730878554988,0,7,10,7,13.03,0,0,8,8,8,13.21875,0,0,1,0,1.0,1.0,1.4285714285714286,1.0,2,True,False,False,True,False,False,False,False,False,False,False,False,False,False,False,True,False,False,False,True,False,False,True,False,True,False,False
-0.5540677512436588,-0.9565076038994943,-0.8202914907264739,-0.562167955812708,0,6,7,6,14.571428571428571,0,0,6,7,6,12.333333333333334,0,0,1,0,1.0,1.0,1.1666666666666667,1.1666666666666667,2,True,False,False,False,False,False,False,False,False,False,False,False,False,False,True,False,False,False,False,False,False,False,True,False,True,False,False
0.2071731591606723,-0.577341738619352,-0.620020281689838,-0.6939730878554988,0,6,9,5,11.0,0,0,6,9,4,11.25,0,0,1,0,0.8333333333333334,0.6666666666666666,1.5,1.5,2,True,False,False,False,False,True,False,False,False,False,False,False,False,False,False,True,False,False,False,True,False,False,True,False,True,False,False
-0.5540677512436588,0.03690696313447821,-0.48190220649215837,0.22866283644403682,0,8,8,8,13.3675,0,0,8,8,8,13.3675,0,1,1,0,1.0,1.0,1.0,1.0,2,True,False,False,True,False,False,False,True,False,False,False,False,False,False,False,False,False,False,True,False,False,False,False,False,True,True,False
1.7296549799693344,0.03690696313447821,-0.5095258215316947,-0.562167955812708,0,7,7,6,12.808333333333332,0,0,8,11,7,12.825714285714286,0,0,1,0,0.8571428571428571,0.875,1.0,1.375,2,True,False,False,True,False,False,False,False,False,False,False,False,False,False,False,False,False,False,False,False,False,False,True,False,True,True,False
3.2521368007779965,0.7876553763891605,0.4296770898125266,-0.6939730878554988,0,7,7,7,13.918571428571427,0,0,8,9,8,13.8875,0,0,1,0,1.0,1.0,1.0,1.125,2,True,False,False,True,False,False,False,False,False,False,False,False,False,False,False,True,False,False,False,True,False,False,True,False,True,False,False
-0.5540677512436588,1.0909880686132745,1.0235848131625507,-0.562167955812708,0,6,8,6,13.0,0,0,6,9,4,12.8,0,0,0,0,1.0,0.6666666666666666,1.3333333333333333,1.5,2,True,False,False,False,False,True,False,False,False,False,True,False,False,False,False,True,False,False,False,False,False,False,True,False,True,False,False
-0.5540677512436588,0.7118222033331321,0.2294058807758927,-0.6939730878554988,0,7,7,6,13.683333333333332,0,0,7,7,6,13.683333333333332,0,0,1,0,0.8571428571428571,0.8571428571428571,1.0,1.0,2,False,False,False,True,False,False,False,False,False,False,False,False,False,False,True,False,False,False,True,False,False,False,False,False,True,False,False
-0.5540677512436588,1.3184875877813598,-1.863082958468955,0.09685770440124603,1,6,11,5,13.0,0,1,6,12,1,12.0,0,1,1,0,0.8333333333333334,0.16666666666666666,1.8333333333333333,2.0,0,True,False,False,True,False,False,False,True,False,False,False,False,False,False,True,False,False,False,False,False,False,False,False,False,True,False,False
0.2071731591606723,-0.6531749116753804,-0.8548210095258938,-0.2985576917271264,0,6,8,5,12.8,0,0,6,7,5,11.2,0,0,0,0,0.8333333333333334,0.8333333333333334,1.3333333333333333,1.1666666666666667,2,True,False,False,False,False,True,False,False,False,False,True,False,True,False,False,True,False,False,True,False,False,False,True,False,True,False,False
0.2071731591606723,0.25682316499696123,-0.24710147865610252,-0.6939730878554988,0,6,9,6,13.571428571428571,0,0,6,6,6,12.166666666666666,0,0,1,0,1.0,1.0,1.5,1.0,2,True,False,False,False,False,False,False,False,False,False,False,False,False,False,False,False,False,False,True,False,False,False,True,False,True,True,False
-0.5540677512436588,-1.2598402961236081,-0.7305147418479814,-0.6939730878554988,0,6,6,6,13.166666666666666,0,0,6,6,6,13.166666666666666,0,0,1,0,1.0,1.0,1.0,1.0,2,True,False,False,False,False,True,False,False,False,False,False,False,False,False,False,False,False,False,False,False,False,False,True,False,True,False,False
-0.5540677512436588,-0.425675392507295,-0.2609132861758707,-0.4303628237699172,0,6,6,6,15.0,0,0,6,6,6,14.5,0,0,1,0,1.0,1.0,1.0,1.0,2,False,False,False,False,False,True,False,False,False,False,False,False,False,False,False,False,False,False,False,False,False,False,False,False,True,True,False
-0.5540677512436588,-1.1840071230675797,-0.22638376737645077,-0.562167955812708,0,6,6,6,12.666666666666666,0,0,6,8,5,11.4,0,0,0,0,1.0,0.8333333333333334,1.0,1.3333333333333333,2,True,False,False,False,False,True,False,False,False,False,True,False,False,False,False,True,False,False,True,False,False,False,True,False,True,False,False
0.2071731591606723,-1.2598402961236081,0.04294647925902397,-0.562167955812708,0,6,7,6,13.857142857142858,0,0,6,7,6,13.142857142857142,0,0,1,0,1.0,1.0,1.1666666666666667,1.1666666666666667,0,True,False,False,False,False,True,False,False,False,False,False,False,False,False,True,False,False,False,False,False,False,False,True,False,True,True,False
1.7296549799693344,-0.2740090463952381,-0.6821734155287943,0.8876884966579909,0,7,7,7,14.692857142857145,0,0,8,8,8,14.9625,0,1,1,0,1.0,1.0,1.0,1.0,2,True,False,False,True,False,False,False,False,False,False,False,False,False,False,False,False,False,False,False,False,False,False,True,False,True,False,False
-0.5540677512436588,1.849319799173559,1.5415275951538494,-0.6939730878554988,0,8,8,8,14.035,0,0,8,8,8,14.035,0,0,1,0,1.0,1.0,1.0,1.0,2,True,False,False,True,False,False,False,False,False,False,False,False,False,False,True,False,False,False,False,True,False,False,False,False,True,False,False
-0.5540677512436588,0.18098999194093274,-0.09517159593865569,-0.6939730878554988,0,5,8,4,11.0,1,0,5,8,3,14.0,0,0,1,0,0.8,0.6,1.6,1.6,2,True,False,False,True,False,False,False,False,False,False,False,False,False,False,True,False,False,False,False,False,False,False,True,False,True,False,False
-0.5540677512436588,0.48432268416504665,1.2445737334788374,-0.6939730878554988,0,6,6,6,13.333333333333334,0,0,6,6,6,13.333333333333334,0,0,1,0,1.0,1.0,1.0,1.0,2,True,False,False,False,False,True,False,False,False,False,False,False,False,False,False,False,False,False,False,False,False,False,True,False,True,True,False
-0.5540677512436588,-1.3356734691796368,-0.8271973944863575,-0.4303628237699172,0,7,13,6,11.7725,0,0,8,9,7,12.33,0,0,1,0,0.8571428571428571,0.875,1.8571428571428572,1.125,2,True,False,False,True,False,False,False,False,False,False,False,False,False,False,True,False,False,False,True,False,False,False,False,False,True,False,False
-0.5540677512436588,-0.7290080847314089,-0.8755387208055456,-0.562167955812708,0,6,0,0,0.0,0,0,6,0,0,0.0,0,0,1,0,0.0,0.0,0.0,0.0,0,True,False,False,False,False,False,False,False,False,False,False,False,False,False,True,False,False,False,False,False,False,False,False,False,True,False,False
0.2071731591606723,0.5601558572210751,-0.06754798089911936,-0.562167955812708,0,6,0,0,0.0,0,0,6,12,0,0.0,0,0,1,0,0.0,0.0,0.0,2.0,0,True,False,False,False,False,False,False,True,False,False,False,False,False,False,False,False,False,False,False,False,False,False,True,False,True,False,False
-0.5540677512436588,0.40848951110901816,-0.20566605609679903,-0.562167955812708,0,0,0,0,0.0,0,0,0,0,0,0.0,0,0,1,1,0.0,0.0,0.0,0.0,0,True,False,False,False,False,True,False,False,False,False,False,False,False,False,False,False,False,False,False,False,False,False,True,False,False,False,False
1.7296549799693344,-0.04650952722715268,-0.30234870873517516,-0.6939730878554988,0,6,7,6,12.285714285714286,0,0,6,6,6,12.0,0,0,1,0,1.0,1.0,1.1666666666666667,1.0,2,True,False,False,False,False,False,False,False,False,False,False,False,False,False,True,False,False,False,False,False,False,False,True,False,True,True,False
1.7296549799693344,0.5601558572210751,0.4711125123718321,-0.8257782198982896,0,8,14,5,12.46,0,0,8,14,5,12.46,0,0,0,0,0.625,0.625,1.75,1.75,1,True,False,False,True,False,False,False,False,False,False,True,False,False,False,False,True,False,False,False,True,False,False,True,False,True,False,False
-0.5540677512436588,-1.1840071230675797,-0.9307859508846172,-0.562167955812708,0,7,10,6,12.166666666666666,0,0,7,9,6,13.166666666666666,0,0,1,0,0.8571428571428571,0.8571428571428571,1.4285714285714286,1.2857142857142858,2,True,False,False,False,False,True,False,False,False,False,False,False,False,False,True,False,False,False,False,False,True,False,True,False,True,False,False
1.7296549799693344,-0.577341738619352,-0.30234870873517516,-0.6939730878554988,0,6,9,5,11.833333333333334,0,0,6,8,2,11.5,0,0,1,0,0.8333333333333334,0.3333333333333333,1.5,1.3333333333333333,1,True,False,False,False,False,True,False,False,False,False,False,False,False,False,True,False,False,False,True,False,False,False,True,False,True,False,False
-0.5540677512436588,0.5601558572210751,0.8992785454846383,0.22866283644403682,0,8,8,7,14.805714285714286,0,0,8,8,7,14.805714285714286,0,1,1,0,0.875,0.875,1.0,1.0,2,True,False,False,True,False,False,True,False,True,False,False,False,False,False,True,False,False,False,True,False,False,False,False,False,True,False,False
-0.5540677512436588,0.03690696313447821,-1.3796696952770762,-0.562167955812708,0,6,11,5,10.6,0,0,6,10,6,11.714285714285714,0,0,1,0,0.8333333333333334,1.0,1.8333333333333333,1.6666666666666667,0,True,False,False,False,False,True,False,False,False,False,False,False,False,False,True,False,False,False,False,False,False,False,True,False,True,False,False
-0.5540677512436588,-0.19817587333920963,0.20868816949623997,0.09685770440124603,7,9,9,8,13.125,0,4,9,13,6,13.0,0,1,1,1,0.8888888888888888,0.6666666666666666,1.0,1.4444444444444444,1,True,False,False,True,False,False,True,False,False,True,False,False,False,False,False,False,False,False,False,False,False,False,True,True,False,False,False
-0.5540677512436588,0.10515681888490426,-0.19185424857703087,-0.562167955812708,0,6,6,6,12.833333333333334,0,0,6,6,6,12.666666666666666,0,0,1,1,1.0,1.0,1.0,1.0,2,True,False,False,False,False,True,False,False,False,False,False,False,False,False,True,False,False,False,False,False,False,False,True,True,True,True,False
-0.5540677512436588,-0.3498422194512666,-0.08135978841888752,-0.4303628237699172,0,8,8,0,0.0,8,0,8,8,0,0.0,8,0,1,0,0.0,0.0,1.0,1.0,1,True,False,False,True,False,False,False,False,False,False,False,False,False,False,False,False,False,False,True,False,False,False,False,False,True,True,False
-0.5540677512436588,-1.3356734691796368,-1.3106106576782364,-0.4303628237699172,0,6,9,5,13.0,0,0,6,6,5,13.8,0,0,1,0,0.8333333333333334,0.8333333333333334,1.5,1.0,2,True,False,False,False,False,False,False,False,False,False,False,False,False,False,True,False,False,False,True,False,False,False,True,False,True,True,False
0.2071731591606723,-1.0323407769555228,-0.8133855869665894,-0.4303628237699172,0,7,8,7,12.725,0,0,8,8,8,13.7125,0,0,1,0,1.0,1.0,1.1428571428571428,1.0,2,True,False,False,True,False,False,False,False,False,False,False,False,False,False,True,False,False,False,True,False,False,False,True,False,True,True,False
-0.5540677512436588,-0.12234270028318116,0.16034684317705286,-0.562167955812708,0,5,10,4,11.25,1,0,5,10,3,10.333333333333334,0,0,0,0,0.8,0.6,2.0,2.0,2,True,False,False,True,False,False,False,False,False,False,False,False,True,False,True,False,False,False,False,True,False,False,True,False,True,False,False
-0.5540677512436588,-0.9565076038994943,-0.48190220649215837,1.0194936287007816,8,12,12,11,13.818181818181818,0,4,12,16,12,13.461538461538462,0,1,0,0,0.9166666666666666,1.0,1.0,1.3333333333333333,2,True,False,False,False,False,True,True,False,True,False,True,False,False,False,False,True,False,False,True,False,False,False,True,False,True,False,False
-0.5540677512436588,-0.9565076038994943,-0.7097970305683295,-0.4303628237699172,0,5,12,3,12.333333333333334,2,0,5,8,3,13.0,1,0,1,0,0.6,0.6,2.4,1.6,2,True,False,False,True,False,False,False,False,False,False,False,False,False,False,False,True,False,False,True,False,False,False,False,False,True,False,False
0.9684140695650034,0.18098999194093274,-0.4128431688933185,-0.6939730878554988,0,5,14,3,12.333333333333334,2,0,5,8,5,11.6,0,0,0,0,0.6,1.0,2.8,1.6,1,True,False,False,True,False,False,False,False,False,False,True,False,True,False,True,False,False,False,False,True,False,False,True,False,True,False,False
-0.5540677512436588,1.015154895557246,0.08438190181832748,-0.6939730878554988,0,6,8,4,13.25,0,0,6,10,3,10.666666666666666,0,0,1,1,0.6666666666666666,0.5,1.3333333333333333,1.6666666666666667,1,True,False,False,False,False,True,False,False,False,False,False,False,False,False,False,True,False,False,True,False,False,False,False,True,True,False,False
1.7296549799693344,0.02932364582887579,-0.4059372651334349,-0.6939730878554988,0,6,7,6,13.666666666666666,0,0,6,9,5,15.4,0,0,0,0,1.0,0.8333333333333334,1.1666666666666667,1.5,2,True,False,False,False,False,False,False,False,False,False,False,False,True,False,True,False,False,False,False,False,False,False,True,False,True,False,False
-0.5540677512436588,-0.8048412577874374,-0.9929390847235735,-0.4303628237699172,5,11,18,8,12.625,0,4,10,10,3,11.0,0,0,0,1,0.7272727272727273,0.3,1.6363636363636365,1.0,1,True,False,False,False,False,True,False,True,False,False,False,False,True,False,True,False,False,False,False,True,False,False,False,True,True,False,False
-0.5540677512436588,-0.3498422194512666,-0.2540073824159871,-0.4303628237699172,0,6,6,6,14.833333333333334,0,0,6,8,6,12.142857142857142,0,0,0,0,1.0,1.0,1.0,1.3333333333333333,2,True,False,False,True,False,False,False,False,False,False,True,False,False,False,False,True,False,False,True,False,False,False,True,False,True,True,False
0.2071731591606723,-0.2740090463952381,0.16725274693693645,-0.562167955812708,0,6,7,5,11.2,0,0,6,10,5,13.125,0,0,1,0,0.8333333333333334,0.8333333333333334,1.1666666666666667,1.6666666666666667,0,True,False,False,False,False,False,False,False,False,False,False,False,False,False,True,False,False,False,True,False,False,False,False,False,True,True,False
-0.5540677512436588,-0.8048412577874374,-0.48880811025204196,-0.2985576917271264,0,5,6,5,11.4,0,0,5,6,5,12.2,0,0,1,0,1.0,1.0,1.2,1.2,2,True,False,False,False,False,False,False,False,False,False,False,False,False,False,True,False,False,False,False,False,False,False,False,False,True,True,False
1.7296549799693344,0.5601558572210751,0.3191826296543833,-0.6939730878554988,0,7,8,7,13.135,0,0,8,9,8,13.244444444444444,0,0,1,0,1.0,1.0,1.1428571428571428,1.125,2,True,False,False,True,False,False,False,False,False,False,False,False,False,False,False,True,False,False,False,False,False,False,True,False,True,False,False
-0.5540677512436588,0.7876553763891605,-0.48190220649215837,-0.2985576917271264,3,10,10,10,13.0,0,5,11,11,10,11.4,0,0,1,0,1.0,0.9090909090909091,1.0,1.0,0,True,False,False,False,False,True,False,True,False,False,False,False,False,False,True,False,False,False,True,False,False,False,True,False,True,False,False
1.7296549799693344,-1.1081739500115513,-1.1724925824805565,-0.562167955812708,0,7,12,4,12.85,0,0,7,7,7,12.62142857142857,0,0,1,0,0.5714285714285714,1.0,1.7142857142857142,1.0,1,True,False,False,True,False,False,False,False,False,False,False,False,False,False,False,True,False,False,False,True,False,False,True,False,True,False,False
-0.5540677512436588,0.5601558572210751,1.1064556582811578,-0.4303628237699172,3,6,6,6,13.5,0,2,6,9,5,12.5,0,0,1,0,1.0,0.8333333333333334,1.0,1.5,2,True,False,False,False,False,True,True,False,False,True,False,False,False,False,False,False,False,False,False,False,False,False,False,False,True,False,False
-0.5540677512436588,0.5601558572210751,0.8992785454846383,-0.4303628237699172,0,6,7,6,14.285714285714286,0,0,6,9,3,13.0,0,0,0,0,1.0,0.5,1.1666666666666667,1.5,1,True,False,False,True,False,False,True,False,False,False,False,False,True,False,False,True,False,False,False,True,False,False,False,False,True,False,False
-0.5540677512436588,-0.7290080847314089,-0.53714943657123,-0.6939730878554988,0,6,8,5,13.5,0,0,6,6,6,14.5,0,0,1,0,0.8333333333333334,1.0,1.3333333333333333,1.0,2,True,False,False,False,False,False,False,False,False,False,False,False,False,False,False,False,False,False,False,False,False,False,True,False,True,True,False
-0.5540677512436588,0.5601558572210751,-0.18494834481714728,-0.6939730878554988,0,5,8,4,10.75,0,0,5,5,5,13.0,0,0,1,0,0.8,1.0,1.6,1.0,2,True,False,False,False,False,False,False,False,False,False,False,False,False,False,False,False,False,False,False,False,False,False,True,False,True,True,False
-0.5540677512436588,-1.2598402961236081,-1.0965276411218332,-0.6939730878554988,0,6,9,6,11.333333333333334,0,0,6,9,6,11.833333333333334,0,0,1,0,1.0,1.0,1.5,1.5,2,True,False,False,False,False,True,False,False,False,False,False,False,False,False,False,False,False,False,False,False,False,False,True,False,True,True,False
-0.5540677512436588,1.3184875877813598,1.5898689214730366,-0.2985576917271264,2,7,15,3,13.0,2,1,5,12,5,13.285714285714286,1,0,1,0,0.42857142857142855,1.0,2.142857142857143,2.4,2,True,False,False,True,False,False,False,True,False,True,False,False,False,False,False,False,False,False,False,False,False,False,True,False,True,True,False
-0.5540677512436588,1.0909880686132745,1.4034095199561698,-0.6939730878554988,0,7,7,6,13.966666666666669,0,0,7,7,6,13.966666666666669,0,0,1,0,0.8571428571428571,0.8571428571428571,1.0,1.0,2,True,False,False,True,False,False,False,False,False,False,False,False,False,False,True,False,False,False,False,False,False,False,False,False,True,False,False
-0.5540677512436588,2.2284856644537014,1.417221327475937,-0.6939730878554988,0,8,8,8,14.14125,0,0,8,8,8,14.14125,0,0,1,0,1.0,1.0,1.0,1.0,2,True,False,False,True,False,False,False,False,False,False,False,False,False,False,True,False,False,False,True,False,False,False,True,False,True,True,False
0.2071731591606723,-1.866505680571836,-1.3106106576782364,-0.4303628237699172,0,6,10,4,11.6,0,0,6,10,4,11.75,0,0,1,0,0.6666666666666666,0.6666666666666666,1.6666666666666667,1.6666666666666667,2,True,False,False,False,False,False,False,False,False,False,False,False,False,False,False,False,False,False,False,False,False,False,True,False,True,True,False
-0.5540677512436588,-0.19817587333920963,0.20868816949623997,1.1512987607435725,0,8,8,8,14.6625,0,0,8,8,8,14.6625,0,1,1,0,1.0,1.0,1.0,1.0,2,False,False,False,True,False,False,False,True,True,False,False,False,False,False,False,False,False,False,False,False,False,False,False,False,True,True,False
-0.5540677512436588,0.5601558572210751,0.20868816949623997,1.414909024829154,0,5,5,0,0.0,0,0,5,5,0,0.0,0,1,1,0,0.0,0.0,1.0,1.0,1,False,False,True,False,False,False,False,True,False,False,False,False,False,False,False,False,False,False,False,False,False,False,False,False,True,False,False
0.2071731591606723,-1.2598402961236081,-1.2415516200793966,-0.034947427641544786,0,7,8,6,12.993333333333334,0,0,8,9,8,12.66875,0,0,1,0,0.8571428571428571,1.0,1.1428571428571428,1.125,2,True,False,False,True,False,False,False,False,False,False,False,False,False,False,False,True,False,False,False,True,False,False,True,False,True,True,False
2.4908958903736655,-0.9565076038994943,-1.034374507282877,-0.6939730878554988,0,6,10,4,11.25,0,0,6,11,5,12.2,0,0,0,0,0.6666666666666666,0.8333333333333334,1.6666666666666667,1.8333333333333333,1,True,False,False,False,False,False,False,False,False,False,True,False,False,False,True,False,False,False,False,False,False,False,True,False,True,False,False
-0.5540677512436588,-0.04650952722715268,-0.39903136137355033,-0.6939730878554988,0,6,8,5,12.2,0,0,6,10,5,12.8,0,0,1,0,0.8333333333333334,0.8333333333333334,1.3333333333333333,1.6666666666666667,2,True,False,True,False,False,True,False,False,False,False,False,False,False,False,True,False,False,False,True,False,False,False,False,False,True,False,False
-0.5540677512436588,0.5601558572210751,0.8992785454846383,1.414909024829154,0,0,0,0,0.0,0,0,0,0,0,0.0,0,1,1,0,0.0,0.0,0.0,0.0,0,True,False,False,False,False,True,False,True,True,False,False,False,False,False,False,False,False,False,False,False,False,False,True,False,True,False,False
-0.5540677512436588,-0.9565076038994943,-0.5164317252915782,0.22866283644403682,2,6,6,6,11.333333333333334,0,0,6,6,4,11.75,0,1,1,1,1.0,0.6666666666666666,1.0,1.0,1,True,False,True,False,False,True,False,True,False,False,False,False,False,False,True,False,False,False,False,False,False,False,False,True,True,False,True
-0.5540677512436588,0.25682316499696123,-0.07445388465900295,-0.2985576917271264,0,5,7,5,12.2,0,0,5,7,5,11.8,0,0,1,0,1.0,1.0,1.4,1.4,2,True,False,False,False,False,False,False,False,False,False,False,False,False,False,False,False,False,False,False,False,False,False,False,False,True,False,False
-0.5540677512436588,0.02932364582887579,-0.3783136500938986,-0.4303628237699172,0,6,12,0,0.0,0,0,6,12,0,0.0,0,0,1,0,0.0,0.0,2.0,2.0,0,True,False,False,False,False,False,False,False,False,False,False,False,False,False,False,False,True,False,False,False,True,False,True,False,True,True,False
2.4908958903736655,-0.5015085655633235,-0.3783136500938986,-0.6939730878554988,0,6,8,6,11.333333333333334,0,0,6,6,6,11.666666666666666,0,0,1,0,1.0,1.0,1.3333333333333333,1.0,2,True,False,False,False,False,True,False,False,False,False,False,False,False,False,False,False,True,False,False,True,False,False,True,False,True,False,False
-0.5540677512436588,0.7118222033331321,0.37442985973345594,-0.6939730878554988,0,6,8,6,13.857142857142858,0,0,6,15,6,13.1,0,0,0,0,1.0,1.0,1.3333333333333333,2.5,2,True,False,False,True,False,False,False,False,False,False,True,False,False,False,True,False,False,False,False,False,False,False,True,False,True,False,False
-0.5540677512436588,-0.8806744308434659,-0.31616051625494235,-0.6939730878554988,0,6,7,6,12.857142857142858,0,0,6,6,6,13.333333333333334,0,0,1,0,1.0,1.0,1.1666666666666667,1.0,2,True,False,False,False,False,True,False,False,False,False,False,False,False,False,False,False,False,False,False,False,False,False,False,False,True,False,False
-0.5540677512436588,0.10515681888490426,-1.1724925824805565,0.09685770440124603,0,6,10,1,10.0,0,0,6,12,0,0.0,0,1,1,0,0.16666666666666666,0.0,1.6666666666666667,2.0,0,True,False,True,False,False,True,False,True,False,False,False,False,False,False,True,False,False,False,False,False,False,False,True,False,True,False,False
-0.5540677512436588,0.5601558572210751,-0.454278591452622,1.1512987607435725,14,15,17,14,10.214285714285714,0,13,13,13,13,11.384615384615383,0,1,1,1,0.9333333333333333,1.0,1.1333333333333333,1.0,2,True,False,False,False,False,False,False,True,False,False,False,False,False,False,False,False,False,False,False,False,False,False,False,True,False,False,False
-0.5540677512436588,0.03690696313447821,-1.5177877704747558,0.09685770440124603,0,6,14,6,11.285714285714286,0,0,6,16,3,10.333333333333334,0,1,1,1,1.0,0.5,2.3333333333333335,2.6666666666666665,0,True,False,False,False,False,False,False,True,False,False,False,False,False,False,False,False,False,False,False,False,False,False,True,True,False,False,False
-0.5540677512436588,1.849319799173559,0.7473486627671915,-0.6939730878554988,0,6,6,6,13.833333333333334,0,0,6,7,0,0.0,0,0,1,0,1.0,0.0,1.0,1.1666666666666667,0,True,False,False,False,False,True,False,False,False,False,False,False,False,False,False,False,False,False,True,False,False,False,False,False,True,True,False
-0.5540677512436588,-0.9565076038994943,-0.620020281689838,0.6240782325724092,0,6,8,6,12.857142857142858,0,0,6,8,5,12.6,0,1,1,0,1.0,0.8333333333333334,1.3333333333333333,1.3333333333333333,2,True,False,False,False,False,False,False,True,False,False,False,False,False,False,False,False,False,False,False,False,False,False,False,False,True,False,False
2.4908958903736655,0.10515681888490426,-0.33687822753459506,-0.6939730878554988,0,6,8,6,11.666666666666666,0,0,6,9,4,12.0,0,0,1,0,1.0,0.6666666666666666,1.3333333333333333,1.5,0,True,False,False,False,False,True,False,False,False,False,False,False,False,False,True,False,False,False,False,False,False,False,True,False,True,True,False
-0.5540677512436588,0.5601558572210751,0.8992785454846383,0.09685770440124603,0,6,12,0,0.0,0,0,5,10,0,0.0,0,1,1,1,0.0,0.0,2.0,2.0,0,True,False,False,False,False,True,True,False,True,False,False,False,False,False,False,False,True,False,False,False,True,False,True,False,False,False,False
-0.5540677512436588,0.02932364582887579,1.1202674658009248,-0.562167955812708,0,5,7,5,14.4,0,0,5,6,5,13.2,0,0,1,0,1.0,1.0,1.4,1.2,2,True,False,False,True,False,False,False,False,False,False,False,False,False,False,True,False,False,False,False,False,False,False,False,False,True,False,False
-0.5540677512436588,1.015154895557246,-0.4473726876927384,2.732960345257062,0,6,6,6,14.833333333333334,0,0,6,6,6,14.166666666666666,0,1,1,0,1.0,1.0,1.0,1.0,2,False,False,True,False,False,True,False,True,False,False,False,False,False,False,False,False,False,False,False,False,False,False,False,False,True,False,False
0.9684140695650034,-0.19817587333920963,-0.5164317252915782,-0.6939730878554988,0,6,14,6,14.333333333333334,0,0,6,9,6,12.0,0,0,1,0,1.0,1.0,2.3333333333333335,1.5,2,True,False,False,True,False,False,True,False,False,False,False,False,False,False,False,False,False,False,False,True,False,False,True,False,True,True,False
-0.5540677512436588,1.3943207608373882,1.417221327475937,-0.6939730878554988,0,0,0,0,0.0,0,0,0,0,0,0.0,0,0,1,0,0.0,0.0,0.0,0.0,2,True,False,False,False,False,True,False,False,False,False,False,False,False,False,False,False,False,False,False,False,False,False,True,False,True,False,False
3.2521368007779965,0.03690696313447821,0.18106455445670364,-0.16675255968433558,0,6,0,0,0.0,0,0,6,0,0,0.0,0,0,1,0,0.0,0.0,0.0,0.0,0,True,False,False,False,False,True,False,False,False,False,False,False,False,False,False,False,False,True,False,False,False,True,False,False,True,False,False
-0.5540677512436588,-0.04650952722715268,-0.06064207713923577,-0.6939730878554988,0,7,9,6,12.333333333333334,0,0,7,7,6,12.666666666666666,0,0,1,0,0.8571428571428571,0.8571428571428571,1.2857142857142858,1.0,2,True,False,False,False,False,True,False,False,False,False,False,False,False,False,False,False,False,False,True,False,False,False,False,False,True,True,False
-0.5540677512436588,-1.714839334459779,2.280459297461435,2.732960345257062,0,5,5,5,11.8,0,0,5,5,5,12.4,0,1,1,0,1.0,1.0,1.0,1.0,2,False,False,True,False,False,False,False,True,False,False,False,False,False,False,False,False,False,False,True,False,False,False,False,False,True,False,False
-0.5540677512436588,0.03690696313447821,-1.4832582516753359,1.2831038927863632,0,6,7,5,13.2,0,0,6,7,5,10.6,0,1,1,1,0.8333333333333334,0.8333333333333334,1.1666666666666667,1.1666666666666667,0,False,False,False,False,False,True,False,True,False,False,False,False,False,False,True,False,False,False,False,True,False,False,False,True,True,False,False
-0.5540677512436588,-1.714839334459779,-2.1738486276637343,1.1512987607435725,0,6,6,0,0.0,0,0,5,10,0,0.0,0,1,1,1,0.0,0.0,1.0,2.0,0,False,False,False,False,False,True,False,True,False,False,False,False,False,False,False,False,False,False,False,False,False,False,False,True,False,False,False
-0.5540677512436588,0.03690696313447821,-1.3451401764776563,1.546714156871945,0,6,0,0,0.0,0,0,6,0,0,0.0,0,1,1,1,0.0,0.0,0.0,0.0,0,False,False,False,False,False,True,False,True,False,False,False,False,False,False,True,False,False,False,True,False,False,False,False,False,False,False,False
-0.5540677512436588,-2.0940051997399216,-1.4418228291160324,-0.4303628237699172,0,6,6,6,11.5,0,0,6,7,6,13.285714285714286,0,0,1,0,1.0,1.0,1.0,1.1666666666666667,2,True,False,False,False,False,True,False,False,False,False,False,False,False,False,False,False,False,False,False,False,False,False,True,False,True,False,False
-0.5540677512436588,2.0768193183416446,-0.7374206456078659,0.09685770440124603,0,6,8,5,12.6,0,0,6,7,5,12.2,0,1,0,0,0.8333333333333334,0.8333333333333334,1.3333333333333333,1.1666666666666667,2,True,False,False,False,False,False,False,True,False,False,True,False,False,False,False,False,False,False,False,False,False,False,True,False,True,False,False
-0.5540677512436588,0.8634885494451889,0.7197250477276551,-0.562167955812708,0,7,7,7,13.542857142857144,0,0,8,9,8,14.22222222222222,0,0,1,0,1.0,1.0,1.0,1.125,2,True,False,False,True,False,False,False,False,False,False,False,False,False,False,False,False,False,False,False,False,False,False,False,False,True,False,False
-0.5540677512436588,-2.473171065020064,-1.7387766907910434,-0.2985576917271264,0,6,8,5,11.6,0,0,6,6,5,13.0,0,0,1,0,0.8333333333333334,0.8333333333333334,1.3333333333333333,1.0,1,True,False,False,False,False,False,False,False,False,False,False,False,False,False,True,False,False,False,True,False,False,False,True,False,True,False,False
0.2071731591606723,0.7876553763891605,1.182420599639881,-0.562167955812708,0,6,7,6,13.666666666666666,0,0,6,6,6,13.833333333333334,0,0,1,0,1.0,1.0,1.1666666666666667,1.0,2,True,True,False,False,False,True,False,False,False,False,False,False,False,False,True,False,False,False,False,False,False,False,True,False,True,True,False
-0.5540677512436588,2.0768193183416446,-1.3244224651980046,0.4922731005296184,0,6,10,0,0.0,0,0,6,8,0,0.0,0,1,1,1,0.0,0.0,1.6666666666666667,1.3333333333333333,0,True,True,False,False,False,True,False,True,False,False,False,False,False,False,False,False,False,False,True,False,False,False,True,False,False,False,False
-0.5540677512436588,0.5601558572210751,0.08438190181832748,0.8876884966579909,0,6,0,0,0.0,0,0,6,0,0,0.0,0,1,1,1,0.0,0.0,0.0,0.0,0,True,False,False,False,False,True,False,True,False,False,False,False,False,False,False,False,False,False,True,False,False,False,False,False,False,False,False
1.7296549799693344,0.03690696313447821,-0.6890793192886778,-0.2985576917271264,0,0,0,0,0.0,0,0,0,0,0,0.0,0,0,1,0,0.0,0.0,0.0,0.0,0,True,True,False,False,False,True,False,False,False,False,False,False,False,False,False,False,False,False,False,False,False,False,True,False,True,False,False
-0.5540677512436588,-1.2598402961236081,-1.1448689674410204,-0.562167955812708,0,6,6,6,11.5,0,0,6,8,6,12.285714285714286,0,0,1,0,1.0,1.0,1.0,1.3333333333333333,2,True,True,False,False,False,True,False,False,False,False,False,False,False,False,True,False,False,False,False,False,False,False,True,False,True,False,False
-0.5540677512436588,-0.9565076038994943,2.971049673449833,1.414909024829154,0,5,12,2,11.5,0,0,5,9,4,11.75,0,1,1,0,0.4,0.8,2.4,1.8,1,False,False,True,False,False,False,False,True,False,False,False,False,False,False,False,False,False,False,False,False,False,False,False,False,True,False,False
-0.5540677512436588,0.6359890302771035,-1.863082958468955,-0.6939730878554988,0,7,7,7,11.828571428571427,0,0,8,10,7,12.9125,0,0,0,0,1.0,0.875,1.0,1.25,2,True,True,False,True,False,False,False,True,False,False,True,False,False,False,True,False,False,False,False,False,False,False,False,False,True,False,False
-0.5540677512436588,-1.714839334459779,-0.6890793192886778,-0.2985576917271264,0,0,0,0,0.0,0,0,0,0,0,0.0,0,0,0,0,0.0,0.0,0.0,0.0,2,True,True,False,False,False,True,False,False,False,False,True,False,True,False,False,True,False,False,False,True,False,False,True,False,True,False,False
0.2071731591606723,-0.425675392507295,0.4503948010921794,-0.8257782198982896,0,0,0,0,0.0,0,0,0,0,0,0.0,0,0,0,0,0.0,0.0,0.0,0.0,1,True,True,False,False,False,True,False,False,False,False,True,False,False,True,False,True,False,False,False,True,False,False,True,False,True,False,False
-0.5540677512436588,-0.04650952722715268,0.0705700942985603,-0.562167955812708,0,7,7,6,12.966666666666669,0,0,7,7,6,12.966666666666669,0,0,1,0,0.8571428571428571,0.8571428571428571,1.0,1.0,2,True,False,False,True,False,False,False,False,False,False,False,False,False,False,True,False,False,False,False,False,False,False,True,False,True,True,False
-0.5540677512436588,0.18098999194093274,-0.33687822753459506,-0.6939730878554988,0,6,6,6,13.833333333333334,0,0,6,6,6,13.666666666666666,0,0,1,0,1.0,1.0,1.0,1.0,2,True,True,False,False,False,True,False,False,False,False,False,False,False,False,False,False,False,False,False,False,False,False,True,False,True,False,False
0.2071731591606723,0.18098999194093274,0.4434888973322958,-0.562167955812708,0,7,7,7,14.125714285714285,0,0,8,8,8,14.36875,0,0,1,0,1.0,1.0,1.0,1.0,2,True,False,False,True,False,False,False,False,False,False,False,False,False,False,False,False,False,False,False,False,False,False,True,False,True,False,False
-0.5540677512436588,0.5601558572210751,-1.034374507282877,2.8647654772998528,4,10,12,5,12.166666666666666,4,2,8,8,0,0.0,2,1,1,1,0.5,0.0,1.2,1.0,0,False,False,False,False,False,False,False,True,False,False,False,False,False,False,False,False,False,False,False,False,False,False,False,True,True,False,False
-0.5540677512436588,0.03690696313447821,0.20868816949623997,0.3604679684868276,0,6,17,6,12.666666666666666,0,0,6,21,4,12.25,0,1,1,0,1.0,0.6666666666666666,2.8333333333333335,3.5,2,True,False,False,True,False,False,False,True,False,False,False,False,False,False,False,False,False,False,False,False,False,False,True,False,True,False,False
0.2071731591606723,-2.473171065020064,-1.863082958468955,3.6555962695565976,0,4,4,0,0.0,0,0,5,0,0,0.0,0,1,1,0,0.0,0.0,1.0,0.0,0,False,True,True,False,False,False,False,True,False,False,False,False,False,False,False,False,False,False,False,False,False,False,True,False,True,False,False
-0.5540677512436588,0.03690696313447821,2.4185773726591147,3.3919860054710163,0,6,8,6,12.285714285714286,0,0,6,7,6,14.166666666666666,0,1,1,1,1.0,1.0,1.3333333333333333,1.1666666666666667,2,False,True,False,False,False,True,False,True,False,False,False,False,False,False,False,False,False,False,False,False,False,False,False,True,True,True,False
-0.5540677512436588,-2.473171065020064,1.797046034269556,-0.16675255968433558,3,6,7,3,14.5,0,4,7,8,4,14.375,0,0,0,0,0.5,0.5714285714285714,1.1666666666666667,1.1428571428571428,1,True,True,False,True,False,False,False,True,False,False,True,False,False,False,False,True,False,False,False,False,False,False,False,False,True,False,False
-0.5540677512436588,0.33265633805298966,0.30537082213461614,-0.16675255968433558,0,5,8,2,10.0,0,0,5,7,1,10.0,0,0,1,0,0.4,0.2,1.6,1.4,0,True,True,False,False,False,False,False,False,False,False,False,False,False,False,True,False,False,False,False,False,False,False,True,False,True,False,False
-0.5540677512436588,-0.9565076038994943,0.08438190181832748,1.2831038927863632,1,5,11,2,11.5,1,1,5,8,2,12.0,0,1,0,0,0.4,0.4,2.2,1.6,0,False,False,False,False,False,True,True,False,True,False,True,False,True,False,False,True,False,False,False,True,False,False,False,False,True,False,False
-0.5540677512436588,1.235071097419729,1.513903980114313,-0.4303628237699172,0,5,6,5,11.6,0,0,5,6,4,11.5,0,0,1,0,1.0,0.8,1.2,1.2,2,True,False,False,False,False,False,True,False,False,False,False,False,False,False,False,False,False,False,False,False,False,False,False,False,True,False,True
1.7296549799693344,0.10515681888490426,0.09819370933809662,-0.6939730878554988,0,6,6,6,12.5,0,0,6,6,6,11.666666666666666,0,0,1,0,1.0,1.0,1.0,1.0,2,True,False,False,False,False,True,False,False,False,False,False,False,False,False,False,False,False,False,False,False,False,False,True,False,True,True,False
2.4908958903736655,-0.3498422194512666,-0.4611844952125066,-0.4303628237699172,0,6,9,3,11.666666666666666,0,0,6,10,2,11.0,0,0,1,1,0.5,0.3333333333333333,1.5,1.6666666666666667,0,True,False,False,False,False,True,False,False,False,False,False,False,False,False,False,False,False,False,False,False,False,False,True,True,False,False,False
-0.5540677512436588,0.03690696313447821,-1.863082958468955,1.8103244209575264,5,10,11,7,13.428571428571429,0,5,10,11,10,11.6,0,1,1,0,0.7,1.0,1.1,1.1,2,False,False,True,False,False,False,False,True,False,False,False,False,False,False,True,False,False,False,False,False,False,False,False,False,True,False,True
-0.5540677512436588,-0.12234270028318116,-0.06064207713923577,-0.6939730878554988,0,6,6,6,13.666666666666666,0,0,6,6,6,13.5,0,0,1,0,1.0,1.0,1.0,1.0,2,True,True,False,False,False,False,False,False,False,False,False,False,False,False,False,False,False,False,False,True,False,False,True,False,True,False,True
0.9684140695650034,-1.1081739500115513,-1.0550922185625287,-0.562167955812708,0,6,6,6,12.5,0,0,6,6,6,12.166666666666666,0,0,1,0,1.0,1.0,1.0,1.0,2,True,False,False,False,False,False,False,False,False,False,False,False,False,False,False,False,False,False,False,False,False,False,True,False,True,False,False
-0.5540677512436588,0.5601558572210751,0.8992785454846383,-0.2985576917271264,2,6,7,6,13.0,0,1,6,15,4,12.8,0,0,1,0,1.0,0.6666666666666666,1.1666666666666667,2.5,2,True,False,False,True,False,False,True,False,False,True,False,False,False,False,False,True,False,False,False,True,False,False,True,False,True,False,False
0.2071731591606723,0.02932364582887579,-0.32997232377471053,-0.4303628237699172,0,7,9,6,12.783333333333331,0,0,8,9,7,12.842857142857143,0,0,1,0,0.8571428571428571,0.875,1.2857142857142858,1.125,2,True,False,False,True,False,False,False,False,False,False,False,False,False,False,False,False,False,False,False,True,False,False,False,False,True,False,False
0.2071731591606723,-0.5015085655633235,-0.5716789553706499,-0.562167955812708,0,7,0,0,0.0,0,0,8,0,0,0.0,0,0,1,0,0.0,0.0,0.0,0.0,0,True,False,False,True,False,False,False,False,False,False,False,False,False,False,False,False,False,False,False,False,False,False,True,False,True,False,False
0.2071731591606723,-0.577341738619352,-0.3783136500938986,-0.4303628237699172,0,7,13,4,13.5,0,0,7,11,4,11.225,0,0,1,0,0.5714285714285714,0.5714285714285714,1.8571428571428572,1.5714285714285714,0,True,False,False,True,False,False,False,False,False,False,False,False,False,False,False,False,False,False,False,False,False,False,True,False,True,False,False
1.7296549799693344,0.40848951110901816,0.5194538386910192,-0.6939730878554988,0,7,7,7,13.457142857142856,0,0,8,8,8,15.125,0,0,0,0,1.0,1.0,1.0,1.0,2,True,False,False,True,False,False,False,False,False,False,True,False,False,False,False,True,False,False,True,False,False,False,True,False,True,False,False
1.7296549799693344,0.5601558572210751,0.001511056699720468,-0.562167955812708,0,8,8,7,13.44285714285714,0,0,8,8,7,13.44285714285714,0,0,1,0,0.875,0.875,1.0,1.0,2,True,False,False,True,False,False,False,False,False,False,False,False,False,False,False,False,False,False,False,False,False,False,True,False,True,False,False
-0.5540677512436588,-0.6531749116753804,-0.8824446245654292,-0.6939730878554988,0,6,13,4,11.0,0,0,6,12,5,10.833333333333334,0,0,1,0,0.6666666666666666,0.8333333333333334,2.1666666666666665,2.0,2,True,False,False,False,False,True,False,False,False,False,False,False,False,False,False,False,False,False,False,True,False,False,False,False,True,False,False
-0.5540677512436588,0.02932364582887579,-0.11588930721830744,-0.6939730878554988,0,6,6,6,11.333333333333334,0,0,6,7,6,12.285714285714286,0,0,1,0,1.0,1.0,1.0,1.1666666666666667,2,True,False,False,False,False,True,False,False,False,False,False,False,False,False,False,False,False,False,False,False,False,False,True,False,True,True,False
0.2071731591606723,-0.425675392507295,-0.454278591452622,-0.6939730878554988,0,5,7,2,10.0,0,0,1,1,0,0.0,0,0,1,0,0.4,0.0,1.4,1.0,0,True,False,False,False,False,True,False,False,False,False,False,False,False,False,True,False,False,False,True,False,False,False,True,False,True,False,False
3.2521368007779965,0.40848951110901816,-0.27472509369563886,-0.562167955812708,0,7,10,5,13.44,0,0,7,8,6,13.066666666666668,0,0,1,0,0.7142857142857143,0.8571428571428571,1.4285714285714286,1.1428571428571428,1,True,False,False,True,False,False,False,False,False,False,False,False,False,False,False,True,False,False,False,False,False,False,True,False,True,False,False
0.2071731591606723,0.7118222033331321,0.24321768829565987,-0.6939730878554988,0,7,8,7,12.214285714285714,0,0,8,8,8,14.0625,0,0,1,0,1.0,1.0,1.1428571428571428,1.0,2,True,False,False,True,False,False,False,False,False,False,False,False,False,False,True,False,False,False,True,False,False,False,True,False,True,True,False
-0.5540677512436588,-0.19817587333920963,-0.10207749969853928,-0.562167955812708,0,6,6,6,14.166666666666666,0,0,6,6,6,13.5,0,0,1,0,1.0,1.0,1.0,1.0,2,True,False,False,False,False,True,False,False,False,False,False,False,False,False,False,False,False,False,False,False,False,False,True,False,True,True,True
-0.5540677512436588,-0.19817587333920963,0.4711125123718321,0.09685770440124603,7,12,13,12,12.846153846153848,0,5,11,13,11,12.636363636363637,0,1,1,1,1.0,1.0,1.0833333333333333,1.1818181818181819,2,True,False,False,False,False,True,True,False,False,True,False,False,False,False,False,False,False,False,False,False,False,False,False,True,True,True,False
-0.5540677512436588,1.3184875877813598,1.5898689214730366,-0.4303628237699172,2,6,8,6,13.0,0,1,6,18,2,12.0,0,0,1,0,1.0,0.3333333333333333,1.3333333333333333,3.0,1,True,False,False,True,False,False,True,False,False,True,False,False,False,False,False,False,False,False,False,False,False,False,False,False,True,False,False
-0.5540677512436588,-0.425675392507295,0.24321768829565987,-0.2985576917271264,0,5,6,5,12.8,1,0,5,7,4,11.25,0,0,1,0,1.0,0.8,1.2,1.4,2,True,False,False,False,False,False,False,False,False,False,False,False,False,False,True,False,False,False,False,False,False,False,True,False,True,True,False
-0.5540677512436588,0.5601558572210751,0.8992785454846383,-0.4303628237699172,1,6,13,4,13.0,0,1,6,11,5,12.0,0,0,1,1,0.6666666666666666,0.8333333333333334,2.1666666666666665,1.8333333333333333,0,True,False,False,True,False,False,True,False,False,True,False,False,False,False,True,False,False,False,False,False,False,False,False,True,False,False,False
3.2521368007779965,-0.5015085655633235,-0.5233376290514619,-0.562167955812708,0,7,7,7,13.371428571428572,0,0,8,9,8,13.666666666666666,0,0,1,0,1.0,1.0,1.0,1.125,2,True,False,False,True,False,False,False,False,False,False,False,False,False,False,False,True,False,False,False,False,False,False,True,False,True,True,False
2.4908958903736655,0.48432268416504665,-0.39212545761366674,-0.562167955812708,0,7,8,7,13.385714285714286,0,0,8,8,8,13.3875,0,0,1,0,1.0,1.0,1.1428571428571428,1.0,2,True,False,False,True,False,False,False,False,False,False,False,False,False,False,False,False,False,False,False,False,False,False,True,False,True,True,False
0.9684140695650034,0.6359890302771035,-0.04683026961946761,-0.6939730878554988,0,8,8,7,13.328571428571427,0,0,8,8,7,13.328571428571427,0,0,1,0,0.875,0.875,1.0,1.0,2,True,False,False,True,False,False,False,False,False,False,False,False,False,False,False,False,False,False,False,False,False,False,True,False,True,False,False
-0.5540677512436588,-0.9565076038994943,-1.0619981223224133,-0.562167955812708,0,6,12,5,14.0,0,0,6,14,5,11.0,0,0,1,0,0.8333333333333334,0.8333333333333334,2.0,2.3333333333333335,2,True,False,False,True,False,False,False,False,False,False,False,False,False,False,True,False,False,False,False,False,False,False,True,False,True,False,False
1.7296549799693344,-0.9565076038994943,-1.082715833602065,-0.2985576917271264,0,5,5,5,12.6,0,0,5,5,5,13.2,0,0,1,0,1.0,1.0,1.0,1.0,2,True,False,False,False,False,False,False,False,False,False,False,False,False,False,False,False,False,False,False,False,False,False,True,False,True,False,False
0.2071731591606723,0.10515681888490426,-0.30925461249505876,-0.562167955812708,0,6,7,6,14.0,0,0,6,6,6,15.0,0,0,1,0,1.0,1.0,1.1666666666666667,1.0,2,True,False,False,False,False,True,False,False,False,False,False,False,False,False,False,False,False,False,False,False,False,False,True,False,True,True,False
2.4908958903736655,-0.3498422194512666,-0.7236088380880977,-0.6939730878554988,0,6,7,6,13.428571428571429,0,0,6,6,6,12.666666666666666,0,0,1,0,1.0,1.0,1.1666666666666667,1.0,2,True,False,False,False,False,False,False,False,False,False,False,False,False,False,False,False,False,False,False,False,False,False,True,False,True,True,False
2.4908958903736655,0.02932364582887579,0.34680624469391963,-0.8257782198982896,0,6,6,6,13.0,0,0,6,6,6,12.5,0,0,0,0,1.0,1.0,1.0,1.0,2,True,False,False,False,False,True,False,False,False,False,True,False,False,False,True,False,False,False,True,False,False,False,True,False,True,True,False
1.7296549799693344,-0.7290080847314089,-0.22638376737645077,-0.562167955812708,0,6,8,5,12.666666666666666,0,0,6,8,5,11.0,0,0,1,0,0.8333333333333334,0.8333333333333334,1.3333333333333333,1.3333333333333333,1,True,False,False,False,False,True,False,False,False,False,False,False,False,False,True,False,False,False,False,False,False,False,True,False,True,False,False
3.2521368007779965,-1.1081739500115513,-0.6890793192886778,-0.034947427641544786,0,5,9,3,10.0,1,0,5,9,3,12.333333333333334,0,0,1,1,0.6,0.6,1.8,1.8,0,True,True,False,False,False,False,False,False,False,False,False,False,False,False,False,False,False,False,False,False,False,False,True,False,False,False,False
-0.5540677512436588,-1.4873398152916937,-0.7236088380880977,-0.562167955812708,0,6,7,6,12.833333333333334,0,0,6,10,6,11.77777777777778,0,0,1,0,1.0,1.0,1.1666666666666667,1.6666666666666667,2,True,False,False,False,False,False,False,False,False,False,False,False,False,False,False,True,False,False,False,False,False,False,True,False,True,False,False
-0.5540677512436588,0.18098999194093274,-0.3783136500938986,-0.6939730878554988,0,7,7,6,12.916666666666666,0,0,7,7,6,12.916666666666666,0,0,0,0,0.8571428571428571,0.8571428571428571,1.0,1.0,2,True,False,False,True,False,False,False,False,False,False,False,False,True,False,False,False,False,False,True,False,False,False,True,False,True,False,False
-0.5540677512436588,0.03690696313447821,-1.5177877704747558,-0.4303628237699172,0,6,9,6,13.285714285714286,0,0,6,8,5,13.8,0,0,1,0,1.0,0.8333333333333334,1.5,1.3333333333333333,2,True,False,False,False,False,False,False,False,False,False,False,False,False,False,True,False,False,False,False,False,False,False,True,False,True,False,False
0.9684140695650034,-0.19817587333920963,-0.39212545761366674,-0.562167955812708,0,5,6,5,14.6,0,0,5,5,5,13.8,0,0,1,0,1.0,1.0,1.2,1.0,2,True,False,False,True,False,False,False,False,False,False,False,False,False,False,False,False,False,False,False,False,False,False,True,False,True,True,False
-0.5540677512436588,0.18098999194093274,0.6299482988491625,-0.6939730878554988,0,6,6,6,14.0,0,0,6,6,6,13.666666666666666,0,0,1,0,1.0,1.0,1.0,1.0,2,True,False,False,False,False,True,False,False,False,False,False,False,False,False,False,True,False,False,False,False,False,False,True,False,True,True,False
0.2071731591606723,0.02932364582887579,-0.23328967113633534,-0.562167955812708,0,6,7,6,14.142857142857142,0,0,6,6,6,15.0,0,0,1,0,1.0,1.0,1.1666666666666667,1.0,2,True,False,False,False,False,True,False,False,False,False,False,False,False,False,False,False,False,False,True,False,False,False,False,False,True,True,False
1.7296549799693344,-0.7290080847314089,0.13962913189740012,-0.562167955812708,0,6,8,6,11.666666666666666,0,0,6,6,6,12.333333333333334,0,0,1,0,1.0,1.0,1.3333333333333333,1.0,2,True,False,False,False,False,True,False,False,False,False,False,False,False,False,True,False,False,False,False,False,False,False,True,False,True,False,False
-0.5540677512436588,0.9393217225012175,0.6782896251683516,-0.6939730878554988,0,8,9,8,14.3775,1,0,8,9,8,14.3775,1,0,1,0,1.0,1.0,1.125,1.125,2,True,False,False,True,False,False,False,False,False,False,False,False,False,False,True,False,False,False,False,False,False,False,True,False,True,False,False
0.2071731591606723,1.015154895557246,0.4434888973322958,-0.6939730878554988,0,7,8,7,12.5,0,0,8,9,7,13.042857142857144,0,0,0,0,1.0,0.875,1.1428571428571428,1.125,2,True,False,False,True,False,False,False,False,False,False,True,False,True,False,False,True,False,False,False,False,False,False,True,False,True,False,False
2.4908958903736655,0.8634885494451889,0.6230423950892789,-0.562167955812708,0,7,7,6,14.15,0,0,7,7,6,14.15,0,0,1,0,0.8571428571428571,0.8571428571428571,1.0,1.0,2,True,False,False,True,False,False,False,False,False,False,False,False,False,False,False,False,False,False,False,False,False,False,True,False,True,True,False
-0.5540677512436588,0.8634885494451889,-0.08135978841888752,-0.562167955812708,0,8,12,7,12.471428571428572,0,0,8,12,7,12.471428571428572,0,0,1,0,0.875,0.875,1.5,1.5,2,True,False,False,True,False,False,False,False,False,False,False,False,False,False,False,False,False,False,False,False,False,False,False,False,True,True,False
-0.5540677512436588,-0.12234270028318116,-0.4473726876927384,-0.562167955812708,0,7,7,6,14.15,0,0,7,7,6,14.15,0,0,0,0,0.8571428571428571,0.8571428571428571,1.0,1.0,2,True,False,False,True,False,False,False,False,False,False,True,False,True,False,False,True,False,False,False,True,False,False,False,False,True,False,False
0.2071731591606723,0.6359890302771035,0.22249997701600713,-0.2985576917271264,0,7,11,7,14.072222222222225,0,0,8,8,8,14.0475,0,0,1,0,1.0,1.0,1.5714285714285714,1.0,2,True,False,False,True,False,False,False,False,False,False,False,False,False,False,False,False,False,False,False,False,False,False,True,False,True,False,False
0.9684140695650034,0.40848951110901816,0.6161364913293953,-0.6939730878554988,0,6,7,6,14.857142857142858,0,0,6,6,6,14.666666666666666,0,0,0,0,1.0,1.0,1.1666666666666667,1.0,2,True,False,False,False,False,True,False,False,False,False,True,False,False,False,False,True,False,False,False,True,False,False,True,False,True,False,False
-0.5540677512436588,-0.425675392507295,-0.7236088380880977,-0.562167955812708,0,6,7,6,14.285714285714286,0,0,6,6,6,13.166666666666666,0,0,1,0,1.0,1.0,1.1666666666666667,1.0,2,True,False,False,False,False,True,False,False,False,False,False,False,False,False,False,False,False,False,False,False,False,False,False,False,True,True,False
1.7296549799693344,-0.6531749116753804,-0.20566605609679903,-0.6939730878554988,0,4,4,0,0.0,0,0,4,4,0,0.0,0,0,1,1,0.0,0.0,1.0,1.0,0,True,False,False,False,False,True,False,False,False,False,False,False,False,False,False,False,False,True,False,False,False,True,False,False,False,False,False
-0.5540677512436588,0.5601558572210751,0.8992785454846383,0.8876884966579909,0,6,0,0,0.0,0,0,6,0,0,0.0,0,1,1,0,0.0,0.0,0.0,0.0,0,True,False,True,False,False,True,True,False,True,False,False,False,False,False,True,False,False,False,True,False,False,False,False,False,True,False,False
-0.5540677512436588,1.849319799173559,1.6520220553119929,-0.6939730878554988,0,6,8,6,15.0,0,0,6,8,5,15.166666666666666,0,0,0,0,1.0,0.8333333333333334,1.3333333333333333,1.3333333333333333,0,True,False,False,False,False,True,False,False,False,False,True,False,True,False,False,True,False,False,False,False,False,False,True,False,True,False,False
0.9684140695650034,-0.2740090463952381,0.022228767979372222,-0.4303628237699172,0,7,7,6,12.633333333333333,0,0,7,7,6,12.633333333333333,0,0,1,0,0.8571428571428571,0.8571428571428571,1.0,1.0,2,True,False,False,True,False,False,False,False,False,False,False,False,False,False,True,False,False,False,False,False,False,False,True,False,True,True,False
-0.5540677512436588,0.03690696313447821,-1.863082958468955,0.22866283644403682,0,5,5,5,11.2,0,0,5,5,5,12.6,0,1,1,1,1.0,1.0,1.0,1.0,0,True,False,False,False,False,False,False,True,False,False,False,False,False,False,True,False,False,False,False,False,False,False,False,True,False,False,False
2.4908958903736655,0.7118222033331321,0.12581732437763296,-0.6939730878554988,0,7,7,6,14.233333333333334,0,0,7,7,6,14.233333333333334,0,0,1,0,0.8571428571428571,0.8571428571428571,1.0,1.0,2,True,False,False,True,False,False,False,False,False,False,False,False,False,False,True,False,False,False,False,False,False,False,True,False,True,False,False
0.9684140695650034,0.02932364582887579,-0.5026199177718101,-0.2985576917271264,0,5,13,5,12.2,2,0,5,10,3,11.333333333333334,1,0,1,0,1.0,0.6,2.6,2.0,1,False,False,False,True,False,False,False,False,False,False,False,False,False,False,True,False,False,False,False,False,False,False,True,False,True,False,False
-0.5540677512436588,1.7734866261175306,0.9545257755637109,-0.6939730878554988,0,8,8,7,15.7,0,0,8,8,7,15.7,0,0,0,0,0.875,0.875,1.0,1.0,2,True,False,False,True,False,False,False,False,False,False,True,False,True,False,False,True,False,False,False,True,False,False,False,False,True,False,False
-0.5540677512436588,1.3943207608373882,0.7611604702869585,-0.6939730878554988,0,7,7,6,15.2,0,0,7,7,6,15.2,0,0,1,0,0.8571428571428571,0.8571428571428571,1.0,1.0,2,True,False,False,True,False,False,False,False,False,False,False,False,False,False,False,False,False,False,False,False,False,False,True,False,True,False,False
-0.5540677512436588,0.18098999194093274,0.40895937853287584,0.7558833646152,0,6,9,6,16.333333333333332,0,0,6,8,5,15.6,0,1,0,1,1.0,0.8333333333333334,1.5,1.3333333333333333,0,True,False,False,False,False,True,False,False,False,False,True,False,True,False,False,True,False,False,False,True,False,False,True,False,False,False,False
-0.5540677512436588,0.5601558572210751,0.8992785454846383,-0.4303628237699172,10,17,29,14,12.5625,4,7,12,24,12,12.857142857142858,1,0,0,0,0.8235294117647058,1.0,1.7058823529411764,2.0,2,True,False,False,False,False,True,False,True,False,False,True,False,True,False,False,True,False,False,False,True,False,False,False,False,True,False,False
-0.5540677512436588,0.5601558572210751,0.8992785454846383,0.3604679684868276,0,7,0,0,0.0,0,0,8,0,0,0.0,0,1,0,0,0.0,0.0,0.0,0.0,0,True,False,False,True,False,False,True,False,True,False,True,False,False,False,True,False,False,False,True,False,False,False,False,False,True,False,False
0.2071731591606723,-2.473171065020064,-1.911424284788143,-0.2985576917271264,0,6,8,5,12.4,0,0,6,6,6,12.0,0,0,1,0,0.8333333333333334,1.0,1.3333333333333333,1.0,2,True,False,False,False,False,True,False,False,False,False,False,False,False,False,False,False,False,False,False,False,False,False,True,False,True,False,False
-0.5540677512436588,-0.5015085655633235,-0.5302435328113464,-0.562167955812708,0,8,9,8,13.78125,1,0,8,9,8,13.78125,1,0,1,0,1.0,1.0,1.125,1.125,2,True,False,False,True,False,False,False,False,False,False,False,False,False,False,True,False,False,False,True,False,False,False,False,False,True,True,False
0.2071731591606723,-0.7290080847314089,-0.951503662164269,-0.562167955812708,0,6,10,6,12.166666666666666,0,0,6,8,5,11.666666666666666,0,0,1,1,1.0,0.8333333333333334,1.6666666666666667,1.3333333333333333,0,True,False,False,False,False,False,False,False,False,False,False,False,False,False,True,False,False,False,True,False,False,False,True,True,True,False,False
-0.5540677512436588,0.03690696313447821,-0.6890793192886778,-0.2985576917271264,0,6,8,5,11.8,0,0,6,8,5,11.833333333333334,0,0,1,0,0.8333333333333334,0.8333333333333334,1.3333333333333333,1.3333333333333333,1,True,False,False,False,False,True,False,False,False,False,False,False,False,False,False,False,False,False,True,False,False,False,False,False,True,False,False
-0.5540677512436588,0.33265633805298966,-0.27472509369563886,-0.4303628237699172,0,6,13,4,10.8,0,0,6,15,4,12.0,0,0,1,1,0.6666666666666666,0.6666666666666666,2.1666666666666665,2.5,2,True,False,True,False,False,True,False,False,False,False,False,False,False,False,True,False,False,False,False,True,False,False,False,True,True,False,False
3.2521368007779965,0.40848951110901816,0.01532286421948863,-0.6939730878554988,0,7,8,7,13.26,0,0,8,8,8,14.28625,0,0,1,0,1.0,1.0,1.1428571428571428,1.0,2,True,False,False,True,False,False,False,False,False,False,False,False,False,False,False,False,False,False,False,False,False,False,True,False,True,True,False
0.2071731591606723,-0.3498422194512666,0.9683375830834781,-0.4303628237699172,0,6,10,4,12.0,0,0,6,15,3,10.666666666666666,0,0,1,1,0.6666666666666666,0.5,1.6666666666666667,2.5,0,True,False,False,False,False,True,False,False,False,False,False,False,False,False,False,True,False,False,False,False,True,False,True,False,False,False,False
-0.5540677512436588,0.25682316499696123,-0.36450184257413043,-0.4303628237699172,0,6,9,6,11.875,0,0,6,7,6,14.428571428571429,0,0,1,0,1.0,1.0,1.5,1.1666666666666667,2,True,False,False,False,False,True,False,False,False,False,False,False,False,False,False,False,False,False,False,False,False,False,False,False,True,True,False
-0.5540677512436588,-0.425675392507295,-0.4059372651334349,-0.6939730878554988,0,7,11,5,12.16,0,0,7,7,2,13.4,0,0,1,0,0.7142857142857143,0.2857142857142857,1.5714285714285714,1.0,1,True,False,False,True,False,False,False,True,False,False,False,False,False,False,True,False,False,False,False,False,False,False,False,False,True,True,False
-0.5540677512436588,0.9393217225012175,1.320538674837561,-0.6939730878554988,0,6,6,1,15.0,0,0,6,7,4,12.5,0,0,1,0,0.16666666666666666,0.6666666666666666,1.0,1.1666666666666667,1,True,False,False,False,False,True,True,False,False,False,False,False,False,False,False,True,False,False,False,True,False,False,True,False,True,False,False
-0.5540677512436588,0.5601558572210751,1.0719261394817379,-0.6939730878554988,0,6,6,6,13.333333333333334,0,0,6,9,5,13.2,0,0,1,0,1.0,0.8333333333333334,1.0,1.5,2,True,False,False,False,False,True,False,False,False,False,False,False,False,False,False,False,False,False,False,False,False,False,True,False,True,False,False
-0.5540677512436588,0.40848951110901816,-0.012300750820047694,-0.6939730878554988,0,5,12,2,11.5,0,0,5,12,3,11.8,2,0,0,0,0.4,0.6,2.4,2.4,1,True,False,False,True,False,False,False,False,False,False,True,False,False,False,False,True,False,False,False,False,False,False,True,False,True,False,False
-0.5540677512436588,1.3184875877813598,1.5898689214730366,-0.16675255968433558,2,6,7,6,14.428571428571429,0,1,6,9,5,13.0,0,0,0,0,1.0,0.8333333333333334,1.1666666666666667,1.5,2,True,False,False,True,False,False,True,False,False,True,True,False,True,False,False,True,False,False,False,True,False,False,True,False,True,False,False
0.9684140695650034,1.3184875877813598,1.5898689214730366,-0.562167955812708,0,5,10,1,13.0,1,0,5,8,3,15.333333333333334,0,0,1,0,0.2,0.6,2.0,1.6,1,True,False,False,True,False,False,True,False,False,True,False,False,False,False,True,False,False,False,False,True,False,False,True,False,True,False,False
-0.5540677512436588,-0.12234270028318116,0.5194538386910192,-0.562167955812708,0,6,7,6,15.0,0,0,6,8,6,14.333333333333334,0,0,1,0,1.0,1.0,1.1666666666666667,1.3333333333333333,2,True,False,False,False,False,True,False,False,False,False,False,False,False,False,False,False,False,False,False,True,False,False,True,False,True,True,False
0.2071731591606723,0.25682316499696123,0.17415865069682004,-0.6939730878554988,0,7,9,7,15.155555555555557,0,0,8,8,8,16.8,0,0,1,0,1.0,1.0,1.2857142857142858,1.0,2,True,False,False,True,False,False,False,False,False,False,False,False,False,False,False,False,False,False,False,False,False,False,True,False,True,False,False
-0.5540677512436588,-1.1840071230675797,-0.951503662164269,-0.4303628237699172,0,6,8,6,10.666666666666666,0,0,6,7,6,11.857142857142858,0,0,1,1,1.0,1.0,1.3333333333333333,1.1666666666666667,2,True,False,False,False,False,True,False,False,False,False,False,False,False,False,False,False,False,False,False,False,False,False,True,True,True,False,False
-0.5540677512436588,1.9251529722295875,0.9130903530044054,-0.6939730878554988,0,6,9,5,11.0,0,0,6,9,4,11.25,0,0,1,0,0.8333333333333334,0.6666666666666666,1.5,1.5,0,True,False,False,False,False,True,False,False,False,False,False,False,False,False,True,False,False,False,True,False,False,False,True,False,True,False,False
0.2071731591606723,-0.2740090463952381,-0.53714943657123,-0.2985576917271264,0,6,0,0,0.0,0,0,6,0,0,0.0,0,0,1,0,0.0,0.0,0.0,0.0,0,True,False,False,False,False,False,False,False,False,False,False,False,False,False,True,False,False,False,True,False,False,False,True,False,True,False,False
-0.5540677512436588,0.5601558572210751,0.9476198718038253,-0.562167955812708,0,6,7,6,12.285714285714286,0,0,6,7,6,12.0,0,0,1,0,1.0,1.0,1.1666666666666667,1.1666666666666667,2,True,False,False,False,False,True,False,False,False,False,False,False,False,False,True,False,False,False,True,False,False,False,False,False,True,False,False
2.4908958903736655,0.6359890302771035,1.0581143319619706,-0.6939730878554988,0,8,8,8,12.82875,0,0,8,8,8,12.82875,0,0,1,0,1.0,1.0,1.0,1.0,0,True,False,False,True,False,False,False,False,False,False,False,False,False,False,False,False,False,False,False,False,False,False,True,False,True,False,False
1.7296549799693344,-0.04650952722715268,0.20178226573635638,-0.6939730878554988,0,6,6,6,12.666666666666666,0,0,6,8,5,14.4,0,0,1,0,1.0,0.8333333333333334,1.0,1.3333333333333333,2,True,False,False,False,False,True,False,False,False,False,False,False,False,False,False,False,False,True,True,False,False,False,True,False,True,False,True
-0.5540677512436588,0.02932364582887579,0.540171549970672,-0.6939730878554988,0,0,0,0,0.0,0,0,0,0,0,0.0,0,0,1,0,0.0,0.0,0.0,0.0,1,True,False,False,False,False,True,False,False,False,False,False,False,False,False,False,False,False,False,False,False,False,False,True,False,True,False,False
-0.5540677512436588,-1.7906725075158074,-1.579940904313712,-0.2985576917271264,0,6,16,2,13.0,0,0,6,8,0,0.0,0,0,1,1,0.3333333333333333,0.0,2.6666666666666665,1.3333333333333333,0,True,False,False,True,False,False,False,False,False,False,False,False,False,False,True,False,False,False,False,False,False,False,True,True,False,True,False
-0.5540677512436588,0.18098999194093274,-0.31616051625494235,-0.562167955812708,0,5,10,5,10.875,0,0,5,8,4,12.4,0,0,1,1,1.0,0.8,2.0,1.6,2,True,False,False,False,False,False,False,False,False,False,False,False,False,False,True,False,False,False,True,False,False,False,False,True,True,False,False
-0.5540677512436588,-0.8048412577874374,-0.4404667839328548,-0.562167955812708,0,5,5,5,12.8,0,0,5,8,5,11.6,0,0,1,0,1.0,1.0,1.0,1.6,2,True,False,False,False,False,False,False,False,False,False,False,False,False,False,False,False,False,False,False,False,False,False,True,False,True,True,False
0.9684140695650034,-1.1081739500115513,-1.0067508922433406,-0.562167955812708,0,6,10,5,11.285714285714286,0,0,6,7,0,0.0,0,0,1,0,0.8333333333333334,0.0,1.6666666666666667,1.1666666666666667,0,True,False,False,False,False,True,False,False,False,False,False,False,False,False,True,False,False,False,False,False,False,False,True,False,True,False,False
-0.5540677512436588,3.138483741126043,2.1354353185038715,-0.6939730878554988,0,0,0,0,0.0,0,0,0,0,0,0.0,0,0,0,0,0.0,0.0,0.0,0.0,2,True,False,False,False,False,True,False,False,False,False,True,False,True,False,False,True,False,False,False,True,False,False,False,False,True,False,False
-0.5540677512436588,0.7118222033331321,-0.07445388465900295,-0.562167955812708,0,6,0,0,0.0,0,0,6,11,1,10.0,0,0,1,0,0.0,0.16666666666666666,0.0,1.8333333333333333,0,True,False,False,False,False,False,False,True,False,False,False,False,False,False,False,False,False,False,False,False,False,False,False,False,True,True,False
0.2071731591606723,-0.12234270028318116,-0.5923966666503017,-0.4303628237699172,0,7,9,6,13.766666666666666,0,0,8,9,8,13.744444444444444,0,0,1,0,0.8571428571428571,1.0,1.2857142857142858,1.125,0,True,False,False,True,False,False,False,False,False,False,False,False,False,False,True,False,False,False,False,False,False,False,True,False,True,True,False
0.9684140695650034,0.48432268416504665,0.2639353995753126,-0.6939730878554988,0,8,9,6,12.758333333333333,1,0,8,9,6,12.758333333333333,1,0,0,1,0.75,0.75,1.125,1.125,0,True,False,False,True,False,False,False,False,False,False,False,True,False,True,False,True,False,False,False,True,False,False,True,False,False,False,False
-0.5540677512436588,2.8351510489019294,3.4337452253620593,-0.562167955812708,0,0,0,0,0.0,0,0,0,0,0,0.0,0,0,1,0,0.0,0.0,0.0,0.0,0,True,False,False,False,False,True,False,False,False,False,False,False,False,False,False,False,False,False,False,False,False,False,True,False,True,True,False
-0.5540677512436588,3.745149125574271,2.059470377145148,-0.6939730878554988,0,6,6,6,12.666666666666666,0,0,6,8,6,13.25,0,0,1,0,1.0,1.0,1.0,1.3333333333333333,2,True,False,False,False,False,True,False,False,False,False,False,False,False,False,True,False,False,False,False,False,False,False,True,False,True,False,False
-0.5540677512436588,-0.577341738619352,-0.012300750820047694,-0.6939730878554988,0,6,13,6,12.0,0,0,6,16,4,12.75,0,0,1,0,1.0,0.6666666666666666,2.1666666666666665,2.6666666666666665,1,True,False,False,True,False,False,False,False,False,False,False,False,False,False,False,True,False,False,False,False,False,False,False,False,True,False,False
-0.5540677512436588,0.7118222033331321,0.0705700942985603,-0.562167955812708,0,6,8,6,12.25,0,0,6,8,6,12.0,0,0,1,0,1.0,1.0,1.3333333333333333,1.3333333333333333,2,True,False,False,False,False,True,False,False,False,False,False,False,False,False,True,False,False,False,False,False,False,False,False,False,True,True,False
0.2071731591606723,-1.0323407769555228,-0.9100682396049655,-0.4303628237699172,0,5,8,3,11.333333333333334,0,0,5,8,5,12.2,0,0,1,0,0.6,1.0,1.6,1.6,2,True,False,False,False,False,False,False,False,False,False,False,False,False,False,True,False,False,False,True,False,False,False,True,False,True,False,False
2.4908958903736655,-0.3498422194512666,-0.4266549764130867,-0.562167955812708,0,7,9,7,13.507142857142856,0,0,8,12,8,13.05,0,0,1,0,1.0,1.0,1.2857142857142858,1.5,2,True,False,False,True,False,False,False,False,False,False,False,False,False,False,True,False,False,False,True,False,False,False,True,False,True,True,False
0.9684140695650034,1.3184875877813598,0.2639353995753126,-0.6939730878554988,0,8,8,7,13.614285714285714,0,0,8,8,7,13.614285714285714,0,0,1,0,0.875,0.875,1.0,1.0,2,True,False,False,True,False,False,False,False,False,False,False,False,False,False,False,True,False,False,False,True,False,False,True,False,True,False,False
-0.5540677512436588,0.03690696313447821,-1.7940239208701152,0.22866283644403682,0,6,6,0,0.0,0,0,6,6,0,0.0,0,1,1,1,0.0,0.0,1.0,1.0,0,True,False,False,False,False,False,False,True,False,False,False,False,False,False,True,False,False,False,False,True,False,False,False,True,True,False,False
2.4908958903736655,-0.12234270028318116,-0.06064207713923577,-0.6939730878554988,0,6,9,4,11.5,1,0,6,6,6,12.166666666666666,0,0,1,1,0.6666666666666666,1.0,1.5,1.0,2,True,False,False,False,False,True,False,False,False,False,False,False,False,False,False,False,False,False,False,False,False,False,True,False,False,False,False
2.4908958903736655,-1.1081739500115513,-0.9100682396049655,-0.562167955812708,0,6,7,6,12.333333333333334,0,0,6,7,6,12.5,0,0,1,0,1.0,1.0,1.1666666666666667,1.1666666666666667,2,True,False,False,False,False,True,False,False,False,False,False,False,False,False,False,False,False,False,False,False,False,False,True,False,True,False,False
0.2071731591606723,-0.8048412577874374,-0.5993025704101862,-0.562167955812708,0,7,7,7,11.971428571428572,0,0,8,8,8,14.4375,0,0,1,0,1.0,1.0,1.0,1.0,2,True,False,False,True,False,False,False,False,False,False,False,False,False,False,True,False,False,False,False,False,False,False,True,False,True,True,False
-0.5540677512436588,-1.2598402961236081,0.06366419053867671,-0.4303628237699172,0,5,12,2,13.0,1,0,5,13,2,11.5,0,0,1,1,0.4,0.4,2.4,2.6,0,True,False,False,False,False,False,False,False,False,False,False,False,False,False,True,False,False,False,False,False,False,False,False,True,False,True,False
2.4908958903736655,0.33265633805298966,0.28465311085496336,-0.6939730878554988,0,7,9,7,12.385714285714286,0,0,8,9,7,12.728571428571428,0,0,1,0,1.0,0.875,1.2857142857142858,1.125,1,True,False,False,True,False,False,False,False,False,False,False,False,False,False,True,False,False,False,True,False,False,False,True,False,True,False,False
1.7296549799693344,-0.3498422194512666,-0.6269261854497216,-0.4303628237699172,0,5,12,2,13.5,0,0,5,12,5,11.285714285714286,1,0,1,0,0.4,1.0,2.4,2.4,2,True,False,False,True,False,False,False,False,False,False,False,False,False,False,True,False,False,False,False,False,False,False,True,False,True,False,False
-0.5540677512436588,-0.7290080847314089,-0.7788560681671695,-0.2985576917271264,0,6,8,6,12.166666666666666,0,0,6,7,6,13.285714285714286,0,0,1,0,1.0,1.0,1.3333333333333333,1.1666666666666667,2,True,False,False,False,False,True,False,False,False,False,False,False,False,False,False,False,False,False,False,False,False,False,True,False,True,False,False
0.2071731591606723,0.03690696313447821,0.9683375830834781,-0.562167955812708,0,0,0,0,0.0,0,0,0,0,0,0.0,0,0,0,0,0.0,0.0,0.0,0.0,2,True,False,False,False,False,True,False,False,False,False,True,False,False,False,False,True,False,False,False,True,False,False,True,False,True,False,False
-0.5540677512436588,-1.714839334459779,-0.48190220649215837,2.4693500811714806,0,6,6,6,11.666666666666666,0,0,6,6,6,13.666666666666666,0,1,1,0,1.0,1.0,1.0,1.0,2,False,False,True,False,False,True,False,True,False,True,False,False,False,False,False,False,False,False,False,False,False,False,False,False,True,False,False
-0.5540677512436588,0.7876553763891605,0.33299443717415245,-0.6939730878554988,0,6,9,5,12.4,0,0,6,12,5,14.166666666666666,0,0,0,1,0.8333333333333334,0.8333333333333334,1.5,2.0,1,True,False,False,False,False,True,False,False,False,False,True,False,True,False,False,True,False,False,False,True,False,False,True,True,False,False,False
-0.5540677512436588,1.3184875877813598,0.28465311085496336,-0.562167955812708,0,6,7,5,13.4,0,0,6,6,6,12.833333333333334,0,0,1,0,0.8333333333333334,1.0,1.1666666666666667,1.0,2,True,False,False,False,False,True,False,False,False,False,False,False,False,False,False,False,False,False,False,False,False,False,False,False,True,True,False
3.2521368007779965,-0.2740090463952381,-0.6338320892096062,-0.6939730878554988,0,6,11,6,12.0,0,0,6,11,4,12.5,0,0,1,0,1.0,0.6666666666666666,1.8333333333333333,1.8333333333333333,2,True,False,False,False,False,False,False,False,False,False,False,False,False,False,False,False,False,False,True,False,False,False,True,False,True,False,False
-0.5540677512436588,0.5601558572210751,0.8992785454846383,-0.2985576917271264,0,5,6,5,14.2,0,0,5,5,5,14.8,0,0,1,0,1.0,1.0,1.2,1.0,2,True,False,False,True,False,False,True,False,False,False,False,False,False,False,True,False,False,False,True,False,False,False,True,False,True,False,False
-0.5540677512436588,0.03690696313447821,-1.3106106576782364,-0.4303628237699172,0,6,8,6,12.125,0,0,6,7,6,14.428571428571429,0,0,1,0,1.0,1.0,1.3333333333333333,1.1666666666666667,2,True,False,False,False,False,True,False,False,False,False,False,False,False,False,True,False,False,False,True,False,False,False,False,False,True,True,False
-0.5540677512436588,-0.04650952722715268,-0.28163099745552245,-0.4303628237699172,0,7,7,7,13.857142857142858,0,0,7,7,7,13.285714285714286,0,0,1,0,1.0,1.0,1.0,1.0,2,True,False,False,False,False,True,False,False,False,False,False,False,False,False,False,True,False,False,False,True,False,False,True,False,True,False,False
-0.5540677512436588,-0.19817587333920963,0.20868816949623997,-0.2985576917271264,1,6,13,3,11.75,0,1,6,13,5,12.333333333333334,0,0,0,0,0.5,0.8333333333333334,2.1666666666666665,2.1666666666666665,1,True,False,False,True,False,False,True,False,False,True,True,False,False,False,False,True,False,False,False,False,False,False,True,False,True,False,False
1.7296549799693344,0.33265633805298966,-0.06754798089911936,-0.562167955812708,0,7,9,7,14.283333333333337,0,0,8,9,8,13.125555555555556,0,0,1,0,1.0,1.0,1.2857142857142858,1.125,2,True,False,False,True,False,False,False,False,False,False,False,False,False,False,False,False,False,False,False,False,False,False,True,False,True,False,False
-0.5540677512436588,0.03690696313447821,0.4849243198915993,-0.2985576917271264,10,13,21,11,13.272727272727272,0,6,11,13,9,13.0,0,0,1,0,0.8461538461538461,0.8181818181818182,1.6153846153846154,1.1818181818181819,2,True,False,False,False,False,True,False,True,False,False,False,False,False,False,True,False,False,False,False,False,False,False,False,False,True,False,False
-0.5540677512436588,0.7876553763891605,0.5056420311712521,-0.562167955812708,0,6,6,6,14.666666666666666,0,0,6,7,6,15.142857142857142,0,0,1,0,1.0,1.0,1.0,1.1666666666666667,2,True,False,False,False,False,True,False,False,False,False,False,False,False,False,True,False,False,False,False,False,False,False,True,False,True,False,False
-0.5540677512436588,1.166821241669303,0.8095017966061457,-0.562167955812708,0,7,10,7,15.114999999999998,0,0,8,10,8,15.092,0,0,1,0,1.0,1.0,1.4285714285714286,1.25,2,True,False,False,True,False,False,False,False,False,False,False,False,False,False,False,False,False,False,False,False,False,False,False,False,True,True,False
0.2071731591606723,0.33265633805298966,1.1271733695608104,-0.6939730878554988,0,0,0,0,0.0,0,0,0,0,0,0.0,0,0,1,0,0.0,0.0,0.0,0.0,1,True,False,False,False,False,True,False,False,False,False,False,False,False,False,True,False,False,False,False,True,False,False,True,False,True,False,False
-0.5540677512436588,2.0768193183416446,2.280459297461435,-0.16675255968433558,1,6,13,6,15.0,0,1,6,7,6,13.142857142857142,0,0,1,0,1.0,1.0,2.1666666666666665,1.1666666666666667,2,True,False,False,True,False,False,True,False,False,True,False,False,False,False,False,False,False,False,False,False,False,False,True,False,True,False,False
0.2071731591606723,-1.5631729883477221,-1.1034335448817167,-0.2985576917271264,0,6,8,5,13.2,0,0,6,9,5,14.333333333333334,0,0,0,0,0.8333333333333334,0.8333333333333334,1.3333333333333333,1.5,2,True,False,False,False,False,True,False,False,False,False,True,False,False,False,False,True,False,False,True,False,False,False,False,False,True,False,False
1.7296549799693344,0.02932364582887579,0.10509961309798022,-0.6939730878554988,0,6,14,2,11.0,0,0,6,14,3,10.333333333333334,0,0,1,0,0.3333333333333333,0.5,2.3333333333333335,2.3333333333333335,0,True,False,False,False,False,False,False,False,False,False,False,False,False,False,True,False,False,False,False,False,False,False,True,False,True,True,False
1.7296549799693344,0.7118222033331321,0.41586528229275943,-0.4303628237699172,0,8,8,7,14.565714285714288,0,0,8,8,7,14.565714285714288,0,0,0,0,0.875,0.875,1.0,1.0,2,True,False,False,True,False,False,False,False,False,False,False,False,True,False,False,True,False,False,False,True,False,False,False,False,True,True,False
0.2071731591606723,-0.7290080847314089,-0.8548210095258938,-0.6939730878554988,0,5,8,3,12.0,0,0,5,6,4,10.75,0,0,1,1,0.6,0.8,1.6,1.2,0,True,False,False,False,False,False,False,False,False,False,False,False,False,False,False,False,True,False,False,False,True,False,True,True,False,False,False
-0.5540677512436588,-2.2456715458519785,-1.579940904313712,-0.4303628237699172,0,6,6,0,0.0,0,0,5,5,0,0.0,0,0,1,0,0.0,0.0,1.0,1.0,0,True,False,False,False,False,True,False,False,False,False,False,False,False,False,False,False,False,False,False,False,False,False,False,False,True,False,False
1.7296549799693344,0.5601558572210751,0.04294647925902397,-0.034947427641544786,0,7,7,6,13.796666666666669,0,0,8,11,7,13.775,0,0,1,0,0.8571428571428571,0.875,1.0,1.375,2,True,False,False,True,False,False,False,False,False,False,False,False,False,False,False,True,False,False,False,True,False,False,True,False,True,False,False
0.2071731591606723,2.000986145285616,1.6589279590718764,-0.6939730878554988,0,6,6,6,14.833333333333334,0,0,6,6,6,15.333333333333334,0,0,1,0,1.0,1.0,1.0,1.0,2,True,False,False,False,False,True,False,False,False,False,False,False,False,False,False,True,False,False,False,True,False,False,True,False,True,False,False
-0.5540677512436588,0.5601558572210751,0.6023246838096262,-0.4303628237699172,3,6,6,6,12.833333333333334,0,2,6,6,6,13.833333333333334,0,0,1,0,1.0,1.0,1.0,1.0,2,True,False,False,False,False,True,True,False,False,True,False,False,False,False,False,False,False,False,False,True,False,False,True,False,True,False,False
-0.5540677512436588,1.166821241669303,0.7473486627671915,-0.6939730878554988,0,8,8,7,14.962857142857144,0,0,8,8,7,14.962857142857144,0,0,1,0,0.875,0.875,1.0,1.0,2,True,False,False,True,False,False,False,False,False,False,False,False,False,False,True,False,False,False,False,False,False,False,True,False,True,True,False
3.2521368007779965,-1.5631729883477221,-0.6683616080090261,-0.4303628237699172,0,5,8,4,12.0,0,0,5,8,5,11.2,0,0,1,0,0.8,1.0,1.6,1.6,2,True,False,False,False,False,False,False,False,False,False,False,False,False,False,False,False,False,False,False,False,False,False,True,False,True,False,False
0.2071731591606723,-0.12234270028318116,-0.39903136137355033,-0.6939730878554988,0,7,8,7,12.4,0,0,8,9,8,12.8,0,0,0,0,1.0,1.0,1.1428571428571428,1.125,2,True,False,False,True,False,False,False,False,False,False,False,False,True,False,False,True,False,False,False,True,False,False,True,False,True,False,False
-0.5540677512436588,0.9393217225012175,0.16034684317705286,-0.4303628237699172,0,6,7,6,15.571428571428571,0,0,6,6,6,17.166666666666668,0,0,0,0,1.0,1.0,1.1666666666666667,1.0,2,True,False,False,False,False,False,False,False,False,False,True,False,True,False,False,True,False,False,False,True,False,False,True,False,True,False,False
2.4908958903736655,0.03690696313447821,-0.27472509369563886,-0.562167955812708,0,8,8,7,13.714285714285714,0,0,8,8,7,13.714285714285714,0,0,1,0,0.875,0.875,1.0,1.0,2,True,False,False,True,False,False,False,False,False,False,False,False,False,False,True,False,False,False,False,False,False,False,True,False,True,False,False
-0.5540677512436588,0.5601558572210751,0.8992785454846383,-0.2985576917271264,2,6,9,6,13.142857142857142,0,0,6,9,6,12.166666666666666,0,0,1,0,1.0,1.0,1.5,1.5,2,True,False,False,True,False,False,True,False,False,True,False,False,False,False,True,False,False,False,True,False,False,False,False,False,True,False,False
-0.5540677512436588,0.5601558572210751,0.8992785454846383,1.2831038927863632,0,6,7,6,15.0,0,0,6,8,3,11.0,0,1,1,0,1.0,0.5,1.1666666666666667,1.3333333333333333,2,False,False,False,False,False,True,True,False,True,False,False,False,False,False,False,False,False,False,False,False,False,False,False,False,True,False,False
-0.5540677512436588,1.3184875877813598,1.216950118439301,0.09685770440124603,0,5,6,1,13.0,0,0,5,5,0,0.0,0,1,0,1,0.2,0.0,1.2,1.0,0,True,False,False,True,False,False,False,False,False,False,False,False,True,False,True,False,False,False,False,True,False,False,False,True,False,False,False
-0.5540677512436588,-0.9565076038994943,-0.5993025704101862,-0.4303628237699172,8,11,12,11,12.0,0,6,11,14,11,12.75,0,0,1,0,1.0,1.0,1.0909090909090908,1.2727272727272727,2,True,False,False,False,False,True,False,True,False,False,False,False,False,False,True,False,False,False,False,True,False,False,False,False,True,True,False
-0.5540677512436588,1.7734866261175306,1.8384814568288597,-0.6939730878554988,0,0,0,0,0.0,0,0,0,0,0,0.0,0,0,1,0,0.0,0.0,0.0,0.0,2,True,False,False,False,False,True,False,False,False,False,False,False,False,False,False,False,False,False,False,True,False,False,True,False,True,False,False
1.7296549799693344,2.6076515297338436,2.163058933543408,-0.6939730878554988,0,6,6,6,15.166666666666666,0,0,6,6,6,14.166666666666666,0,0,1,0,1.0,1.0,1.0,1.0,2,True,False,False,False,False,True,False,False,False,False,False,False,False,False,False,False,False,False,False,True,False,False,True,False,True,False,False
-0.5540677512436588,0.03690696313447821,-1.863082958468955,0.7558833646152,1,6,9,4,12.0,0,1,6,13,2,10.5,0,1,1,1,0.6666666666666666,0.3333333333333333,1.5,2.1666666666666665,0,True,False,True,False,False,True,False,True,False,True,False,False,False,False,False,False,True,False,False,False,True,False,False,True,True,False,False
-0.5540677512436588,1.0909880686132745,0.5470774537305555,-0.6939730878554988,0,7,7,7,13.642857142857142,0,0,8,11,8,14.772727272727272,0,0,1,0,1.0,1.0,1.0,1.375,2,True,False,False,True,False,False,False,False,False,False,False,False,False,False,True,False,False,False,True,False,False,False,False,False,True,False,False
0.9684140695650034,-0.2740090463952381,1.037396620682318,-0.562167955812708,0,6,8,6,12.666666666666666,0,0,6,7,6,12.714285714285714,0,0,1,0,1.0,1.0,1.3333333333333333,1.1666666666666667,2,True,False,False,False,False,True,False,False,False,False,False,False,False,False,True,False,False,False,True,False,False,False,True,False,True,False,False
-0.5540677512436588,0.25682316499696123,0.022228767979372222,-0.562167955812708,0,0,0,0,0.0,0,0,0,0,0,0.0,0,0,1,0,0.0,0.0,0.0,0.0,0,True,False,False,False,False,True,False,False,False,False,False,False,False,False,False,False,False,False,False,False,False,False,True,False,True,False,False
-0.5540677512436588,-0.3498422194512666,-0.7236088380880977,-0.6939730878554988,0,6,8,5,10.8,0,0,6,9,6,10.5,0,0,1,0,0.8333333333333334,1.0,1.3333333333333333,1.5,2,True,False,False,False,False,True,False,False,False,False,False,False,False,False,True,False,False,False,True,False,False,False,False,False,True,True,False
-0.5540677512436588,0.5601558572210751,0.8025958928462621,-0.562167955812708,0,7,9,6,14.25,0,0,8,11,8,13.063636363636364,0,0,1,0,0.8571428571428571,1.0,1.2857142857142858,1.375,2,True,False,False,True,False,False,False,True,False,False,False,False,False,False,False,False,False,False,False,False,False,False,False,False,True,True,False
-0.5540677512436588,0.6359890302771035,0.41586528229275943,-0.4303628237699172,6,14,22,12,12.153846153846152,0,5,12,18,10,12.9,0,0,1,0,0.8571428571428571,0.8333333333333334,1.5714285714285714,1.5,0,True,False,False,False,False,True,False,True,False,False,False,False,False,False,False,False,False,False,False,True,False,False,False,False,True,False,False
0.2071731591606723,0.02932364582887579,0.6368542026090461,-0.562167955812708,0,6,14,1,11.5,0,0,6,12,2,10.5,0,0,0,0,0.16666666666666666,0.3333333333333333,2.3333333333333335,2.0,1,True,False,False,False,False,True,False,False,False,False,True,False,False,False,False,True,False,False,True,False,False,False,True,False,True,False,False
-0.5540677512436588,-0.577341738619352,-0.620020281689838,-0.562167955812708,0,6,10,4,12.25,0,0,6,9,3,12.333333333333334,0,0,1,0,0.6666666666666666,0.5,1.6666666666666667,1.5,2,True,False,False,False,False,False,False,False,False,False,False,False,False,False,False,False,False,False,True,False,False,False,True,False,True,True,False
-0.5540677512436588,-0.6531749116753804,-0.012300750820047694,-0.6939730878554988,1,6,8,6,12.0,1,0,6,12,5,11.142857142857142,0,0,1,0,1.0,0.8333333333333334,1.3333333333333333,2.0,1,True,False,False,False,False,True,False,False,False,False,False,False,False,False,True,False,False,False,True,False,False,False,False,False,True,True,False
3.2521368007779965,0.5601558572210751,0.10509961309798022,-0.6939730878554988,0,8,8,8,13.40375,0,0,8,8,8,13.40375,0,0,1,0,1.0,1.0,1.0,1.0,2,True,False,False,True,False,False,False,False,False,False,False,False,False,False,True,False,False,False,False,False,False,False,True,False,True,True,False
-0.5540677512436588,0.5601558572210751,0.20178226573635638,-0.562167955812708,0,6,15,6,11.333333333333334,0,0,6,9,3,12.666666666666666,0,0,0,0,1.0,0.5,2.5,1.5,2,True,False,False,False,False,False,False,False,False,False,True,False,False,False,False,True,False,False,False,True,False,False,False,False,True,True,False
1.7296549799693344,0.33265633805298966,-0.08135978841888752,-0.4303628237699172,0,6,7,5,12.2,0,0,6,6,6,12.333333333333334,0,0,1,1,0.8333333333333334,1.0,1.1666666666666667,1.0,0,True,True,False,False,False,True,False,False,False,False,False,False,False,False,True,False,False,False,True,False,False,False,False,True,True,False,False
-0.5540677512436588,0.8634885494451889,0.16034684317705286,-0.6939730878554988,0,0,0,0,0.0,0,0,0,0,0,0.0,0,0,1,0,0.0,0.0,0.0,0.0,1,True,True,False,False,False,True,False,False,False,False,False,False,False,False,False,False,False,False,False,False,False,False,True,False,True,True,False
3.2521368007779965,0.40848951110901816,-0.15732472977761094,-0.6939730878554988,0,7,0,0,0.0,0,0,8,0,0,0.0,0,0,0,0,0.0,0.0,0.0,0.0,0,True,True,False,True,False,False,False,False,False,False,True,False,False,False,False,True,False,False,False,True,False,False,True,False,True,False,False
-0.5540677512436588,-0.19817587333920963,1.928258205707352,1.546714156871945,0,6,8,5,16.166666666666668,0,0,6,10,4,16.0,0,1,0,1,0.8333333333333334,0.6666666666666666,1.3333333333333333,1.6666666666666667,0,True,True,False,False,False,True,False,True,False,False,True,False,False,False,False,True,False,False,True,False,False,False,False,True,False,False,False
-0.5540677512436588,0.7118222033331321,0.022228767979372222,-0.6939730878554988,0,5,10,3,11.0,0,0,5,6,3,11.0,1,0,1,0,0.6,0.6,2.0,1.2,1,True,True,False,False,True,False,False,False,False,False,False,False,False,False,False,False,False,False,False,False,False,False,False,False,True,False,False
-0.5540677512436588,0.25682316499696123,0.13962913189740012,-0.562167955812708,0,0,0,0,0.0,0,0,0,0,0,0.0,0,0,1,0,0.0,0.0,0.0,0.0,2,True,True,False,False,False,True,False,False,False,False,False,False,False,False,True,False,False,False,False,False,False,False,True,False,True,True,False
0.2071731591606723,0.03690696313447821,-2.001201033666635,-0.562167955812708,0,6,8,4,12.0,0,0,6,8,6,12.285714285714286,0,0,1,0,0.6666666666666666,1.0,1.3333333333333333,1.3333333333333333,1,True,True,False,False,False,True,False,False,False,False,False,False,False,False,True,False,False,False,False,False,False,False,True,False,True,True,False
0.2071731591606723,-0.19817587333920963,-0.34378413129447866,-0.4303628237699172,0,5,8,2,10.5,0,0,5,11,4,12.25,0,0,1,0,0.4,0.8,1.6,2.2,1,True,True,False,False,False,False,False,False,False,False,False,False,False,False,True,False,False,False,False,False,False,False,True,False,True,False,False
-0.5540677512436588,-1.1840071230675797,-0.999844988483457,-0.562167955812708,3,6,7,3,11.666666666666666,0,1,6,13,4,10.333333333333334,0,0,1,0,0.5,0.6666666666666666,1.1666666666666667,2.1666666666666665,1,True,True,False,False,False,True,False,True,False,False,False,False,False,False,True,False,False,False,False,False,False,False,True,False,True,False,False
0.9684140695650034,0.25682316499696123,0.022228767979372222,-0.562167955812708,0,5,8,3,11.0,0,0,5,7,2,10.0,0,0,1,0,0.6,0.4,1.6,1.4,0,True,True,False,False,False,False,False,False,False,False,False,False,False,False,False,False,False,False,False,False,False,False,True,False,True,False,False
0.2071731591606723,0.03690696313447821,-1.828553439669535,0.09685770440124603,0,7,18,0,0.0,0,0,7,13,0,0.0,1,1,1,0,0.0,0.0,2.5714285714285716,1.8571428571428572,0,True,True,False,True,False,False,False,True,False,False,False,False,False,False,False,False,False,False,False,False,False,False,False,False,True,False,False
-0.5540677512436588,0.5601558572210751,-0.34378413129447866,0.7558833646152,0,6,11,4,12.5,0,0,6,7,0,0.0,0,1,1,1,0.6666666666666666,0.0,1.8333333333333333,1.1666666666666667,0,True,True,True,False,False,True,False,True,False,False,False,False,False,False,False,False,False,False,False,False,False,False,True,True,False,False,False
-0.5540677512436588,1.3184875877813598,0.8992785454846383,0.09685770440124603,0,7,11,7,11.294444444444444,0,0,8,22,2,12.6,0,1,0,0,1.0,0.25,1.5714285714285714,2.75,2,True,True,False,True,False,False,False,True,False,False,False,False,True,False,False,False,False,False,False,True,False,False,False,False,True,False,False
0.2071731591606723,-0.8806744308434659,-0.7512324531276341,-0.562167955812708,0,6,8,5,11.2,0,0,6,11,4,12.5,0,0,1,0,0.8333333333333334,0.6666666666666666,1.3333333333333333,1.8333333333333333,2,True,True,False,False,False,False,False,False,False,False,False,False,False,False,False,False,False,False,False,False,False,False,True,False,True,False,False
-0.5540677512436588,-0.9565076038994943,0.20868816949623997,1.8103244209575264,0,0,0,0,0.0,0,0,0,0,0,0.0,0,1,1,0,0.0,0.0,0.0,0.0,0,False,True,False,False,False,True,True,False,True,False,False,False,False,False,False,False,False,False,False,False,False,False,True,False,True,False,False
0.2071731591606723,0.7876553763891605,1.3274445785974445,-0.6939730878554988,0,6,7,5,13.2,0,0,6,6,5,11.8,0,0,1,0,0.8333333333333334,0.8333333333333334,1.1666666666666667,1.0,2,True,True,False,False,False,True,True,False,False,False,False,False,False,False,True,False,False,False,False,False,False,False,True,False,True,False,False
-0.5540677512436588,3.593482779462214,3.6616400494382315,-0.4303628237699172,3,7,12,6,14.142857142857142,0,1,6,10,6,14.125,0,0,1,0,0.8571428571428571,1.0,1.7142857142857142,1.6666666666666667,1,True,True,False,False,True,False,True,False,False,True,False,False,False,False,False,False,False,False,False,False,False,False,False,False,True,True,False
2.4908958903736655,-0.04650952722715268,0.05675828677879213,-0.6939730878554988,0,5,0,0,0.0,0,0,5,0,0,0.0,0,0,0,1,0.0,0.0,0.0,0.0,0,True,True,False,False,False,False,False,False,False,False,False,True,False,True,False,True,False,False,False,True,False,False,True,False,False,False,False
-0.5540677512436588,-0.19817587333920963,0.2639353995753126,-0.16675255968433558,0,5,5,0,0.0,0,0,5,9,3,13.333333333333334,2,0,1,0,0.0,0.6,1.0,1.8,1,True,True,False,False,False,False,False,True,False,False,False,False,False,False,False,False,False,False,False,False,False,False,False,False,True,False,False
0.2071731591606723,0.03690696313447821,-1.2415516200793966,-0.16675255968433558,0,5,7,3,12.333333333333334,0,0,5,9,3,10.571428571428571,0,0,1,0,0.6,0.6,1.4,1.8,1,True,True,False,False,False,False,False,False,False,False,False,False,False,False,True,False,False,False,False,False,False,False,True,False,True,True,False
2.4908958903736655,-0.12234270028318116,0.37442985973345594,-0.6939730878554988,0,6,6,0,0.0,0,0,6,0,0,0.0,0,0,1,1,0.0,0.0,1.0,0.0,0,True,True,False,False,False,True,False,False,False,False,False,False,False,False,False,False,False,False,True,False,False,False,True,True,False,False,False
0.9684140695650034,1.2426544147253313,0.16034684317705286,-0.6939730878554988,0,8,8,7,13.1,0,0,8,8,7,13.1,0,0,1,0,0.875,0.875,1.0,1.0,2,True,True,False,True,False,False,False,False,False,False,False,False,False,False,True,False,False,False,True,False,False,False,True,False,True,False,False
-0.5540677512436588,-0.6531749116753804,-0.10898340345842286,-0.562167955812708,0,6,6,6,13.5,0,0,6,6,6,13.166666666666666,0,0,1,0,1.0,1.0,1.0,1.0,2,True,True,False,False,False,True,False,False,False,False,False,False,False,False,False,False,False,False,False,False,False,False,True,False,True,False,False
-0.5540677512436588,-0.5015085655633235,0.22249997701600713,-0.562167955812708,0,5,7,5,10.2,0,0,5,8,3,12.0,0,0,1,0,1.0,0.6,1.4,1.6,1,True,True,False,False,True,False,False,False,False,False,False,False,False,False,True,False,False,False,True,False,False,False,False,False,True,False,False
-0.5540677512436588,0.5601558572210751,0.34680624469391963,-0.562167955812708,0,6,10,5,11.571428571428571,0,0,6,10,3,13.0,0,0,1,0,0.8333333333333334,0.5,1.6666666666666667,1.6666666666666667,0,True,True,False,False,False,True,False,False,False,False,False,False,False,False,False,False,False,False,False,False,False,False,False,False,True,False,False
-0.5540677512436588,2.8351510489019294,2.971049673449833,-0.2985576917271264,0,6,7,6,15.285714285714286,0,0,6,6,6,15.166666666666666,0,0,1,1,1.0,1.0,1.1666666666666667,1.0,2,True,True,False,False,False,True,True,False,False,True,False,False,False,False,False,False,False,False,False,False,False,False,True,True,True,False,False
0.2071731591606723,0.02932364582887579,0.22249997701600713,-0.562167955812708,0,6,9,5,12.6,0,6,10,16,8,11.0,1,0,0,0,0.8333333333333334,0.8,1.5,1.6,1,True,True,False,False,False,True,False,False,False,False,True,False,False,False,False,True,False,False,True,False,False,False,False,False,True,False,False
0.2071731591606723,-0.5015085655633235,-0.7926678756869375,-0.6939730878554988,0,7,11,6,13.433333333333332,0,0,7,10,4,13.6,0,0,0,0,0.8571428571428571,0.5714285714285714,1.5714285714285714,1.4285714285714286,2,True,True,False,True,False,False,False,False,False,False,True,False,True,False,False,True,False,False,False,True,False,False,False,False,True,False,False
0.2071731591606723,-0.2740090463952381,0.04294647925902397,-0.562167955812708,0,5,8,5,11.6,0,0,5,9,3,11.0,0,0,1,0,1.0,0.6,1.6,1.8,0,True,True,False,False,False,False,True,False,False,False,False,False,False,False,True,False,False,False,False,False,False,False,True,False,True,False,False
-0.5540677512436588,0.5601558572210751,0.8992785454846383,0.22866283644403682,0,6,6,6,14.666666666666666,0,0,6,6,6,13.5,0,1,1,0,1.0,1.0,1.0,1.0,2,True,True,False,False,False,True,True,False,True,False,False,False,False,False,True,False,False,False,False,False,False,False,False,False,True,False,False
-0.5540677512436588,-0.19817587333920963,-0.4680903989723902,-0.16675255968433558,0,6,9,6,14.666666666666666,0,0,6,12,6,14.666666666666666,0,0,1,0,1.0,1.0,1.5,2.0,2,True,True,False,False,False,True,False,False,False,False,False,False,False,False,False,False,False,False,False,False,False,False,True,False,True,False,False
-0.5540677512436588,-0.19817587333920963,1.5898689214730366,0.09685770440124603,0,8,8,7,12.742857142857144,0,0,8,8,7,12.742857142857144,0,1,1,0,0.875,0.875,1.0,1.0,2,True,True,False,True,False,False,False,True,False,False,False,False,False,False,True,False,False,False,False,False,False,False,False,False,True,False,False
0.2071731591606723,-2.549004238076092,-1.863082958468955,-0.562167955812708,0,7,9,7,11.975,0,0,8,9,7,13.12857142857143,0,0,0,0,1.0,0.875,1.2857142857142858,1.125,2,True,True,False,True,False,False,False,False,False,False,False,False,True,False,True,False,False,False,False,False,False,False,True,False,True,False,False
-0.5540677512436588,1.015154895557246,-1.863082958468955,-0.6939730878554988,0,5,9,4,12.25,0,0,5,11,3,11.666666666666666,0,0,0,0,0.8,0.6,1.8,2.2,1,True,True,False,False,True,False,False,True,False,False,True,False,False,False,False,True,False,False,False,True,False,False,False,False,True,False,False
-0.5540677512436588,-0.2740090463952381,0.0705700942985603,-0.4303628237699172,0,0,0,0,0.0,0,0,0,0,0,0.0,0,0,1,1,0.0,0.0,0.0,0.0,0,True,True,False,False,False,True,False,False,False,False,False,False,False,False,True,False,False,False,False,False,False,False,False,False,False,False,False
0.2071731591606723,-0.04650952722715268,0.0705700942985603,-0.562167955812708,0,8,8,7,14.935714285714283,0,0,8,8,7,14.935714285714283,0,0,1,0,0.875,0.875,1.0,1.0,2,True,True,False,True,False,False,False,False,False,False,False,False,False,False,False,False,False,False,False,False,False,False,True,False,True,True,False
0.9684140695650034,-1.714839334459779,-1.365857887757308,-0.562167955812708,1,6,16,2,10.5,0,0,6,15,4,10.0,0,0,1,0,0.3333333333333333,0.6666666666666666,2.6666666666666665,2.5,0,True,True,False,False,False,False,False,True,False,False,False,False,False,False,False,False,False,False,False,False,False,False,True,False,True,False,False
-0.5540677512436588,-1.2598402961236081,-1.165586678720673,-0.562167955812708,0,6,9,5,13.333333333333334,0,0,6,6,5,13.0,0,0,0,0,0.8333333333333334,0.8333333333333334,1.5,1.0,2,True,True,False,False,False,False,False,False,False,False,True,False,True,False,False,True,False,False,False,True,False,False,True,False,True,False,False
-0.5540677512436588,-1.0323407769555228,-0.5509612440909982,-0.034947427641544786,0,6,6,0,0.0,0,0,6,8,0,0.0,0,0,1,1,0.0,0.0,1.0,1.3333333333333333,0,True,True,False,False,False,True,False,True,False,False,False,False,False,False,False,False,False,False,False,False,False,False,False,True,True,False,False
-0.5540677512436588,-0.9565076038994943,1.9696936282666557,3.1283757413854345,0,6,12,5,13.8,0,0,6,13,4,14.0,0,1,1,0,0.8333333333333334,0.6666666666666666,2.0,2.1666666666666665,0,False,True,False,False,False,True,False,True,False,False,False,False,False,False,False,False,False,False,False,True,False,False,False,False,True,False,False
-0.5540677512436588,-1.1840071230675797,-0.5923966666503017,-0.562167955812708,0,6,6,6,11.833333333333334,0,0,6,8,4,10.75,2,0,1,0,1.0,0.6666666666666666,1.0,1.3333333333333333,2,True,True,False,False,False,True,False,False,False,False,False,False,False,False,False,True,False,False,False,False,False,False,False,False,True,False,False
1.7296549799693344,0.33265633805298966,0.9821493906032452,-0.562167955812708,0,0,0,0,0.0,0,0,0,0,0,0.0,0,0,1,0,0.0,0.0,0.0,0.0,2,True,True,False,False,False,True,False,False,False,False,False,False,False,False,True,False,False,False,False,False,False,False,True,False,True,False,False
-0.5540677512436588,-0.6531749116753804,-0.5440553403311146,-0.6939730878554988,0,0,0,0,0.0,0,0,0,0,0,0.0,0,0,0,0,0.0,0.0,0.0,0.0,0,True,True,False,False,False,True,False,False,False,False,True,False,True,False,False,True,False,False,False,True,False,False,True,False,True,False,False
-0.5540677512436588,1.3943207608373882,-1.1034335448817167,0.6240782325724092,0,5,9,2,10.0,0,0,5,9,0,0.0,0,1,0,0,0.4,0.0,1.8,1.8,0,True,True,False,False,False,False,False,True,False,False,False,False,True,False,False,True,False,False,False,True,False,False,False,False,True,False,False
-0.5540677512436588,0.4539894149426348,0.8025958928462621,-0.4303628237699172,0,6,10,4,11.5,0,0,6,11,3,11.666666666666666,0,0,1,0,0.6666666666666666,0.5,1.6666666666666667,1.8333333333333333,0,True,True,False,False,False,False,False,True,False,True,False,False,False,False,False,False,True,False,False,False,True,False,True,False,True,False,False
0.2071731591606723,-1.1081739500115513,-0.39903136137355033,-0.6939730878554988,0,6,12,3,10.666666666666666,0,0,6,9,4,12.0,0,0,1,0,0.5,0.6666666666666666,2.0,1.5,1,True,True,False,False,False,False,False,False,False,False,False,False,False,False,True,False,False,False,False,False,False,False,False,False,True,True,False
-0.5540677512436588,0.25682316499696123,1.617492536512573,-0.2985576917271264,0,0,0,0,0.0,0,0,0,0,0,0.0,0,0,1,0,0.0,0.0,0.0,0.0,2,True,True,False,False,False,True,False,False,False,False,False,False,False,False,True,False,False,False,False,False,False,False,True,False,True,True,False
-0.5540677512436588,-0.7290080847314089,-0.6338320892096062,-0.562167955812708,0,6,10,4,12.75,0,0,6,12,2,13.0,0,0,1,0,0.6666666666666666,0.3333333333333333,1.6666666666666667,2.0,1,True,True,False,False,False,False,False,False,False,False,False,False,False,False,False,False,False,False,True,False,False,False,False,False,True,False,False
-0.5540677512436588,0.03690696313447821,-1.6904353644718553,0.09685770440124603,0,6,7,0,0.0,0,0,6,7,0,0.0,0,1,1,1,0.0,0.0,1.1666666666666667,1.1666666666666667,0,True,True,False,False,False,False,False,True,False,False,False,False,False,False,True,False,False,False,True,False,False,False,False,True,False,False,False
-0.5540677512436588,-0.19817587333920963,-1.1724925824805565,0.09685770440124603,0,6,11,6,11.333333333333334,0,0,6,12,3,11.333333333333334,0,1,1,0,1.0,0.5,1.8333333333333333,2.0,1,True,True,False,False,False,True,False,True,False,False,False,False,False,False,False,False,False,False,True,False,False,False,False,False,True,False,False
-0.5540677512436588,0.03690696313447821,0.7818781815666114,0.22866283644403682,0,6,6,0,0.0,0,0,6,6,0,0.0,0,1,1,1,0.0,0.0,1.0,1.0,1,True,True,False,True,False,False,False,True,False,True,False,False,False,False,False,False,False,False,False,False,False,False,True,True,False,False,False
-0.5540677512436588,1.3184875877813598,-0.32306642001482694,0.6240782325724092,0,6,10,6,13.0,0,0,6,8,5,12.2,0,1,0,0,1.0,0.8333333333333334,1.6666666666666667,1.3333333333333333,2,True,True,False,False,False,False,False,True,False,False,True,False,False,False,False,True,False,False,True,False,False,False,False,False,True,False,False
-0.5540677512436588,-0.19817587333920963,0.05675828677879213,1.8103244209575264,0,5,7,4,10.75,0,0,5,7,3,11.333333333333334,0,1,1,0,0.8,0.6,1.4,1.4,1,False,True,True,False,False,False,False,True,False,False,False,False,False,False,False,False,False,False,False,False,False,False,False,False,True,False,False
-0.5540677512436588,-0.3498422194512666,-1.863082958468955,-0.562167955812708,0,5,8,5,12.0,0,0,5,12,2,10.5,0,0,1,0,1.0,0.4,1.6,2.4,1,True,True,False,False,True,False,False,True,False,False,False,False,False,False,True,False,False,False,False,False,False,False,False,False,True,False,False
1.7296549799693344,0.02932364582887579,-0.03992436585958304,-0.6939730878554988,0,7,7,7,13.462857142857144,0,0,8,8,8,13.90625,0,0,1,0,1.0,1.0,1.0,1.0,2,True,True,False,True,False,False,False,False,False,False,False,False,False,False,True,False,False,False,False,False,False,False,True,False,True,True,False
-0.5540677512436588,0.03690696313447821,-1.863082958468955,3.2601808734282254,0,6,13,3,10.0,0,0,6,15,1,10.0,0,1,1,0,0.5,0.16666666666666666,2.1666666666666665,2.5,0,True,True,False,False,False,False,False,True,False,False,False,False,False,False,False,False,False,True,False,False,False,True,False,False,True,False,False
1.7296549799693344,-0.2740090463952381,-0.6821734155287943,-0.2985576917271264,0,6,6,6,12.333333333333334,0,0,6,7,6,13.666666666666666,0,0,1,0,1.0,1.0,1.0,1.1666666666666667,2,True,True,False,False,False,True,False,False,False,False,False,False,False,False,False,False,False,False,False,False,False,False,True,False,True,False,False
-0.5540677512436588,-0.3498422194512666,-0.15732472977761094,-0.562167955812708,0,7,11,6,12.528571428571428,0,0,7,10,6,12.416666666666666,0,0,1,0,0.8571428571428571,0.8571428571428571,1.5714285714285714,1.4285714285714286,1,True,True,False,True,False,False,False,False,False,False,False,False,False,False,True,False,False,False,True,False,False,False,False,False,True,True,False
0.2071731591606723,0.25682316499696123,-0.19876015233691544,-0.2985576917271264,0,8,8,0,0.0,8,0,8,8,0,0.0,8,0,1,0,0.0,0.0,1.0,1.0,1,True,True,False,True,False,False,False,True,False,False,False,False,False,False,False,False,False,False,False,False,False,False,False,False,True,True,False
-0.5540677512436588,-0.19817587333920963,0.16725274693693645,-0.034947427641544786,0,5,6,0,0.0,0,0,5,7,0,0.0,0,0,1,1,0.0,0.0,1.2,1.4,0,True,True,False,False,True,False,True,False,False,False,False,False,False,False,False,False,False,False,False,False,False,False,True,True,False,False,False
-0.5540677512436588,0.6359890302771035,0.8233136041259148,-0.6939730878554988,0,5,5,5,13.6,0,0,5,6,4,13.25,1,0,1,0,1.0,0.8,1.0,1.2,2,True,True,False,False,False,True,False,False,False,False,False,False,False,False,True,False,False,False,False,False,False,False,True,False,True,False,False
-0.5540677512436588,0.5601558572210751,0.8025958928462621,-0.16675255968433558,3,6,7,6,12.333333333333334,0,2,6,6,2,14.0,0,0,1,0,1.0,0.3333333333333333,1.1666666666666667,1.0,0,True,True,False,False,False,True,True,False,False,True,False,False,False,False,True,False,False,False,False,True,False,False,False,False,True,False,False
-0.5540677512436588,-0.8048412577874374,0.4780184161317157,0.22866283644403682,9,13,16,10,11.454545454545457,0,5,11,13,7,12.25,0,1,1,0,0.7692307692307693,0.6363636363636364,1.2307692307692308,1.1818181818181819,0,True,True,False,False,False,True,True,False,False,False,False,False,False,False,False,False,False,False,False,False,False,False,True,False,True,False,False
-0.5540677512436588,0.5601558572210751,0.8992785454846383,0.4922731005296184,8,13,13,8,13.5,2,5,11,12,5,14.4,0,1,0,1,0.6153846153846154,0.45454545454545453,1.0,1.0909090909090908,0,True,True,False,True,False,False,True,False,True,False,True,False,True,False,False,True,False,False,False,True,False,False,False,True,True,False,False
-0.5540677512436588,0.03690696313447821,-2.2014722427032707,3.3919860054710163,0,5,5,0,0.0,0,0,5,6,0,0.0,0,1,1,1,0.0,0.0,1.0,1.2,0,True,True,False,False,True,False,False,True,False,True,False,False,False,False,False,False,True,False,False,False,True,False,False,False,False,False,False
-0.5540677512436588,-0.9565076038994943,0.08438190181832748,1.0194936287007816,0,5,5,2,11.0,0,0,5,0,0,0.0,0,1,1,1,0.4,0.0,1.0,0.0,0,True,True,True,False,False,False,False,True,False,False,False,False,False,False,True,False,False,False,True,False,False,False,False,False,False,False,False
-0.5540677512436588,0.03690696313447821,-0.3783136500938986,4.05101166568497,0,6,9,6,13.714285714285714,0,0,6,13,5,14.333333333333334,0,1,1,0,1.0,0.8333333333333334,1.5,2.1666666666666665,0,True,True,False,False,False,False,False,True,False,False,False,False,False,False,False,False,False,False,False,False,False,False,False,False,True,False,False
-0.5540677512436588,-0.9565076038994943,-0.48190220649215837,0.22866283644403682,18,21,26,21,12.363636363636363,0,12,16,21,12,12.25,1,1,1,1,1.0,0.75,1.2380952380952381,1.3125,0,True,True,False,False,True,False,True,False,True,False,False,False,False,False,True,False,False,False,False,False,False,False,True,True,False,False,False
-0.5540677512436588,-0.19817587333920963,0.20868816949623997,-0.4303628237699172,1,7,13,3,10.666666666666666,0,0,6,14,2,11.5,0,0,0,0,0.42857142857142855,0.3333333333333333,1.8571428571428572,2.3333333333333335,1,True,True,False,False,False,True,True,False,False,True,True,False,True,False,False,True,False,False,False,True,False,False,False,False,True,False,False
-0.5540677512436588,-0.9565076038994943,-0.48190220649215837,0.6240782325724092,0,6,9,2,12.0,0,0,6,10,3,12.666666666666666,0,1,0,0,0.3333333333333333,0.5,1.5,1.6666666666666667,0,True,True,False,False,False,True,True,False,True,False,True,False,True,False,False,True,False,False,False,True,False,False,False,False,True,False,False
-0.5540677512436588,0.03690696313447821,-1.3796696952770762,2.3375449491286897,1,7,7,7,12.857142857142858,0,0,6,6,6,13.166666666666666,0,1,1,0,1.0,1.0,1.0,1.0,2,False,True,True,False,False,True,False,True,False,False,False,False,False,False,False,False,False,False,False,False,False,False,False,False,True,False,False
0.2071731591606723,-0.8048412577874374,-0.7512324531276341,-0.562167955812708,0,6,10,6,13.125,0,0,6,9,6,12.714285714285714,0,0,1,0,1.0,1.0,1.6666666666666667,1.5,1,True,True,False,False,False,False,False,False,False,False,False,False,False,False,True,False,False,False,True,False,False,False,False,False,True,True,False
-0.5540677512436588,-0.7290080847314089,-0.868632817045661,-0.16675255968433558,0,5,6,0,0.0,0,0,5,8,2,11.5,0,0,1,0,0.0,0.4,1.2,1.6,0,True,True,False,False,False,False,False,True,False,False,False,False,False,False,True,False,False,False,True,False,False,False,False,False,True,False,False
-0.5540677512436588,3.441816433350157,2.1216235109841026,1.414909024829154,0,6,13,2,13.5,0,0,6,6,0,0.0,0,1,0,0,0.3333333333333333,0.0,2.1666666666666665,1.0,0,True,True,False,False,False,False,False,False,False,False,True,False,False,False,False,True,False,False,False,True,False,False,False,False,True,False,False
-0.5540677512436588,-0.19817587333920963,1.5898689214730366,0.6240782325724092,5,11,14,11,15.090909090909092,0,5,10,11,10,15.0,0,1,1,1,1.0,1.0,1.2727272727272727,1.1,0,True,True,False,False,False,True,False,True,False,False,False,False,False,False,False,False,False,False,False,False,False,False,False,True,False,False,False
-0.5540677512436588,-1.714839334459779,-0.8755387208055456,2.4693500811714806,0,6,9,5,12.4,0,0,6,10,5,11.8,0,1,1,0,0.8333333333333334,0.8333333333333334,1.5,1.6666666666666667,1,True,True,False,False,False,True,False,False,False,False,False,False,False,False,False,False,False,False,True,False,False,False,True,False,True,False,False
-0.5540677512436588,-2.0181720266838927,-1.5454113855142921,-0.2985576917271264,0,6,10,5,14.0,0,0,6,11,4,14.8,0,0,1,1,0.8333333333333334,0.6666666666666666,1.6666666666666667,1.8333333333333333,1,True,True,False,True,False,False,False,False,False,False,False,False,False,False,False,True,False,False,True,False,False,False,False,False,False,False,False
-0.5540677512436588,0.5601558572210751,0.8992785454846383,3.5237911375138067,2,6,8,2,13.5,0,1,6,9,1,13.0,0,1,0,0,0.3333333333333333,0.16666666666666666,1.3333333333333333,1.5,0,True,True,False,False,False,True,True,False,True,False,False,True,False,True,False,False,False,False,True,False,False,False,False,False,True,False,False
1.7296549799693344,-1.866505680571836,-1.2346457163195128,-0.562167955812708,0,5,5,0,0.0,0,0,5,5,0,0.0,0,0,0,0,0.0,0.0,1.0,1.0,0,True,True,False,False,False,False,False,False,False,False,True,False,False,False,False,True,False,False,True,False,False,False,True,False,True,False,False
-0.5540677512436588,-0.9565076038994943,-0.4404667839328548,-0.6939730878554988,0,7,12,4,12.65,0,0,7,10,3,10.666666666666666,0,0,0,0,0.5714285714285714,0.42857142857142855,1.7142857142857142,1.4285714285714286,0,True,True,False,True,False,False,False,True,False,False,True,False,True,False,False,True,False,False,True,False,False,False,False,False,True,False,False
-0.5540677512436588,-2.473171065020064,2.411671468899231,4.710037325898924,0,5,7,0,0.0,0,0,5,7,0,0.0,0,1,1,0,0.0,0.0,1.4,1.4,0,False,True,True,False,False,False,False,True,False,False,False,False,False,False,False,True,False,False,False,True,False,False,False,False,True,False,False
-0.5540677512436588,0.5601558572210751,0.8992785454846383,1.2831038927863632,0,5,5,0,0.0,0,0,5,5,0,0.0,0,1,1,1,0.0,0.0,1.0,1.0,0,False,True,True,False,False,False,True,False,True,False,False,False,False,False,False,False,False,True,False,False,False,True,True,False,False,False,False
0.2071731591606723,0.03690696313447821,3.523521974240552,-0.034947427641544786,0,6,8,6,13.333333333333334,0,0,6,7,5,12.8,0,0,1,0,1.0,0.8333333333333334,1.3333333333333333,1.1666666666666667,2,True,True,False,False,False,True,False,False,False,False,False,False,False,False,False,False,False,False,False,False,False,False,True,False,True,True,False
-0.5540677512436588,0.03690696313447821,0.7818781815666114,2.732960345257062,0,5,9,3,11.333333333333334,0,0,5,8,5,11.142857142857142,0,1,1,0,0.6,1.0,1.8,1.6,0,False,True,True,False,False,False,False,True,False,False,False,False,False,False,True,False,False,False,True,False,False,False,False,False,True,False,False
1.7296549799693344,0.5601558572210751,0.0705700942985603,1.8103244209575264,0,6,0,0,0.0,0,0,6,0,0,0.0,0,1,1,0,0.0,0.0,0.0,0.0,0,False,True,True,False,False,True,False,False,False,False,False,False,False,False,False,False,True,False,False,False,True,False,True,False,True,False,False
-0.5540677512436588,-2.473171065020064,0.8302195078857985,1.6785192889147356,0,0,0,0,0.0,0,0,0,0,0,0.0,0,1,1,0,0.0,0.0,0.0,0.0,0,False,True,False,False,False,True,False,True,False,False,False,False,False,False,False,False,False,False,False,False,False,False,False,False,True,False,False
0.2071731591606723,-0.7290080847314089,-0.951503662164269,-0.16675255968433558,0,5,7,3,11.666666666666666,0,0,5,8,2,10.5,2,0,0,1,0.6,0.4,1.4,1.6,0,True,True,True,False,False,False,False,False,False,False,False,False,True,False,True,False,False,False,False,True,False,False,False,False,False,False,False
-0.5540677512436588,0.03690696313447821,0.8302195078857985,3.3919860054710163,0,6,8,6,12.166666666666666,0,0,6,8,6,14.428571428571429,0,1,1,0,1.0,1.0,1.3333333333333333,1.3333333333333333,2,False,True,True,False,False,True,False,True,False,False,False,False,False,False,False,False,False,False,False,False,False,False,False,False,True,False,False
-0.5540677512436588,0.18098999194093274,-1.1724925824805565,-0.034947427641544786,0,6,7,6,13.333333333333334,0,0,6,6,4,12.75,0,0,0,0,1.0,0.6666666666666666,1.1666666666666667,1.0,2,True,True,False,False,False,True,False,True,False,False,False,False,False,True,True,False,False,False,False,True,False,False,True,False,True,False,False
-0.5540677512436588,-0.04650952722715268,0.6644778176485825,-0.562167955812708,0,6,7,5,11.4,0,0,6,10,3,11.0,3,0,1,0,0.8333333333333334,0.5,1.1666666666666667,1.6666666666666667,1,True,True,False,False,False,True,False,False,False,False,False,False,False,False,True,False,False,False,False,False,False,False,True,False,True,False,False
-0.5540677512436588,-0.9565076038994943,2.3564242388201584,3.1283757413854345,0,6,9,6,12.142857142857142,0,0,6,6,0,0.0,0,1,1,0,1.0,0.0,1.5,1.0,0,False,True,True,False,False,True,False,True,False,False,False,False,False,False,True,False,False,False,True,False,False,False,False,False,True,False,False
-0.5540677512436588,-0.19817587333920963,0.20868816949623997,0.6240782325724092,9,18,36,17,13.058823529411764,1,6,12,15,12,12.307692307692308,0,1,0,0,0.9444444444444444,1.0,2.0,1.25,2,True,True,False,False,False,True,False,True,False,False,False,False,True,False,True,False,False,False,False,True,False,False,False,False,True,False,False
-0.5540677512436588,0.5601558572210751,0.8992785454846383,-0.2985576917271264,0,6,13,4,11.75,0,0,6,15,4,10.5,0,0,1,0,0.6666666666666666,0.6666666666666666,2.1666666666666665,2.5,1,True,True,False,False,False,True,True,False,False,True,False,False,False,False,False,False,False,False,False,False,False,False,False,False,True,False,False
-0.5540677512436588,0.03690696313447821,-0.4128431688933185,-0.2985576917271264,0,6,9,5,11.833333333333334,0,0,6,8,5,10.0,0,0,1,1,0.8333333333333334,0.8333333333333334,1.5,1.3333333333333333,0,True,True,False,False,False,False,False,False,False,False,False,False,False,False,False,False,False,False,False,False,False,False,False,True,False,False,False
-0.5540677512436588,-0.9565076038994943,-0.5785848591305345,-0.2985576917271264,9,11,14,10,12.4,0,6,10,13,10,11.8,0,0,0,0,0.9090909090909091,1.0,1.2727272727272727,1.3,2,True,True,False,False,False,True,False,True,False,True,True,False,False,False,False,True,False,False,False,True,False,False,False,False,True,False,False
-0.5540677512436588,0.5601558572210751,0.7818781815666114,-0.4303628237699172,1,6,8,6,13.428571428571429,1,0,6,12,4,11.5,0,0,1,0,1.0,0.6666666666666666,1.3333333333333333,2.0,1,True,True,False,False,False,True,False,False,False,False,False,False,False,False,True,False,False,False,True,False,False,False,False,False,True,False,False
-0.5540677512436588,0.03690696313447821,-0.7719501644072858,3.3919860054710163,0,5,5,0,0.0,0,0,5,9,0,0.0,0,1,1,1,0.0,0.0,1.0,1.8,0,False,True,False,False,False,False,False,True,False,False,False,False,False,False,False,False,False,False,False,False,False,False,False,False,False,False,False
-0.5540677512436588,-0.9565076038994943,2.280459297461435,2.205739817085899,0,5,5,5,11.0,0,0,5,5,5,13.4,0,1,1,0,1.0,1.0,1.0,1.0,2,True,True,True,False,False,False,False,True,False,False,False,False,False,False,False,False,False,False,False,False,False,False,False,False,True,False,False
-0.5540677512436588,-0.577341738619352,-0.8617269132857774,-0.16675255968433558,0,6,8,6,13.625,0,0,6,8,6,14.428571428571429,0,0,1,0,1.0,1.0,1.3333333333333333,1.3333333333333333,2,True,True,False,False,False,False,False,False,False,False,False,False,False,False,False,True,False,False,False,True,False,False,False,False,True,True,False
-0.5540677512436588,0.25682316499696123,-0.6545498004892579,-0.562167955812708,2,5,6,4,11.8,0,0,5,7,2,11.5,0,0,1,0,0.8,0.4,1.2,1.4,1,True,True,False,False,True,False,False,True,False,False,False,False,False,False,True,False,False,False,True,False,False,False,False,False,True,False,False
-0.5540677512436588,0.03690696313447821,-0.36450184257413043,1.0194936287007816,0,5,5,0,0.0,0,0,5,7,0,0.0,0,1,0,0,0.0,0.0,1.0,1.4,0,True,True,True,False,False,False,False,True,False,False,True,False,False,False,False,True,False,False,False,False,False,False,False,False,True,False,False
-0.5540677512436588,-0.9565076038994943,-0.8271973944863575,0.8876884966579909,1,6,9,2,15.0,0,1,6,7,2,13.5,0,1,0,0,0.3333333333333333,0.3333333333333333,1.5,1.1666666666666667,0,True,True,False,False,True,False,False,True,False,False,True,False,True,False,False,True,False,False,False,True,False,False,False,False,True,False,False
-0.5540677512436588,-0.425675392507295,-0.11588930721830744,-0.562167955812708,0,6,9,5,10.8,0,0,6,11,5,11.0,0,0,1,0,0.8333333333333334,0.8333333333333334,1.5,1.8333333333333333,2,True,True,False,False,False,True,False,False,False,False,False,False,False,False,True,False,False,False,False,False,False,False,False,False,True,False,False
-0.5540677512436588,-0.12234270028318116,0.2777472070950798,-0.16675255968433558,0,5,11,3,13.666666666666666,0,0,5,10,3,11.333333333333334,0,0,1,0,0.6,0.6,2.2,2.0,0,True,True,False,False,False,False,False,False,False,False,False,False,False,False,False,False,False,True,False,False,False,True,False,False,True,False,False
-0.5540677512436588,-0.425675392507295,-0.04683026961946761,-0.562167955812708,0,6,8,6,12.833333333333334,0,0,6,8,6,13.333333333333334,0,0,1,0,1.0,1.0,1.3333333333333333,1.3333333333333333,2,True,True,False,False,False,True,False,False,False,False,False,False,False,False,False,False,False,False,False,False,False,False,False,False,True,False,False
-0.5540677512436588,-0.04650952722715268,0.008416960459604059,-0.2985576917271264,0,0,0,0,0.0,0,0,0,0,0,0.0,0,0,1,1,0.0,0.0,0.0,0.0,0,True,True,False,False,False,True,False,False,False,False,False,False,False,False,True,False,False,False,False,False,False,False,False,False,False,False,False
0.9684140695650034,0.33265633805298966,0.7887840853264949,-0.562167955812708,0,6,8,6,15.125,0,0,6,7,6,13.428571428571429,0,0,1,0,1.0,1.0,1.3333333333333333,1.1666666666666667,2,True,True,False,False,False,False,False,False,False,False,False,False,False,False,True,False,False,False,False,False,False,False,False,False,True,False,False
0.2071731591606723,-0.5015085655633235,-1.863082958468955,-0.16675255968433558,0,5,11,0,0.0,0,0,5,7,1,10.0,1,0,1,0,0.0,0.2,2.2,1.4,0,True,True,False,False,False,False,False,True,False,False,False,False,False,False,False,True,False,False,False,True,False,False,True,False,True,False,False
-0.5540677512436588,0.25682316499696123,-0.0537361733793512,-0.16675255968433558,0,6,10,5,11.4,0,0,6,8,5,11.0,0,0,0,0,0.8333333333333334,0.8333333333333334,1.6666666666666667,1.3333333333333333,2,True,True,False,False,False,True,False,False,False,False,True,False,True,False,False,True,False,False,False,True,False,False,False,False,True,False,False
-0.5540677512436588,-0.6531749116753804,-0.5647730516107663,-0.562167955812708,0,6,12,4,12.25,0,0,6,9,6,11.0,0,0,1,0,0.6666666666666666,1.0,2.0,1.5,2,True,True,False,False,False,True,False,False,False,False,False,False,False,False,True,False,False,False,True,False,False,False,False,False,True,False,False
-0.5540677512436588,0.33265633805298966,-0.1711365372973791,0.3604679684868276,0,6,0,0,0.0,0,0,6,0,0,0.0,0,1,1,1,0.0,0.0,0.0,0.0,0,True,True,False,False,False,False,False,True,False,True,False,False,False,False,True,False,False,False,False,False,False,False,False,False,False,False,False
-0.5540677512436588,0.5601558572210751,0.8992785454846383,-0.034947427641544786,3,7,12,3,14.0,0,1,6,12,1,14.0,0,0,0,0,0.42857142857142855,0.16666666666666666,1.7142857142857142,2.0,1,True,True,False,False,True,False,True,False,False,True,True,False,False,True,False,True,False,False,False,True,False,False,False,False,True,False,False
-0.5540677512436588,-0.12234270028318116,-0.1297011147380756,-0.6939730878554988,0,6,7,6,12.333333333333334,0,0,6,10,5,10.8,4,0,1,0,1.0,0.8333333333333334,1.1666666666666667,1.6666666666666667,1,True,True,False,False,False,True,False,False,False,False,False,False,False,False,False,False,False,False,False,False,False,False,False,False,True,False,False
-0.5540677512436588,-0.19817587333920963,-0.5647730516107663,-0.16675255968433558,0,5,8,5,10.666666666666666,0,0,5,11,2,11.0,0,0,1,1,1.0,0.4,1.6,2.2,1,True,True,False,False,False,False,False,False,False,False,False,False,False,False,False,False,False,False,False,False,False,False,False,True,True,True,False
2.4908958903736655,0.25682316499696123,-0.12279521097819103,-0.562167955812708,0,5,9,5,11.833333333333334,0,0,5,9,5,14.714285714285714,0,0,0,0,1.0,1.0,1.8,1.8,1,True,True,False,False,True,False,False,False,False,False,True,False,True,False,False,True,False,False,False,True,False,False,True,False,True,False,False
-0.5540677512436588,0.03690696313447821,-2.2083781464631542,-0.4303628237699172,0,5,14,0,0.0,0,0,5,5,0,0.0,0,0,1,0,0.0,0.0,2.8,1.0,0,True,True,False,False,False,False,False,False,False,False,False,False,False,False,True,False,False,False,False,False,False,False,False,False,True,False,False
0.9684140695650034,-1.714839334459779,-1.3382342727177727,-0.16675255968433558,0,6,6,6,11.666666666666666,0,0,6,6,6,12.166666666666666,0,0,1,0,1.0,1.0,1.0,1.0,1,True,True,False,False,False,True,False,False,False,False,False,False,False,False,False,False,False,False,False,False,False,False,True,False,True,True,False
-0.5540677512436588,0.5601558572210751,0.8992785454846383,-0.6939730878554988,2,5,7,2,13.0,0,0,5,5,0,0.0,0,0,0,1,0.4,0.0,1.4,1.0,0,True,True,False,False,False,True,True,False,True,False,True,False,False,False,False,True,False,False,False,True,False,False,True,False,False,False,False
0.2071731591606723,0.03690696313447821,-0.10898340345842286,2.073934685043108,0,2,5,0,0.0,0,0,4,4,0,0.0,0,1,0,0,0.0,0.0,2.5,1.0,0,False,True,True,False,False,False,False,True,False,False,True,False,False,False,False,True,False,False,False,False,False,False,False,False,True,False,False
-0.5540677512436588,0.6359890302771035,0.0705700942985603,-0.6939730878554988,0,8,8,0,0.0,3,0,8,8,0,0.0,3,0,1,0,0.0,0.0,1.0,1.0,0,True,True,False,True,False,False,False,False,False,False,False,False,False,False,False,False,False,True,False,False,False,True,False,False,True,False,False
0.9684140695650034,-0.19817587333920963,0.16034684317705286,-0.6939730878554988,0,5,5,5,13.0,0,0,5,5,5,14.2,0,0,1,0,1.0,1.0,1.0,1.0,2,True,True,False,False,True,False,False,False,False,False,False,False,False,False,False,True,False,False,False,True,False,False,False,False,True,True,False
-0.5540677512436588,2.0768193183416446,1.7279869966707162,-0.562167955812708,0,6,7,6,13.857142857142858,0,0,6,6,6,14.0,0,0,1,0,1.0,1.0,1.1666666666666667,1.0,2,True,True,False,False,False,True,False,False,False,False,False,False,False,False,False,False,False,False,False,False,False,False,False,False,True,True,False
-0.5540677512436588,0.5601558572210751,0.12581732437763296,-0.6939730878554988,0,7,7,6,13.391666666666666,0,0,8,8,8,12.4875,0,0,1,0,0.8571428571428571,1.0,1.0,1.0,2,True,True,False,True,False,False,False,False,False,False,False,False,False,False,False,False,False,False,False,False,False,False,False,False,True,False,False
-0.5540677512436588,1.3184875877813598,1.783234226749789,-0.6939730878554988,0,5,7,4,12.75,0,0,5,5,0,0.0,0,0,1,0,0.8,0.0,1.4,1.0,0,True,True,False,False,False,False,False,False,False,False,False,False,False,False,False,False,True,False,True,False,False,False,True,False,True,True,False
-0.5540677512436588,1.3184875877813598,1.5898689214730366,-0.16675255968433558,0,5,7,4,14.5,0,0,5,5,5,14.6,0,0,1,0,0.8,1.0,1.4,1.0,2,True,True,False,False,False,True,True,False,False,True,False,False,False,False,False,False,False,False,False,False,False,False,True,False,True,False,False
-0.5540677512436588,0.03690696313447821,-1.034374507282877,-0.562167955812708,0,6,7,6,12.166666666666666,0,0,6,6,6,12.166666666666666,0,0,1,0,1.0,1.0,1.1666666666666667,1.0,2,True,True,False,False,False,True,False,False,False,False,False,False,False,False,False,True,False,False,True,False,False,False,False,False,True,False,False
-0.5540677512436588,1.4701539338934166,0.5954187800497426,-0.6939730878554988,0,5,5,5,15.4,0,0,5,5,5,15.6,0,0,1,0,1.0,1.0,1.0,1.0,0,True,True,False,False,False,True,False,False,False,False,False,False,False,False,False,False,False,False,False,False,False,False,True,False,True,False,False
-0.5540677512436588,0.03690696313447821,0.5125479349311356,1.0194936287007816,0,5,9,2,13.333333333333334,0,0,5,9,2,16.0,4,1,1,1,0.4,0.4,1.8,1.8,0,True,True,False,False,True,False,False,True,False,False,False,False,False,False,True,False,False,False,False,True,False,False,False,True,False,False,False
-0.5540677512436588,-0.19817587333920963,-0.4473726876927384,0.6240782325724092,0,5,5,0,0.0,0,0,5,5,0,0.0,0,1,0,0,0.0,0.0,1.0,1.0,0,True,True,True,False,False,False,False,True,False,False,True,False,False,False,False,True,False,False,False,True,False,False,False,False,True,False,False
-0.5540677512436588,1.166821241669303,0.9959611981230144,-0.562167955812708,0,6,0,0,0.0,0,0,6,0,0,0.0,0,0,1,0,0.0,0.0,0.0,0.0,0,True,True,False,False,False,True,False,False,False,False,False,False,False,False,True,False,False,False,False,False,False,False,False,False,True,False,False
-0.5540677512436588,1.166821241669303,1.2583855409986047,-0.4303628237699172,0,6,7,6,13.714285714285714,0,0,6,8,6,14.714285714285714,0,0,1,0,1.0,1.0,1.1666666666666667,1.3333333333333333,2,True,True,False,False,False,False,False,False,False,False,False,False,False,False,True,False,False,False,False,False,False,False,False,False,True,False,False
-0.5540677512436588,-0.19817587333920963,0.8992785454846383,3.5237911375138067,0,6,7,4,12.25,0,0,6,7,0,0.0,0,1,0,0,0.6666666666666666,0.0,1.1666666666666667,1.1666666666666667,0,False,True,False,False,False,True,False,True,False,False,False,False,True,False,False,False,False,False,False,True,False,False,False,False,True,False,False
-0.5540677512436588,2.0768193183416446,-1.863082958468955,1.9421295530003173,1,6,9,5,16.0,1,0,6,11,4,16.5,0,1,0,0,0.8333333333333334,0.6666666666666666,1.5,1.8333333333333333,1,True,True,False,False,False,True,False,True,False,False,False,False,True,False,True,False,False,False,False,True,False,False,False,False,True,False,False
-0.5540677512436588,-0.19817587333920963,0.8992785454846383,1.0194936287007816,0,5,8,1,11.0,0,0,5,5,1,13.0,0,1,1,0,0.2,0.2,1.6,1.0,0,False,True,True,False,False,False,False,True,False,False,False,False,False,False,False,False,False,False,False,False,False,False,True,False,True,False,False
-0.5540677512436588,-1.714839334459779,-0.06754798089911936,0.4922731005296184,0,7,7,7,14.085714285714284,0,0,7,7,7,14.085714285714284,0,1,1,0,1.0,1.0,1.0,1.0,1,True,True,False,True,False,False,False,True,False,False,False,False,False,False,False,False,False,False,False,False,False,False,True,False,True,False,False
-0.5540677512436588,-0.8048412577874374,-0.9929390847235735,-0.2985576917271264,0,6,9,6,10.166666666666666,0,0,6,10,6,10.5,0,0,0,0,1.0,1.0,1.5,1.6666666666666667,2,True,True,False,False,False,True,False,False,False,False,False,False,True,False,False,False,False,False,False,True,False,False,True,False,True,False,False
-0.5540677512436588,-1.714839334459779,-1.3934815027968444,1.414909024829154,0,5,8,1,10.0,0,0,5,9,0,0.0,0,1,1,0,0.2,0.0,1.6,1.8,0,False,True,False,False,True,False,False,True,False,False,False,False,False,False,False,False,False,False,False,False,False,False,False,False,True,False,False
-0.5540677512436588,-0.2740090463952381,-0.371407746334015,-0.562167955812708,0,5,10,0,0.0,0,0,5,7,1,10.0,0,0,0,0,0.0,0.2,2.0,1.4,1,True,True,False,False,True,False,False,True,False,False,True,False,False,False,False,True,False,False,False,False,False,False,True,False,True,False,False
-0.5540677512436588,-1.714839334459779,-0.48190220649215837,2.205739817085899,0,5,10,2,10.5,0,0,5,5,3,10.666666666666666,0,1,1,1,0.4,0.6,2.0,1.0,0,False,True,True,False,False,False,False,True,False,False,False,False,False,False,False,True,False,False,True,False,False,False,True,False,False,False,False
-0.5540677512436588,2.8351510489019294,2.3218947200207385,-0.6939730878554988,0,0,0,0,0.0,0,0,0,0,0,0.0,0,0,1,0,0.0,0.0,0.0,0.0,2,True,True,False,False,False,True,False,False,False,False,False,False,False,False,False,False,False,False,False,True,False,False,True,False,True,True,False
-0.5540677512436588,-1.714839334459779,0.20868816949623997,2.9965706093426436,0,6,6,0,0.0,0,0,6,6,0,0.0,0,1,1,1,0.0,0.0,1.0,1.0,0,False,True,False,False,False,True,False,True,False,True,False,False,False,False,True,False,False,False,False,False,False,False,False,True,False,True,False
2.4908958903736655,-1.714839334459779,-1.1724925824805565,1.8103244209575264,0,6,12,0,0.0,0,0,5,10,0,0.0,0,1,1,0,0.0,0.0,2.0,2.0,0,True,True,True,False,False,True,False,True,False,False,False,False,False,False,False,False,True,False,False,False,True,False,False,False,True,False,False
-0.5540677512436588,0.03690696313447821,-1.1724925824805565,1.0194936287007816,0,6,8,0,0.0,0,0,6,10,0,0.0,0,1,1,0,0.0,0.0,1.3333333333333333,1.6666666666666667,0,True,True,False,False,False,True,False,True,False,False,False,False,False,False,False,False,False,False,False,False,False,False,True,False,True,False,False
-0.5540677512436588,0.03690696313447821,1.29982096355791,1.414909024829154,0,6,15,5,13.333333333333334,0,0,6,15,5,12.4,0,1,1,0,0.8333333333333334,0.8333333333333334,2.5,2.5,2,True,True,False,False,False,True,False,True,False,False,False,False,False,False,True,False,False,False,False,False,False,False,False,False,True,False,False
3.2521368007779965,-0.5015085655633235,0.22249997701600713,-0.6939730878554988,0,0,0,0,0.0,0,0,0,0,0,0.0,0,0,1,0,0.0,0.0,0.0,0.0,0,True,True,False,False,False,True,False,False,False,False,False,False,False,False,True,False,False,False,True,False,False,False,True,False,True,True,False
-0.5540677512436588,0.33265633805298966,-0.32306642001482694,-0.6939730878554988,0,6,7,6,13.571428571428571,0,0,6,6,6,14.333333333333334,0,0,1,0,1.0,1.0,1.1666666666666667,1.0,2,True,True,False,False,False,False,False,False,False,False,False,False,False,False,False,False,False,False,False,False,False,False,False,False,True,True,False
1.7296549799693344,-1.1840071230675797,-0.10898340345842286,-0.562167955812708,0,6,6,6,12.833333333333334,0,0,6,7,6,11.166666666666666,0,0,1,0,1.0,1.0,1.0,1.1666666666666667,2,True,True,False,False,False,True,False,False,False,False,False,False,False,False,False,True,False,False,False,True,False,False,True,False,True,True,False
-0.5540677512436588,-2.473171065020064,0.20868816949623997,2.205739817085899,1,5,6,4,10.25,0,3,8,18,5,11.2,5,1,1,0,0.8,0.625,1.2,2.25,0,True,True,True,False,False,False,False,True,False,False,False,False,False,False,False,False,False,False,True,False,False,False,False,False,True,False,False
-0.5540677512436588,-0.9565076038994943,1.5898689214730366,0.22866283644403682,0,6,6,0,0.0,0,0,6,6,0,0.0,0,1,1,0,0.0,0.0,1.0,1.0,0,True,True,False,False,False,True,False,True,False,False,False,False,False,False,False,False,False,False,False,False,False,False,False,False,True,False,False
2.4908958903736655,-0.5015085655633235,-0.6959852230485615,-0.4303628237699172,0,5,5,4,14.5,0,0,6,8,3,13.333333333333334,0,0,1,1,0.8,0.5,1.0,1.3333333333333333,0,True,True,False,False,True,False,False,False,False,False,False,False,False,False,True,False,False,False,False,False,False,False,True,True,True,False,False
-0.5540677512436588,-0.8048412577874374,-0.8479151057660093,-0.4303628237699172,0,5,6,5,15.8,0,0,5,8,5,13.714285714285714,0,0,1,0,1.0,1.0,1.2,1.6,1,True,True,False,False,True,False,False,False,False,False,False,False,False,False,False,False,False,False,False,False,False,False,False,False,True,False,False
-0.5540677512436588,-1.6390061614037505,-2.1531309163840824,2.6011552132142715,0,6,0,0,0.0,0,0,6,0,0,0.0,0,1,1,1,0.0,0.0,0.0,0.0,0,True,True,False,False,False,True,False,True,False,False,False,False,False,False,False,False,False,False,False,False,False,False,True,False,False,False,False
1.7296549799693344,0.48432268416504665,0.422771186052643,-0.6939730878554988,0,5,8,4,12.5,0,0,5,7,3,14.666666666666666,1,0,1,0,0.8,0.6,1.6,1.4,1,True,True,False,False,True,False,False,False,False,False,False,False,False,False,False,False,False,False,True,False,False,False,True,False,True,False,False
-0.5540677512436588,1.3184875877813598,1.5898689214730366,1.546714156871945,16,18,22,18,11.666666666666666,0,12,13,13,12,11.5,1,1,0,0,1.0,0.9230769230769231,1.2222222222222223,1.0,2,True,True,False,False,False,True,False,True,False,False,True,False,True,False,True,False,False,False,False,True,False,False,False,False,True,False,False
0.2071731591606723,-1.2598402961236081,-0.5854907628904181,-0.034947427641544786,0,5,6,4,13.0,0,0,5,5,5,13.0,0,0,1,0,0.8,1.0,1.2,1.0,2,True,True,True,False,False,False,False,False,False,False,False,False,False,False,False,False,False,False,True,False,False,False,False,False,True,False,False
-0.5540677512436588,-0.19817587333920963,0.28465311085496336,-0.562167955812708,0,7,8,7,12.12142857142857,0,0,9,12,8,11.50625,0,0,0,0,1.0,0.8888888888888888,1.1428571428571428,1.3333333333333333,2,True,True,False,True,False,False,False,False,False,False,True,False,True,False,False,True,False,False,False,True,False,False,False,False,True,False,False
-0.5540677512436588,1.3184875877813598,1.6105866327526892,-0.2985576917271264,7,11,15,9,14.22222222222222,0,4,9,15,7,13.75,0,0,1,0,0.8181818181818182,0.7777777777777778,1.3636363636363635,1.6666666666666667,2,True,True,False,True,False,False,True,False,False,True,False,False,False,False,False,True,False,False,False,False,False,False,True,False,True,True,False
-0.5540677512436588,-0.04650952722715268,-0.4473726876927384,-0.562167955812708,0,6,17,4,12.5,0,0,6,8,4,13.25,0,0,0,0,0.6666666666666666,0.6666666666666666,2.8333333333333335,1.3333333333333333,1,True,True,False,False,False,False,False,True,False,False,True,False,False,False,True,False,False,False,False,False,False,False,False,False,True,False,False
-0.5540677512436588,-1.866505680571836,-1.4763523479154523,-0.4303628237699172,0,5,7,5,12.166666666666666,0,0,5,7,5,15.285714285714286,0,0,1,0,1.0,1.0,1.4,1.4,2,True,True,False,False,True,False,False,False,False,False,False,False,False,False,True,False,False,False,False,True,False,False,True,False,True,False,False
-0.5540677512436588,0.03690696313447821,-0.11588930721830744,0.8876884966579909,0,6,0,0,0.0,0,0,6,0,0,0.0,0,1,1,0,0.0,0.0,0.0,0.0,0,True,True,False,False,False,False,False,True,False,False,False,False,False,False,False,True,False,False,False,True,False,False,False,False,True,True,False
-0.5540677512436588,-0.9565076038994943,0.2777472070950798,2.732960345257062,0,6,6,6,12.666666666666666,0,0,6,6,6,11.5,0,1,1,0,1.0,1.0,1.0,1.0,2,False,True,False,False,False,False,False,True,False,False,False,False,False,False,False,False,False,False,False,False,False,False,True,False,True,False,False
-0.5540677512436588,1.015154895557246,0.001511056699720468,-0.562167955812708,0,8,8,7,13.614285714285714,0,0,8,8,7,13.614285714285714,0,0,0,0,0.875,0.875,1.0,1.0,2,True,True,False,True,False,False,False,False,False,False,False,False,True,False,True,False,False,False,False,False,False,False,False,False,True,False,False
-0.5540677512436588,1.3184875877813598,1.5898689214730366,-0.16675255968433558,11,18,32,12,12.857142857142858,1,8,12,15,10,14.3,0,0,0,0,0.6666666666666666,0.8333333333333334,1.7777777777777777,1.25,2,True,True,False,False,False,True,True,False,False,True,True,False,False,False,False,True,False,False,False,False,False,False,True,False,True,False,False
-0.5540677512436588,2.0768193183416446,1.5346216913939639,-0.6939730878554988,0,5,7,4,14.0,0,0,5,5,5,14.2,0,0,0,0,0.8,1.0,1.4,1.0,2,True,True,False,False,False,True,False,False,False,False,True,False,True,False,False,True,False,False,False,True,False,False,False,False,True,False,False
-0.5540677512436588,-0.577341738619352,-0.3783136500938986,-0.2985576917271264,0,6,8,4,14.75,0,0,6,6,5,11.8,0,0,1,0,0.6666666666666666,0.8333333333333334,1.3333333333333333,1.0,2,True,True,False,False,False,False,False,False,False,False,False,False,False,False,False,False,False,False,False,False,False,False,True,False,True,True,False
0.2071731591606723,-0.577341738619352,0.7128191439677715,-0.6939730878554988,0,6,0,0,0.0,0,0,6,0,0,0.0,0,0,1,0,0.0,0.0,0.0,0.0,0,True,True,False,True,False,False,False,False,False,False,False,False,False,False,False,False,False,True,False,False,False,True,False,False,True,False,False
1.7296549799693344,-0.8048412577874374,-0.5095258215316947,-0.6939730878554988,0,6,8,6,13.625,0,0,6,7,6,14.285714285714286,0,0,0,0,1.0,1.0,1.3333333333333333,1.1666666666666667,2,True,True,False,False,False,False,False,False,False,False,True,False,False,False,False,True,False,False,False,True,False,False,True,False,True,False,False
-0.5540677512436588,0.40848951110901816,1.002867101882898,-0.562167955812708,0,0,0,0,0.0,0,0,0,0,0,0.0,0,0,1,0,0.0,0.0,0.0,0.0,2,True,True,False,False,False,True,False,False,False,False,False,False,False,False,True,False,False,False,False,True,False,False,False,False,True,False,False
-0.5540677512436588,1.3184875877813598,1.5898689214730366,-0.2985576917271264,0,6,12,4,11.8,0,0,6,11,4,11.875,0,0,1,0,0.6666666666666666,0.6666666666666666,2.0,1.8333333333333333,0,True,True,False,False,False,True,True,False,False,True,False,False,False,False,False,False,False,False,False,False,False,False,True,False,True,False,False
-0.5540677512436588,0.5601558572210751,-1.1724925824805565,1.0194936287007816,0,6,8,6,15.125,0,0,6,10,6,14.6,0,1,0,0,1.0,1.0,1.3333333333333333,1.6666666666666667,2,True,True,False,False,False,True,False,True,False,False,True,False,True,False,False,True,False,False,False,True,False,False,False,False,True,False,False
2.4908958903736655,-1.4873398152916937,-1.1586807749607886,-0.2985576917271264,0,6,10,4,11.5,0,0,6,10,2,10.5,0,0,1,0,0.6666666666666666,0.3333333333333333,1.6666666666666667,1.6666666666666667,0,True,True,False,False,False,False,False,False,False,False,False,False,False,False,False,True,False,False,False,True,False,False,True,False,True,False,False
-0.5540677512436588,0.48432268416504665,-1.1517748712009048,0.09685770440124603,0,5,12,1,10.0,0,0,5,11,1,11.0,0,1,1,1,0.2,0.2,2.4,2.2,1,True,True,False,False,True,False,False,True,False,False,False,False,False,False,False,False,False,False,False,False,False,False,False,True,True,False,False
-0.5540677512436588,0.03690696313447821,-0.48190220649215837,0.4922731005296184,0,4,8,0,0.0,0,0,5,10,0,0.0,0,1,0,0,0.0,0.0,2.0,2.0,0,True,True,False,False,False,True,False,True,False,False,False,False,True,False,True,False,False,False,False,True,False,False,False,False,True,False,False
2.4908958903736655,-1.1081739500115513,-0.8824446245654292,-0.4303628237699172,0,5,9,3,10.333333333333334,0,0,5,6,5,12.8,0,0,1,0,0.6,1.0,1.8,1.2,2,True,True,False,False,False,False,False,False,False,False,False,False,False,False,False,False,False,False,False,False,False,False,True,False,True,False,False
-0.5540677512436588,0.5601558572210751,0.8992785454846383,-0.16675255968433558,0,5,9,0,0.0,0,0,5,6,2,11.666666666666666,0,0,1,0,0.0,0.4,1.8,1.2,1,True,True,False,False,True,False,True,False,False,True,False,False,False,False,True,False,False,False,True,False,False,False,True,False,True,False,False
-0.5540677512436588,0.8634885494451889,0.40205347477299225,-0.562167955812708,0,6,9,4,12.0,2,0,6,10,4,12.5,0,0,1,0,0.6666666666666666,0.6666666666666666,1.5,1.6666666666666667,1,True,True,False,False,False,True,False,False,False,False,False,False,False,False,False,False,False,False,False,False,False,False,False,False,True,True,False
-0.5540677512436588,-0.577341738619352,-0.3783136500938986,-0.562167955812708,0,6,6,6,13.833333333333334,0,0,6,6,6,14.5,0,0,1,0,1.0,1.0,1.0,1.0,2,True,True,False,False,False,True,False,False,False,False,False,False,False,False,True,False,False,False,False,False,False,False,True,False,True,False,False
-0.5540677512436588,-0.12234270028318116,0.01532286421948863,-0.034947427641544786,13,17,19,13,12.153846153846152,0,10,17,28,11,11.909090909090908,1,0,1,1,0.7647058823529411,0.6470588235294118,1.1176470588235294,1.6470588235294117,1,True,True,False,False,False,True,False,False,False,False,False,False,False,False,False,False,False,False,True,False,False,False,True,True,True,False,False
-0.5540677512436588,-0.12234270028318116,0.08438190181832748,-0.6939730878554988,0,6,7,6,14.0,0,0,6,8,6,13.666666666666666,0,0,1,0,1.0,1.0,1.1666666666666667,1.3333333333333333,2,True,True,False,False,False,True,False,False,False,False,False,False,False,False,False,True,False,False,False,False,False,False,True,False,True,False,False
-0.5540677512436588,0.5601558572210751,0.4434888973322958,0.7558833646152,0,6,8,6,16.5,0,0,6,6,5,13.8,0,1,0,1,1.0,0.8333333333333334,1.3333333333333333,1.0,1,True,True,False,False,False,True,False,False,False,False,True,False,True,False,True,False,False,False,False,False,False,False,True,False,False,False,False
-0.5540677512436588,0.03690696313447821,-0.48190220649215837,0.7558833646152,0,5,11,1,18.0,2,0,5,10,3,13.333333333333334,2,1,1,0,0.2,0.6,2.2,2.0,0,True,True,False,False,False,True,False,True,False,False,False,False,False,False,True,False,False,False,True,False,False,False,True,False,True,False,False
-0.5540677512436588,0.5601558572210751,0.8992785454846383,-0.4303628237699172,0,6,11,6,11.285714285714286,0,0,6,12,5,11.77777777777778,0,0,1,0,1.0,0.8333333333333334,1.8333333333333333,2.0,1,True,True,False,False,False,True,True,False,False,False,False,False,False,False,True,False,False,False,True,False,False,False,False,False,True,False,False
2.4908958903736655,0.48432268416504665,0.6851955289282352,-0.562167955812708,0,0,0,0,0.0,0,0,0,0,0,0.0,0,0,0,0,0.0,0.0,0.0,0.0,2,True,True,False,False,False,True,False,False,False,False,False,False,True,False,False,False,False,False,False,True,False,False,True,False,True,True,False
0.9684140695650034,-0.577341738619352,-0.6890793192886778,-0.16675255968433558,0,0,0,0,0.0,0,0,0,0,0,0.0,0,0,0,0,0.0,0.0,0.0,0.0,1,True,True,False,False,False,True,False,False,False,False,True,False,False,True,False,True,False,False,True,False,False,False,True,False,True,False,False
0.2071731591606723,-1.1840071230675797,-1.1241512561613685,-0.4303628237699172,0,6,10,5,14.0,0,0,6,10,6,12.0,0,0,0,0,0.8333333333333334,1.0,1.6666666666666667,1.6666666666666667,1,True,True,False,False,False,False,False,False,False,False,True,False,False,False,False,True,False,False,True,False,False,False,True,False,True,False,False
-0.5540677512436588,1.3184875877813598,2.280459297461435,0.09685770440124603,0,5,13,4,13.75,1,0,5,9,3,12.0,0,1,1,0,0.8,0.6,2.6,1.8,1,True,True,False,False,False,True,False,True,False,False,False,False,False,False,False,False,False,False,True,False,False,False,True,False,True,False,False
-0.5540677512436588,-2.852336930300206,-2.2083781464631542,-0.2985576917271264,0,6,9,4,13.25,0,0,6,6,5,11.0,0,0,1,1,0.6666666666666666,0.8333333333333334,1.5,1.0,0,True,True,False,False,False,False,False,False,False,False,False,False,False,False,True,False,False,False,False,False,False,False,False,False,False,False,False
-0.5540677512436588,1.3184875877813598,1.5069980763544295,0.22866283644403682,0,5,7,4,14.25,0,0,5,7,4,14.75,0,1,1,0,0.8,0.8,1.4,1.4,2,True,True,False,False,False,False,False,True,False,False,False,False,False,False,False,False,False,False,False,True,False,False,False,False,True,True,False
-0.5540677512436588,-0.9565076038994943,-1.1724925824805565,1.1512987607435725,0,5,9,0,0.0,1,0,5,5,0,0.0,0,1,1,1,0.0,0.0,1.8,1.0,0,True,True,False,False,False,False,False,True,False,False,False,False,False,False,False,False,False,False,False,False,False,False,False,False,False,False,False
-0.5540677512436588,0.25682316499696123,0.4780184161317157,0.3604679684868276,8,12,12,8,11.25,0,3,8,8,3,11.333333333333334,0,1,0,1,0.6666666666666666,0.375,1.0,1.0,0,True,True,True,False,False,False,False,True,False,False,True,False,True,False,False,True,False,False,False,True,False,False,False,False,False,False,False
-0.5540677512436588,0.02932364582887579,-0.08826569217877112,-0.6939730878554988,0,6,7,6,13.5,0,0,6,8,6,12.5,0,0,0,0,1.0,1.0,1.1666666666666667,1.3333333333333333,2,True,True,False,False,False,True,False,False,False,False,True,False,False,False,False,False,False,False,False,False,False,False,True,False,True,True,False
-0.5540677512436588,-0.577341738619352,-0.7167029343282142,-0.562167955812708,0,6,8,5,12.666666666666666,0,0,6,10,6,12.857142857142858,0,0,1,0,0.8333333333333334,1.0,1.3333333333333333,1.6666666666666667,2,True,True,False,False,False,False,False,False,False,False,False,False,False,False,True,False,False,False,False,False,False,False,False,False,True,True,False
0.9684140695650034,-0.425675392507295,0.9683375830834781,-0.562167955812708,0,6,6,6,15.166666666666666,0,0,6,6,6,12.333333333333334,0,0,1,0,1.0,1.0,1.0,1.0,2,True,True,False,False,False,True,False,False,False,False,False,False,False,False,True,False,False,False,False,False,False,False,True,False,True,True,False
-0.5540677512436588,-0.19817587333920963,0.20868816949623997,0.4922731005296184,4,6,6,6,13.166666666666666,0,2,5,7,5,15.142857142857142,0,1,1,0,1.0,1.0,1.0,1.4,0,True,True,False,False,True,False,True,False,True,False,False,False,False,False,True,False,False,False,True,False,False,False,False,False,True,False,False
-0.5540677512436588,-0.19817587333920963,0.20868816949623997,-0.2985576917271264,7,12,20,10,11.8,0,5,12,15,9,11.444444444444445,0,0,1,1,0.8333333333333334,0.75,1.6666666666666667,1.25,1,True,True,False,False,False,True,True,False,False,False,False,False,False,False,False,False,False,False,False,False,False,False,False,True,True,False,False
-0.5540677512436588,-0.425675392507295,-0.7719501644072858,-0.4303628237699172,0,5,10,4,11.5,0,0,5,11,0,0.0,0,0,1,0,0.8,0.0,2.0,2.2,1,True,True,False,False,True,False,False,False,False,False,False,False,False,False,True,False,False,False,True,False,False,False,False,False,True,False,False
-0.5540677512436588,0.5601558572210751,0.8992785454846383,-0.2985576917271264,0,6,6,6,14.5,0,0,6,8,6,11.333333333333334,0,0,1,0,1.0,1.0,1.0,1.3333333333333333,2,True,True,False,False,False,True,True,False,False,True,False,False,False,False,True,False,False,False,False,False,True,False,True,False,True,False,False
2.4908958903736655,-0.577341738619352,-0.06064207713923577,-0.16675255968433558,0,6,10,5,13.4,0,0,6,12,3,10.666666666666666,0,0,0,0,0.8333333333333334,0.5,1.6666666666666667,2.0,1,True,True,False,False,False,True,False,False,False,False,False,False,True,False,True,False,False,False,False,True,False,False,True,False,True,False,False
-0.5540677512436588,0.18098999194093274,0.7266309514875386,-0.562167955812708,0,0,0,0,0.0,0,0,0,0,0,0.0,0,0,1,1,0.0,0.0,0.0,0.0,2,True,True,False,False,False,True,False,False,False,False,False,False,False,False,True,False,False,False,False,False,False,False,True,True,False,False,False
1.7296549799693344,-0.04650952722715268,-0.4266549764130867,-0.6939730878554988,0,5,8,4,10.8,0,0,5,10,2,12.5,0,0,1,0,0.8,0.4,1.6,2.0,0,True,True,False,False,False,False,False,False,False,False,False,False,False,False,True,False,False,False,True,False,False,False,True,False,True,True,False
0.2071731591606723,-1.714839334459779,0.6575719138886988,0.6240782325724092,0,5,6,0,0.0,0,0,5,5,0,0.0,0,1,1,0,0.0,0.0,1.2,1.0,0,True,True,False,False,False,True,False,True,False,False,False,False,False,False,True,False,False,False,True,False,False,False,False,False,True,False,False
-0.5540677512436588,-0.19817587333920963,-0.34378413129447866,0.22866283644403682,3,10,23,6,11.428571428571429,0,2,7,15,4,12.0,1,1,1,1,0.6,0.5714285714285714,2.3,2.142857142857143,0,False,True,False,False,False,True,False,True,False,False,False,False,False,False,False,False,False,False,False,True,False,False,False,True,False,False,False
-0.5540677512436588,-0.19817587333920963,0.20868816949623997,0.22866283644403682,8,14,24,8,12.5,2,6,13,23,10,11.6,0,1,1,0,0.5714285714285714,0.7692307692307693,1.7142857142857142,1.7692307692307692,0,True,True,False,False,False,True,False,True,False,False,False,False,False,False,True,False,False,False,True,False,False,False,False,False,True,False,False
-0.5540677512436588,0.18098999194093274,-0.04683026961946761,-0.6939730878554988,0,5,11,2,13.5,0,0,5,11,3,12.333333333333334,0,0,1,0,0.4,0.6,2.2,2.2,1,True,True,False,False,False,False,False,False,False,False,False,False,False,False,False,False,False,False,True,False,False,False,False,False,True,False,False
-0.5540677512436588,0.03690696313447821,-2.001201033666635,0.3604679684868276,0,6,6,0,0.0,0,0,6,12,0,0.0,0,1,0,0,0.0,0.0,1.0,2.0,0,True,True,False,False,False,False,False,False,False,False,True,False,False,False,True,False,False,False,True,False,False,False,False,False,True,False,False
0.9684140695650034,0.18098999194093274,-0.4128431688933185,-0.6939730878554988,0,5,8,5,12.75,0,0,5,7,5,11.5,0,0,1,0,1.0,1.0,1.6,1.4,2,True,True,False,False,False,False,False,False,False,False,False,False,False,False,False,False,False,False,True,False,False,False,True,False,True,True,False
-0.5540677512436588,-0.3498422194512666,-0.19185424857703087,-0.16675255968433558,0,6,17,3,11.333333333333334,3,0,6,14,3,12.333333333333334,0,0,1,0,0.5,0.5,2.8333333333333335,2.3333333333333335,1,True,True,False,False,False,True,False,True,False,False,False,False,False,False,False,False,False,False,False,False,False,False,True,False,True,False,False
-0.5540677512436588,0.5601558572210751,0.20868816949623997,0.22866283644403682,0,6,8,0,0.0,0,0,6,10,0,0.0,0,1,0,0,0.0,0.0,1.3333333333333333,1.6666666666666667,0,True,True,False,False,False,True,False,True,False,False,False,False,True,False,True,False,False,False,True,False,False,False,False,False,True,False,False
0.2071731591606723,0.18098999194093274,0.6299482988491625,-0.562167955812708,0,6,9,5,11.4,0,0,6,13,5,12.4,0,0,0,0,0.8333333333333334,0.8333333333333334,1.5,2.1666666666666665,1,True,True,False,False,False,True,False,False,False,False,True,False,False,False,True,False,False,False,True,False,False,False,True,False,True,False,False
0.2071731591606723,-0.12234270028318116,0.40205347477299225,-0.562167955812708,0,6,7,6,14.428571428571429,0,0,6,7,6,14.571428571428571,0,0,0,0,1.0,1.0,1.1666666666666667,1.1666666666666667,2,True,True,False,False,False,True,False,False,False,False,True,False,False,False,False,True,False,False,False,True,False,False,True,False,True,False,False
-0.5540677512436588,-0.12234270028318116,-0.04683026961946761,-0.562167955812708,0,7,9,7,12.492857142857144,0,0,8,10,8,11.7125,0,0,1,0,1.0,1.0,1.2857142857142858,1.25,2,True,True,False,True,False,False,False,False,False,False,False,False,False,False,True,False,False,False,True,False,False,False,False,False,True,False,False
-0.5540677512436588,-2.473171065020064,-1.0689040260822968,2.8647654772998528,2,8,10,4,11.5,0,2,8,13,4,11.0,0,1,1,0,0.5,0.5,1.25,1.625,0,False,True,True,False,False,True,False,True,False,False,False,False,False,False,False,False,False,False,False,True,False,False,False,False,True,False,False
-0.5540677512436588,0.5601558572210751,-0.6062084741700698,3.7874014015993884,0,5,7,5,11.2,0,0,5,6,5,12.8,1,1,1,0,1.0,1.0,1.4,1.2,2,False,True,True,False,False,False,False,True,False,False,False,False,False,False,False,False,False,False,False,False,False,False,False,False,True,False,False
-0.5540677512436588,-0.6531749116753804,-0.785761971927054,-0.4303628237699172,0,5,9,3,12.0,1,0,5,7,3,11.0,0,0,1,1,0.6,0.6,1.8,1.4,0,True,True,False,False,False,False,False,False,False,False,False,False,False,False,False,False,False,False,False,True,False,False,True,False,False,False,False
-0.5540677512436588,-0.19817587333920963,-0.6338320892096062,-0.562167955812708,0,8,8,7,15.885714285714286,0,0,8,8,7,15.885714285714286,0,0,1,0,0.875,0.875,1.0,1.0,2,True,True,False,True,False,False,False,False,False,False,False,False,False,False,True,False,False,False,False,False,False,False,True,False,True,False,False
-0.5540677512436588,0.7118222033331321,0.001511056699720468,-0.2985576917271264,0,7,12,4,12.94,0,0,7,12,4,11.58,0,0,1,1,0.5714285714285714,0.5714285714285714,1.7142857142857142,1.7142857142857142,0,True,True,False,True,False,False,False,False,False,False,False,False,False,False,False,False,False,False,False,False,False,False,False,True,False,False,False
-0.5540677512436588,1.3184875877813598,0.8992785454846383,1.546714156871945,0,6,6,6,14.0,0,0,6,6,6,14.166666666666666,0,1,1,1,1.0,1.0,1.0,1.0,2,False,True,True,False,False,True,False,True,False,False,False,False,False,False,False,False,False,False,False,False,False,False,False,False,False,False,False
-0.5540677512436588,-1.714839334459779,-1.448728732875916,1.6785192889147356,0,0,0,0,0.0,0,0,0,0,0,0.0,0,1,1,0,0.0,0.0,0.0,0.0,2,False,True,False,False,False,True,False,True,False,True,False,False,False,False,False,False,False,False,False,False,False,False,True,False,True,False,False
-0.5540677512436588,-1.714839334459779,1.6589279590718764,3.1283757413854345,0,7,7,0,0.0,7,0,8,8,0,0.0,8,1,1,1,0.0,0.0,1.0,1.0,0,False,True,False,True,False,False,False,True,False,False,False,False,False,False,True,False,False,False,True,False,False,False,False,True,False,False,False
-0.5540677512436588,-1.5631729883477221,-1.4211051178363796,-0.16675255968433558,0,5,0,0,0.0,0,0,5,0,0,0.0,0,0,0,0,0.0,0.0,0.0,0.0,0,True,True,True,False,False,False,False,False,False,False,True,False,True,False,False,True,False,False,False,True,False,False,False,False,True,False,False
-0.5540677512436588,-2.473171065020064,-0.11588930721830744,2.3375449491286897,0,5,8,4,11.25,0,0,5,8,3,11.0,1,1,1,0,0.8,0.6,1.6,1.6,0,False,True,True,False,False,False,False,True,False,False,False,False,False,False,False,False,False,False,False,False,False,False,True,False,True,False,False
-0.5540677512436588,-0.19817587333920963,0.20868816949623997,0.3604679684868276,0,5,5,0,0.0,0,0,5,6,0,0.0,0,1,1,0,0.0,0.0,1.0,1.2,0,True,True,False,False,True,False,True,False,True,False,False,False,False,False,False,False,False,True,False,False,False,True,False,False,True,False,False
-0.5540677512436588,0.03690696313447821,-0.7581383568875176,3.6555962695565976,0,6,13,4,11.25,0,0,6,12,0,0.0,1,1,1,1,0.6666666666666666,0.0,2.1666666666666665,2.0,0,False,False,True,False,False,True,False,True,False,False,False,False,False,False,False,False,False,True,False,False,False,True,False,False,False,False,False
0.2071731591606723,1.3184875877813598,-0.48190220649215837,2.6011552132142715,0,5,11,3,10.666666666666666,0,1,5,10,4,12.5,0,1,1,0,0.6,0.8,2.2,2.0,1,False,False,True,False,False,False,False,True,False,False,False,False,False,False,False,False,False,False,False,False,False,False,False,False,True,False,False
0.2071731591606723,-2.473171065020064,-1.863082958468955,2.3375449491286897,0,6,9,5,11.8,0,1,6,10,3,10.666666666666666,1,1,1,0,0.8333333333333334,0.5,1.5,1.6666666666666667,2,False,False,True,False,False,True,False,True,False,False,False,False,False,False,False,False,True,False,False,False,True,False,True,False,True,False,False
0.2071731591606723,-0.19817587333920963,-0.5854907628904181,-0.034947427641544786,5,10,19,8,11.625,1,4,10,16,10,11.181818181818182,3,0,1,0,0.8,1.0,1.9,1.6,2,True,True,False,False,False,False,False,True,False,False,False,False,False,False,False,False,False,False,False,False,False,False,True,False,True,False,False
0.2071731591606723,-0.2740090463952381,-0.5578671478508818,-0.16675255968433558,0,6,11,0,0.0,0,0,5,10,0,0.0,0,0,1,0,0.0,0.0,1.8333333333333333,2.0,0,True,True,False,False,False,True,False,True,False,False,False,False,False,False,False,False,True,False,True,False,False,False,True,False,True,False,False
0.2071731591606723,-0.425675392507295,-0.5302435328113464,0.22866283644403682,0,6,8,4,10.25,0,0,6,6,4,11.25,0,1,1,0,0.6666666666666666,0.6666666666666666,1.3333333333333333,1.0,0,True,True,False,False,False,True,False,False,False,False,False,False,False,False,False,False,False,False,False,False,False,False,True,False,True,True,False
-0.5540677512436588,0.5601558572210751,0.6092305875695118,0.22866283644403682,14,15,16,15,10.8,0,13,14,14,14,11.357142857142858,0,1,1,0,1.0,1.0,1.0666666666666667,1.0,2,True,True,True,False,False,False,False,True,False,False,False,False,False,False,False,False,False,False,False,False,False,False,True,False,True,False,False
-0.5540677512436588,-0.19817587333920963,0.20868816949623997,-0.16675255968433558,5,12,15,11,12.545454545454543,0,4,11,16,11,12.666666666666666,0,0,1,1,0.9166666666666666,1.0,1.25,1.4545454545454546,2,True,True,False,False,False,True,True,False,False,True,False,False,False,False,False,False,False,False,False,False,False,False,True,False,False,True,False
-0.5540677512436588,0.03690696313447821,0.1948763619764728,0.09685770440124603,0,7,7,7,13.571428571428571,0,0,6,9,5,13.4,0,1,1,0,1.0,0.8333333333333334,1.0,1.5,1,True,True,False,False,False,True,False,True,False,False,False,False,False,False,False,False,False,False,True,False,False,False,False,False,True,False,True
-0.5540677512436588,0.5601558572210751,1.5898689214730366,3.1283757413854345,0,6,0,0,0.0,0,0,6,0,0,0.0,0,1,1,0,0.0,0.0,0.0,0.0,0,True,True,False,True,False,False,False,True,True,False,False,False,False,False,False,False,False,False,False,False,False,False,False,False,True,False,False
-0.5540677512436588,0.03690696313447821,-1.0412804110427605,2.3375449491286897,0,5,5,0,0.0,0,0,5,5,0,0.0,0,1,1,0,0.0,0.0,1.0,1.0,0,False,True,True,False,False,False,False,True,False,False,False,False,False,False,True,False,False,False,True,False,False,False,True,False,True,False,False
-0.5540677512436588,-0.9565076038994943,1.5967748252329201,2.6011552132142715,0,6,9,6,14.77777777777778,0,0,6,11,5,12.2,0,1,1,0,1.0,0.8333333333333334,1.5,1.8333333333333333,2,True,True,False,False,False,True,False,True,False,False,False,False,False,False,False,False,False,False,False,False,False,False,True,False,True,False,False
-0.5540677512436588,0.03690696313447821,0.20868816949623997,0.7558833646152,0,3,4,0,0.0,0,0,4,8,0,0.0,0,1,1,0,0.0,0.0,1.3333333333333333,2.0,0,True,True,False,False,False,True,False,True,False,False,False,False,False,False,False,False,False,False,False,False,False,False,False,False,True,False,False
0.2071731591606723,-0.9565076038994943,0.0705700942985603,0.8876884966579909,0,2,2,0,0.0,0,0,2,2,0,0.0,0,1,1,0,0.0,0.0,1.0,1.0,0,True,True,False,False,True,False,False,True,False,False,False,False,False,False,True,False,False,False,True,False,False,False,False,False,True,False,False
0.2071731591606723,0.03690696313447821,-1.6904353644718553,0.3604679684868276,0,4,4,0,0.0,0,0,5,0,0,0.0,0,1,1,1,0.0,0.0,1.0,0.0,0,True,True,False,False,False,False,False,True,False,False,False,False,False,False,False,False,False,False,False,False,False,False,False,False,False,False,False
0.2071731591606723,0.03690696313447821,-1.6904353644718553,0.4922731005296184,0,5,10,0,0.0,0,0,5,5,0,0.0,0,1,1,1,0.0,0.0,2.0,1.0,0,True,True,True,False,False,False,False,True,False,False,False,False,False,False,False,False,False,False,False,False,False,False,False,False,False,False,False
0.2071731591606723,-2.473171065020064,-1.1724925824805565,1.6785192889147356,0,5,5,5,11.4,0,0,5,7,5,11.6,0,1,1,0,1.0,1.0,1.0,1.4,2,False,True,False,False,False,False,False,True,False,False,False,False,False,False,False,False,False,False,False,False,False,False,False,False,True,True,False
-0.5540677512436588,0.03690696313447821,-0.8962564320851973,0.7558833646152,3,9,13,6,11.666666666666666,0,2,7,10,6,10.857142857142858,0,1,1,0,0.6666666666666666,0.8571428571428571,1.4444444444444444,1.4285714285714286,0,True,True,False,False,False,True,False,True,False,False,False,False,False,False,True,False,False,False,False,False,False,False,False,False,True,False,False
-0.5540677512436588,-0.9565076038994943,0.08438190181832748,1.546714156871945,6,10,12,7,11.285714285714286,0,2,8,8,5,13.0,0,1,1,0,0.7,0.625,1.2,1.0,0,True,True,False,False,True,False,False,True,False,False,False,False,False,False,False,False,True,False,False,False,True,False,True,False,True,False,False
-0.5540677512436588,-0.3498422194512666,-0.7236088380880977,-0.6939730878554988,0,6,12,4,11.5,0,0,6,10,5,12.6,0,0,1,0,0.6666666666666666,0.8333333333333334,2.0,1.6666666666666667,2,True,True,False,False,False,True,False,False,False,False,False,False,False,False,False,False,False,False,False,True,False,False,False,False,True,True,False
-0.5540677512436588,2.9868173950139862,1.5415275951538494,0.09685770440124603,0,5,5,5,16.0,0,0,5,5,5,16.0,0,1,1,0,1.0,1.0,1.0,1.0,2,True,True,True,False,False,False,False,False,False,False,False,False,False,False,False,False,False,False,False,False,False,False,False,False,True,True,False
0.9684140695650034,1.015154895557246,0.4918302236514829,-0.6939730878554988,0,6,6,6,12.5,0,0,6,7,6,12.666666666666666,0,0,1,0,1.0,1.0,1.0,1.1666666666666667,0,True,True,False,False,False,True,False,False,False,False,False,False,False,False,False,False,False,False,False,False,False,False,True,False,True,True,False
1.7296549799693344,0.18098999194093274,-0.026112558339815857,-0.6939730878554988,0,5,7,4,12.0,0,0,5,10,3,13.0,3,0,1,0,0.8,0.6,1.4,2.0,1,True,True,False,False,True,False,False,False,False,False,False,False,False,False,True,False,False,False,False,False,False,False,True,False,True,False,False
-0.5540677512436588,2.0768193183416446,-0.48190220649215837,-0.2985576917271264,0,5,11,0,0.0,2,0,5,11,3,11.666666666666666,1,0,1,0,0.0,0.6,2.2,2.2,1,False,True,False,True,False,False,False,True,False,False,False,False,False,False,False,False,False,False,False,False,False,False,False,False,True,False,False
-0.5540677512436588,1.3184875877813598,0.4503948010921794,-0.2985576917271264,0,5,10,5,13.0,0,0,5,10,5,12.6,0,0,1,0,1.0,1.0,2.0,2.0,2,True,True,False,False,True,False,False,True,False,False,False,False,False,False,True,False,False,False,False,False,False,False,True,False,True,False,False
-0.5540677512436588,-0.19817587333920963,-1.1724925824805565,1.1512987607435725,8,18,27,13,13.714285714285714,1,7,12,18,12,12.083333333333334,0,1,0,0,0.7222222222222222,1.0,1.5,1.5,2,True,True,False,False,False,True,False,True,False,False,False,False,True,False,False,True,False,False,False,False,False,False,False,False,True,False,False
1.7296549799693344,-1.6390061614037505,-1.3451401764776563,-0.16675255968433558,0,5,9,3,12.333333333333334,0,0,6,14,3,12.5,0,0,1,0,0.6,0.5,1.8,2.3333333333333335,0,True,True,False,False,True,False,False,False,False,False,False,False,False,False,False,False,False,False,True,False,False,False,True,False,True,True,False
-0.5540677512436588,-0.19817587333920963,0.20868816949623997,1.1512987607435725,11,17,31,11,12.727272727272728,4,10,12,24,10,12.7,1,1,1,1,0.6470588235294118,0.8333333333333334,1.8235294117647058,2.0,0,True,True,False,False,False,True,True,False,True,False,False,False,False,False,False,False,False,False,False,False,False,False,True,False,False,False,False
-0.5540677512436588,2.8351510489019294,-1.0619981223224133,1.546714156871945,1,5,5,1,14.0,0,0,5,5,0,0.0,0,1,1,0,0.2,0.0,1.0,1.0,0,True,True,False,False,False,False,False,True,False,True,False,False,False,False,False,False,True,False,False,False,True,False,False,False,True,False,False
0.9684140695650034,0.03690696313447821,-1.7940239208701152,-0.034947427641544786,0,5,0,0,0.0,0,0,5,0,0,0.0,0,0,1,1,0.0,0.0,0.0,0.0,0,True,True,False,False,False,False,False,False,False,False,False,False,False,False,True,False,False,False,False,False,False,False,True,False,False,False,False
-0.5540677512436588,-2.473171065020064,-1.2898929463985846,2.073934685043108,0,6,8,5,11.4,0,1,6,12,3,11.0,1,1,1,0,0.8333333333333334,0.5,1.3333333333333333,2.0,1,True,True,True,False,False,True,False,True,False,False,False,False,False,False,False,False,False,False,False,False,False,False,False,False,True,False,False
-0.5540677512436588,-0.9565076038994943,0.08438190181832748,1.546714156871945,0,5,5,0,0.0,0,0,5,5,1,10.0,0,1,1,0,0.0,0.2,1.0,1.0,0,False,True,False,False,False,False,False,True,False,False,False,False,False,False,False,False,True,False,False,False,True,False,False,False,True,False,False
-0.5540677512436588,-1.714839334459779,1.5898689214730366,1.1512987607435725,0,6,8,6,18.875,0,6,12,14,12,17.692307692307693,0,1,0,0,1.0,1.0,1.3333333333333333,1.1666666666666667,2,False,True,False,False,False,True,False,True,True,False,True,False,False,False,True,False,False,False,False,False,False,False,False,False,True,False,False
-0.5540677512436588,0.03690696313447821,1.0926438507613905,-0.4303628237699172,0,6,12,0,0.0,0,0,6,12,0,0.0,0,0,1,0,0.0,0.0,2.0,2.0,0,True,True,False,False,False,True,False,False,False,False,False,False,False,False,False,False,True,False,False,False,True,False,False,False,True,False,False
-0.5540677512436588,-0.9565076038994943,-1.863082958468955,1.414909024829154,0,7,15,6,11.333333333333334,0,0,7,16,4,12.6,0,1,1,0,0.8571428571428571,0.5714285714285714,2.142857142857143,2.2857142857142856,1,True,True,False,True,False,False,False,True,False,False,False,False,False,False,False,False,False,False,False,False,False,False,False,False,True,False,False
-0.5540677512436588,1.3184875877813598,1.5898689214730366,2.732960345257062,3,7,9,7,13.5,0,0,5,6,5,16.2,0,1,1,0,1.0,1.0,1.2857142857142858,1.2,0,True,True,True,False,False,False,True,False,True,False,False,False,False,False,False,False,False,False,False,False,False,False,True,False,True,False,False
-0.5540677512436588,0.03690696313447821,2.0387526658654953,3.9192065336421793,7,11,12,2,15.0,7,4,9,10,3,10.0,4,1,1,0,0.18181818181818182,0.3333333333333333,1.0909090909090908,1.1111111111111112,2,False,True,False,False,False,False,False,True,False,False,False,False,False,False,False,False,False,False,False,False,False,False,False,False,True,False,False
-0.5540677512436588,-0.9565076038994943,-1.9597656111073312,0.6240782325724092,0,5,10,0,0.0,0,0,5,7,0,0.0,0,1,1,1,0.0,0.0,2.0,1.4,0,True,True,False,False,True,False,False,True,False,False,False,False,False,False,False,False,False,False,True,False,False,False,False,True,False,False,False
-0.5540677512436588,-0.19817587333920963,0.20868816949623997,1.0194936287007816,9,9,9,9,14.22222222222222,0,5,5,5,5,12.8,0,1,1,0,1.0,1.0,1.0,1.0,0,True,True,True,False,False,False,True,False,True,False,False,False,False,False,False,False,False,False,False,False,False,False,False,False,True,False,False
-0.5540677512436588,-0.19817587333920963,-0.6131143779299544,-0.6939730878554988,0,0,0,0,0.0,0,0,0,0,0,0.0,0,0,1,1,0.0,0.0,0.0,0.0,1,True,True,False,False,False,True,False,False,False,False,False,False,False,False,True,False,False,False,False,False,False,False,False,True,False,False,False
-0.5540677512436588,-2.473171065020064,-0.48190220649215837,2.732960345257062,2,7,14,4,12.0,2,0,6,16,0,0.0,1,1,0,1,0.5714285714285714,0.0,2.0,2.6666666666666665,0,True,True,False,False,False,True,False,True,False,False,False,False,True,False,False,False,False,False,False,False,False,False,False,True,False,False,False
-0.5540677512436588,0.7118222033331321,0.04985238301890855,-0.562167955812708,0,5,9,5,12.6,1,0,5,8,4,12.0,0,0,1,0,1.0,0.8,1.8,1.6,2,True,True,False,True,False,False,False,False,False,False,False,False,False,False,False,False,False,False,False,False,False,False,True,False,True,False,False
-0.5540677512436588,-0.19817587333920963,0.20868816949623997,-0.2985576917271264,6,12,12,12,15.083333333333334,0,4,11,15,11,13.083333333333334,0,0,1,0,1.0,1.0,1.0,1.3636363636363635,1,True,True,False,False,False,True,False,True,False,False,False,False,False,False,False,True,False,False,False,False,False,False,False,False,True,False,True
-0.5540677512436588,1.166821241669303,1.4310331349957042,-0.6939730878554988,0,5,5,0,0.0,0,0,5,5,0,0.0,0,0,0,0,0.0,0.0,1.0,1.0,0,True,True,False,False,True,False,False,False,False,False,True,False,False,False,False,True,False,False,True,False,False,False,False,False,True,True,False
-0.5540677512436588,2.8351510489019294,2.971049673449833,-0.4303628237699172,0,6,8,6,14.5,0,0,6,10,6,15.3,0,0,1,0,1.0,1.0,1.3333333333333333,1.6666666666666667,2,True,True,False,False,False,True,True,False,False,True,False,False,False,False,True,False,False,False,True,False,False,False,True,False,True,False,False
-0.5540677512436588,-1.714839334459779,-1.1586807749607886,4.182816797727761,0,6,6,6,14.5,0,0,6,6,6,13.5,0,1,1,0,1.0,1.0,1.0,1.0,2,True,True,False,False,False,True,False,True,False,False,False,False,False,False,False,False,False,False,False,False,False,False,False,False,True,False,False
-0.5540677512436588,2.531818356677815,1.3412563861172135,0.4922731005296184,0,5,12,3,10.0,0,0,5,12,1,13.0,0,1,1,0,0.6,0.2,2.4,2.4,1,True,True,False,False,False,False,False,False,False,False,False,False,False,False,True,False,False,False,False,False,False,False,False,False,True,False,False
0.2071731591606723,0.18098999194093274,-0.4128431688933185,-0.562167955812708,0,5,0,0,0.0,0,0,5,0,0,0.0,0,0,1,0,0.0,0.0,0.0,0.0,0,True,True,False,False,True,False,False,False,False,False,False,False,False,False,True,False,False,False,True,False,False,False,False,False,True,False,False
-0.5540677512436588,0.02932364582887579,0.20178226573635638,-0.6939730878554988,0,5,5,5,11.6,0,0,5,5,5,13.2,0,0,1,0,1.0,1.0,1.0,1.0,2,True,True,False,False,False,False,False,False,False,False,False,False,False,False,False,False,False,False,False,False,False,False,False,False,True,False,False
-0.5540677512436588,0.03690696313447821,0.34680624469391963,2.6011552132142715,0,6,10,4,11.75,0,0,6,7,0,0.0,0,1,1,0,0.6666666666666666,0.0,1.6666666666666667,1.1666666666666667,0,False,True,False,False,False,True,False,True,False,False,False,False,False,False,False,False,False,False,True,False,False,False,False,False,True,False,False
0.9684140695650034,-0.8806744308434659,-0.07445388465900295,-0.6939730878554988,0,6,0,0,0.0,0,0,6,0,0,0.0,0,0,1,0,0.0,0.0,0.0,0.0,0,True,True,False,False,False,False,False,False,False,False,False,False,False,False,False,False,False,False,False,False,False,False,True,False,True,False,False
-0.5540677512436588,2.000986145285616,2.674095811774821,-0.6939730878554988,0,0,0,0,0.0,0,0,0,0,0,0.0,0,0,0,0,0.0,0.0,0.0,0.0,0,True,True,False,False,False,True,False,False,False,False,True,False,True,False,False,True,False,False,False,True,False,False,True,False,True,False,False
2.4908958903736655,-0.19817587333920963,-0.29544280497529063,-0.4303628237699172,0,6,7,0,0.0,0,0,6,6,0,0.0,0,0,1,1,0.0,0.0,1.1666666666666667,1.0,0,True,True,False,False,False,False,False,False,False,False,False,False,False,False,False,False,False,False,False,False,False,False,True,True,True,True,False
-0.5540677512436588,-0.8806744308434659,0.9959611981230144,0.7558833646152,0,5,7,4,11.25,0,0,5,8,4,11.8,0,1,1,1,0.8,0.8,1.4,1.6,0,False,True,True,False,False,False,False,True,False,False,False,False,False,False,False,False,False,False,False,False,False,False,False,True,False,False,False
-0.5540677512436588,0.03690696313447821,2.0318467621056118,2.732960345257062,0,6,9,5,11.571428571428571,0,0,6,11,0,0.0,0,1,1,1,0.8333333333333334,0.0,1.5,1.8333333333333333,0,True,True,False,False,False,True,False,True,False,False,False,False,False,False,False,False,False,False,False,False,False,False,True,True,True,False,False
-0.5540677512436588,1.015154895557246,1.486280365074777,-0.6939730878554988,0,5,7,4,10.0,0,0,5,8,1,16.0,0,0,1,0,0.8,0.2,1.4,1.6,1,True,True,False,False,True,False,False,False,False,False,False,False,False,False,False,False,False,False,False,False,False,False,True,False,True,False,False
-0.5540677512436588,0.5601558572210751,0.8992785454846383,-0.4303628237699172,0,6,11,5,13.833333333333334,0,0,6,13,6,12.3,0,0,1,0,0.8333333333333334,1.0,1.8333333333333333,2.1666666666666665,1,True,True,False,False,False,True,True,False,False,True,False,False,False,False,False,False,False,False,False,True,False,False,False,False,True,True,False
-0.5540677512436588,-0.577341738619352,0.3260885334142669,-0.4303628237699172,3,6,6,4,12.75,0,3,9,12,3,12.666666666666666,0,0,1,0,0.6666666666666666,0.3333333333333333,1.0,1.3333333333333333,0,True,True,False,False,False,True,False,True,False,False,False,False,False,False,False,False,False,False,False,False,False,False,True,False,True,False,False
0.2071731591606723,-0.9565076038994943,-1.5385054817544075,1.6785192889147356,0,4,4,0,0.0,0,0,5,9,0,0.0,0,1,1,0,0.0,0.0,1.0,1.8,0,False,True,False,False,False,False,False,True,False,False,False,False,False,False,False,False,False,False,False,False,False,False,True,False,True,False,False
-0.5540677512436588,1.3184875877813598,1.5898689214730366,-0.562167955812708,1,6,13,5,11.6,0,1,6,12,2,11.0,0,0,0,0,0.8333333333333334,0.3333333333333333,2.1666666666666665,2.0,1,True,True,False,False,False,True,True,False,False,True,True,False,False,False,False,True,False,False,True,False,False,False,True,False,True,False,False
-0.5540677512436588,-1.714839334459779,-1.1724925824805565,0.7558833646152,0,5,5,0,0.0,0,0,5,5,0,0.0,0,1,1,1,0.0,0.0,1.0,1.0,0,False,True,False,True,False,False,False,True,False,False,False,False,False,False,False,False,False,True,False,False,False,True,False,False,False,False,False
-0.5540677512436588,-0.9565076038994943,0.1465350356572837,-0.6939730878554988,0,6,6,4,11.25,0,0,6,10,3,10.333333333333334,0,0,1,0,0.6666666666666666,0.5,1.0,1.6666666666666667,0,True,True,False,False,False,False,False,False,False,False,False,False,False,False,False,False,False,False,False,False,False,False,True,False,True,False,False
-0.5540677512436588,0.03690696313447821,-0.48190220649215837,0.09685770440124603,0,6,0,0,0.0,0,0,6,0,0,0.0,0,1,1,1,0.0,0.0,0.0,0.0,0,True,True,False,False,False,True,False,True,False,False,False,False,False,False,False,True,False,False,False,False,False,False,False,False,False,False,False
-0.5540677512436588,0.03690696313447821,0.001511056699720468,-0.4303628237699172,0,6,6,6,14.333333333333334,0,0,6,7,6,15.0,0,0,0,0,1.0,1.0,1.0,1.1666666666666667,2,True,True,False,False,False,True,False,False,False,False,True,False,False,False,False,True,False,False,True,False,False,False,False,False,True,False,False
-0.5540677512436588,0.03690696313447821,1.6934574778712963,2.8647654772998528,0,6,7,0,0.0,0,0,5,5,0,0.0,0,1,1,1,0.0,0.0,1.1666666666666667,1.0,0,False,True,True,False,False,True,False,True,False,False,False,False,False,False,False,False,False,False,False,False,False,False,False,True,False,False,False
0.2071731591606723,-0.19817587333920963,-0.012300750820047694,0.6240782325724092,18,23,23,20,13.5,3,18,23,23,20,13.5,3,1,1,0,0.8695652173913043,0.8695652173913043,1.0,1.0,2,True,True,False,True,False,False,False,True,False,False,False,False,False,False,True,False,False,False,True,False,False,False,True,False,True,True,False
-0.5540677512436588,2.0768193183416446,0.9545257755637109,-0.034947427641544786,0,6,8,6,12.666666666666666,0,0,6,10,5,12.2,0,0,1,0,1.0,0.8333333333333334,1.3333333333333333,1.6666666666666667,1,True,True,False,False,False,False,False,False,False,False,False,False,False,False,False,False,False,False,False,False,False,False,True,False,True,False,False
-0.5540677512436588,-0.3498422194512666,-0.09517159593865569,-0.6939730878554988,0,7,7,7,12.444285714285714,0,0,8,11,7,11.347142857142858,0,0,1,0,1.0,0.875,1.0,1.375,2,True,True,False,True,False,False,False,False,False,False,False,False,False,False,True,False,False,False,False,False,False,False,True,False,True,False,False
0.2071731591606723,0.5601558572210751,0.05675828677879213,-0.034947427641544786,0,5,7,3,10.666666666666666,1,0,5,7,3,11.333333333333334,0,0,1,0,0.6,0.6,1.4,1.4,0,True,True,False,False,False,False,False,False,False,False,False,False,False,False,False,False,False,False,True,False,False,False,True,False,True,False,False
-0.5540677512436588,-0.9565076038994943,-0.48190220649215837,-0.16675255968433558,0,0,0,0,0.0,0,0,0,0,0,0.0,0,0,0,0,0.0,0.0,0.0,0.0,1,True,True,False,False,False,True,False,True,False,False,True,False,True,False,False,True,False,False,False,True,False,False,True,False,True,False,False
-0.5540677512436588,0.5601558572210751,0.29846491837473255,-0.16675255968433558,1,6,6,6,12.666666666666666,0,1,6,6,5,12.4,0,0,1,0,1.0,0.8333333333333334,1.0,1.0,2,True,True,False,False,False,True,False,False,False,False,False,False,False,False,True,False,False,False,True,False,False,False,False,False,True,True,False
-0.5540677512436588,-0.9565076038994943,1.9835054357864228,1.2831038927863632,0,5,5,5,13.2,0,0,5,6,5,14.833333333333334,0,1,1,0,1.0,1.0,1.0,1.2,2,True,True,True,False,False,False,False,True,False,True,False,False,False,False,True,False,False,False,True,False,False,False,False,False,True,False,False
-0.5540677512436588,-0.19817587333920963,0.10509961309798022,-0.2985576917271264,7,12,20,10,12.7,0,5,12,14,11,12.181818181818182,0,0,1,0,0.8333333333333334,0.9166666666666666,1.6666666666666667,1.1666666666666667,2,True,True,False,False,False,True,True,False,False,True,False,False,False,False,False,False,False,False,False,False,False,False,False,False,True,False,False
-0.5540677512436588,-2.473171065020064,2.971049673449833,2.8647654772998528,0,5,6,5,14.833333333333334,0,0,5,5,5,14.8,0,1,1,0,1.0,1.0,1.2,1.0,2,False,True,False,False,False,False,False,True,False,False,False,False,False,False,False,False,False,False,True,False,False,False,False,False,True,False,False
-0.5540677512436588,0.03690696313447821,-1.863082958468955,2.732960345257062,4,10,10,4,11.5,0,1,7,8,1,12.0,0,1,1,1,0.4,0.14285714285714285,1.0,1.1428571428571428,0,False,True,False,False,False,True,False,True,False,False,False,False,False,False,False,False,False,False,False,False,False,False,False,False,False,False,False
-0.5540677512436588,-1.714839334459779,-1.365857887757308,2.4693500811714806,0,6,0,0,0.0,0,0,6,0,0,0.0,0,1,1,0,0.0,0.0,0.0,0.0,0,False,True,False,False,False,False,False,True,False,False,False,False,False,False,False,False,False,True,False,False,False,True,False,False,True,False,False
-0.5540677512436588,1.0909880686132745,0.8509372191654512,-0.4303628237699172,0,5,0,0,0.0,0,0,5,0,0,0.0,0,0,1,0,0.0,0.0,0.0,0.0,0,True,True,False,False,False,False,False,False,False,False,False,False,False,False,False,False,False,False,False,False,False,False,True,False,True,False,False
3.2521368007779965,0.02932364582887579,-0.2609132861758707,-0.4303628237699172,0,5,7,3,12.666666666666666,1,0,5,12,2,12.5,0,0,1,0,0.6,0.4,1.4,2.4,1,True,True,False,False,False,False,False,False,False,False,False,False,False,False,True,False,False,False,False,False,False,False,True,False,True,False,False
0.2071731591606723,0.33265633805298966,-0.32306642001482694,-0.4303628237699172,0,6,7,6,14.714285714285714,0,0,6,6,6,12.5,0,0,1,0,1.0,1.0,1.1666666666666667,1.0,2,True,True,False,False,False,False,False,False,False,False,False,False,False,False,False,True,False,False,False,False,False,False,True,False,True,True,False
0.2071731591606723,-0.6531749116753804,0.06366419053867671,-0.4303628237699172,0,6,11,3,13.666666666666666,0,0,6,13,4,10.25,0,0,1,0,0.5,0.6666666666666666,1.8333333333333333,2.1666666666666665,1,True,True,False,False,False,True,False,False,False,False,False,False,False,False,True,False,False,False,True,False,False,False,True,False,True,False,False
0.2071731591606723,-0.3498422194512666,-0.4611844952125066,-0.562167955812708,0,5,9,5,10.8,0,0,5,13,2,13.5,0,0,1,0,1.0,0.4,1.8,2.6,1,True,True,False,False,False,False,False,False,False,False,False,False,False,False,False,False,False,False,False,False,False,False,False,False,True,False,False
-0.5540677512436588,-0.9565076038994943,0.10509961309798022,0.3604679684868276,2,8,13,4,10.5,0,5,10,16,7,10.428571428571429,0,1,1,1,0.5,0.7,1.625,1.6,0,True,True,True,False,False,True,False,True,False,False,False,False,False,False,True,False,False,False,True,False,False,False,False,True,False,False,False
-0.5540677512436588,0.03690696313447821,1.5898689214730366,1.0194936287007816,0,6,10,6,15.0,0,0,6,11,5,12.5,0,1,1,0,1.0,0.8333333333333334,1.6666666666666667,1.8333333333333333,2,False,True,False,False,False,True,False,True,False,False,False,False,False,False,False,False,False,False,False,False,False,False,False,False,True,False,False
-0.5540677512436588,0.7118222033331321,0.6299482988491625,-0.562167955812708,0,6,6,6,12.666666666666666,0,0,6,6,6,14.0,0,0,1,1,1.0,1.0,1.0,1.0,2,True,True,False,False,False,True,False,False,False,False,False,False,False,False,False,False,False,False,False,False,False,False,False,True,True,True,False
-0.5540677512436588,-2.473171065020064,0.0705700942985603,0.6240782325724092,0,6,7,6,13.166666666666666,0,0,6,6,6,13.666666666666666,0,1,1,0,1.0,1.0,1.1666666666666667,1.0,2,True,True,False,False,False,True,False,True,False,False,False,False,False,False,False,False,True,False,False,False,True,False,True,False,True,False,False
-0.5540677512436588,1.2426544147253313,2.149247126023639,-0.4303628237699172,0,0,0,0,0.0,0,0,0,0,0,0.0,0,0,1,0,0.0,0.0,0.0,0.0,2,True,True,False,False,False,True,False,False,False,False,False,False,False,False,False,False,False,False,False,False,False,False,True,False,True,True,False
0.2071731591606723,-1.714839334459779,-1.2622693313590483,2.6011552132142715,0,6,6,6,13.0,0,0,6,6,6,12.5,0,1,1,0,1.0,1.0,1.0,1.0,2,False,False,True,False,False,True,False,False,False,False,False,False,False,False,False,False,False,False,False,False,False,False,True,False,True,False,False
-0.5540677512436588,0.03690696313447821,-1.1724925824805565,0.22866283644403682,0,0,0,0,0.0,0,0,0,0,0,0.0,0,1,1,0,0.0,0.0,0.0,0.0,0,True,True,False,False,False,True,False,True,False,False,False,False,False,False,False,True,False,False,False,False,False,False,False,False,True,True,True
-0.5540677512436588,0.03690696313447821,-0.48190220649215837,2.205739817085899,0,6,13,2,10.0,0,0,6,10,1,15.0,0,1,1,1,0.3333333333333333,0.16666666666666666,2.1666666666666665,1.6666666666666667,0,True,False,False,False,False,True,False,True,False,False,False,False,False,False,False,False,False,False,False,False,False,False,False,True,True,False,False
-0.5540677512436588,1.3184875877813598,1.5898689214730366,-0.4303628237699172,2,6,7,6,13.333333333333334,0,1,6,16,5,13.375,0,0,0,0,1.0,0.8333333333333334,1.1666666666666667,2.6666666666666665,2,True,False,False,True,False,False,True,False,False,True,True,False,True,False,False,True,False,False,False,True,False,False,False,False,True,False,True
-0.5540677512436588,0.03690696313447821,-0.9653154696840371,2.9965706093426436,0,6,13,3,12.333333333333334,0,0,6,6,6,13.333333333333334,0,1,1,0,0.5,1.0,2.1666666666666665,1.0,2,False,False,True,False,False,True,False,True,False,True,False,False,False,False,False,False,False,False,False,True,False,False,False,False,True,False,False
-0.5540677512436588,-0.8806744308434659,-0.5785848591305345,0.3604679684868276,14,21,23,20,13.181818181818182,0,10,14,18,14,11.642857142857142,0,1,1,0,0.9523809523809523,1.0,1.0952380952380953,1.2857142857142858,2,True,False,False,False,True,False,False,True,False,False,False,False,False,False,True,False,False,False,False,False,False,False,False,False,True,False,False
-0.5540677512436588,0.03690696313447821,1.5069980763544295,1.414909024829154,0,7,7,6,12.513333333333334,0,0,8,9,7,13.071428571428571,0,1,0,0,0.8571428571428571,0.875,1.0,1.125,2,False,False,False,True,False,False,False,True,False,False,True,False,False,False,True,False,False,False,True,False,False,False,False,False,True,True,False
0.9684140695650034,-0.8048412577874374,-0.4611844952125066,-0.562167955812708,0,6,0,0,0.0,0,0,6,0,0,0.0,0,0,1,0,0.0,0.0,0.0,0.0,0,True,False,False,False,False,True,False,False,False,False,False,False,False,False,False,False,False,False,True,False,False,False,True,False,True,False,False
3.2521368007779965,0.7876553763891605,0.001511056699720468,-0.6939730878554988,0,8,8,7,13.585714285714284,0,0,8,8,7,13.585714285714284,0,0,1,0,0.875,0.875,1.0,1.0,2,True,False,False,True,False,False,False,False,False,False,False,False,False,False,False,False,False,False,False,False,False,False,True,False,True,True,False
-0.5540677512436588,-0.7290080847314089,-0.9100682396049655,-0.6939730878554988,0,7,9,7,11.155555555555557,0,0,8,10,8,11.425,0,0,1,0,1.0,1.0,1.2857142857142858,1.25,2,True,False,False,True,False,False,False,False,False,False,False,False,False,False,True,False,False,False,False,False,False,False,True,False,True,False,False
-0.5540677512436588,-0.9565076038994943,-1.3106106576782364,1.8103244209575264,1,7,9,6,11.857142857142858,0,1,6,7,5,12.0,0,1,1,0,0.8571428571428571,0.8333333333333334,1.2857142857142858,1.1666666666666667,2,True,True,True,False,False,True,False,True,False,False,False,False,False,False,False,False,False,False,False,False,False,False,False,False,True,True,False
-0.5540677512436588,-1.4115066422356652,0.1465350356572837,-0.034947427641544786,0,0,0,0,0.0,0,0,0,0,0,0.0,0,0,1,0,0.0,0.0,0.0,0.0,2,True,True,False,False,False,True,False,False,False,False,False,False,False,False,False,False,False,False,False,False,False,False,False,False,True,True,False
-0.5540677512436588,-1.4115066422356652,0.6161364913293953,0.3604679684868276,9,14,14,14,14.0,0,7,13,13,13,13.615384615384617,0,1,1,0,1.0,1.0,1.0,1.0,2,True,True,False,False,False,True,False,True,False,False,False,False,False,False,False,False,False,False,False,False,False,False,False,False,True,False,False
0.2071731591606723,1.6521535492278856,1.8937286869079322,-0.6939730878554988,0,6,8,5,12.0,0,0,6,0,0,0.0,0,0,1,1,0.8333333333333334,0.0,1.3333333333333333,0.0,0,True,False,False,False,False,True,True,False,False,False,False,False,False,False,False,True,False,False,True,False,False,False,True,False,False,False,True
-0.5540677512436588,4.351814510022499,4.3522304254266295,-0.6939730878554988,0,7,15,4,11.575,0,0,7,10,5,12.419999999999998,0,0,0,0,0.5714285714285714,0.7142857142857143,2.142857142857143,1.4285714285714286,1,True,False,False,True,False,False,False,True,False,False,True,False,True,False,False,True,False,False,True,False,False,False,True,False,True,False,True
1.7296549799693344,0.25682316499696123,0.38133576349333953,-0.562167955812708,0,7,8,7,13.198571428571428,0,0,8,8,8,13.0625,0,0,0,0,1.0,1.0,1.1428571428571428,1.0,2,True,False,False,True,False,False,False,False,False,False,True,False,True,False,False,True,False,False,False,True,False,False,True,False,True,False,False
0.2071731591606723,2.3270687894265394,2.5083541215376073,-0.6939730878554988,0,6,10,6,13.5,0,0,6,12,6,12.0,0,0,1,0,1.0,1.0,1.6666666666666667,2.0,2,True,False,False,True,False,False,True,False,False,False,False,False,False,False,True,False,False,False,False,False,False,False,False,False,True,False,True
-0.5540677512436588,-0.5015085655633235,-0.30925461249505876,-0.562167955812708,0,6,6,6,13.333333333333334,0,0,6,8,5,12.8,0,0,0,0,1.0,0.8333333333333334,1.0,1.3333333333333333,0,True,False,False,False,False,False,False,False,False,False,False,False,True,False,True,False,False,False,False,True,False,False,True,False,True,False,False
1.7296549799693344,-0.8048412577874374,-0.4128431688933185,-0.4303628237699172,0,5,10,4,14.25,0,0,5,14,1,10.0,0,0,1,0,0.8,0.2,2.0,2.8,1,True,True,False,False,True,False,False,False,False,False,False,False,False,False,False,False,False,False,False,False,False,False,True,False,True,False,True
-0.5540677512436588,0.33265633805298966,0.33299443717415245,-0.16675255968433558,0,6,7,6,12.166666666666666,0,0,6,9,4,12.0,0,0,1,0,1.0,0.6666666666666666,1.1666666666666667,1.5,2,True,False,False,False,False,True,False,False,False,False,False,False,False,False,False,True,False,False,True,False,False,False,False,False,True,True,False
0.9684140695650034,0.48432268416504665,0.5539833574904391,-0.6939730878554988,0,8,8,7,12.214285714285714,0,0,8,8,7,12.214285714285714,0,0,1,0,0.875,0.875,1.0,1.0,2,True,False,False,True,False,False,False,False,False,False,False,False,False,False,False,False,False,False,True,False,False,False,True,False,True,True,False
-0.5540677512436588,0.7118222033331321,1.0166789094026651,-0.6939730878554988,0,6,8,6,12.666666666666666,0,0,6,6,6,13.0,0,0,0,0,1.0,1.0,1.3333333333333333,1.0,2,True,False,False,False,False,False,False,False,False,False,False,False,False,True,True,False,False,False,True,False,False,False,False,False,True,True,False
0.9684140695650034,0.03690696313447821,0.29846491837473255,-0.6939730878554988,0,6,7,6,12.285714285714286,0,0,6,6,6,13.5,0,0,1,0,1.0,1.0,1.1666666666666667,1.0,2,True,False,False,False,False,True,False,False,False,False,False,False,False,False,True,False,False,False,True,False,False,False,True,False,True,True,False
3.2521368007779965,-0.5015085655633235,-0.21257195985668262,-0.6939730878554988,0,6,7,6,13.0,0,0,6,6,6,13.0,0,0,1,0,1.0,1.0,1.1666666666666667,1.0,2,True,False,False,False,False,False,False,False,False,False,False,False,False,False,True,False,False,False,False,False,False,False,True,False,True,True,False
0.2071731591606723,-0.12234270028318116,-0.06064207713923577,-0.6939730878554988,0,6,8,6,12.142857142857142,0,0,6,6,6,11.166666666666666,0,0,0,0,1.0,1.0,1.3333333333333333,1.0,2,True,False,False,False,False,False,False,False,False,False,True,False,True,False,False,False,False,False,True,False,False,False,True,False,True,False,False
3.2521368007779965,-0.12234270028318116,-0.03301846209969945,-0.562167955812708,0,7,8,7,13.875714285714285,0,0,8,9,7,13.085714285714284,0,0,1,0,1.0,0.875,1.1428571428571428,1.125,2,True,False,False,True,False,False,False,False,False,False,False,False,False,False,False,False,False,False,False,False,False,False,True,False,True,True,False
-0.5540677512436588,-1.866505680571836,-1.3589519839974245,-0.4303628237699172,0,6,0,0,0.0,0,0,6,0,0,0.0,0,0,1,0,0.0,0.0,0.0,0.0,0,True,False,False,False,False,True,False,False,False,False,False,False,False,False,True,False,False,False,True,False,False,False,False,False,True,False,False
1.7296549799693344,0.03690696313447821,-2.2083781464631542,-0.562167955812708,0,6,12,6,11.666666666666666,0,0,6,7,0,0.0,0,0,1,0,1.0,0.0,2.0,1.1666666666666667,0,True,False,False,False,False,True,False,False,False,False,False,False,False,False,False,False,False,False,True,False,False,False,True,False,True,True,False
0.2071731591606723,-0.8048412577874374,-0.7512324531276341,-0.6939730878554988,0,6,13,6,13.153846153846152,0,0,6,12,3,11.0,0,0,0,0,1.0,0.5,2.1666666666666665,2.0,2,True,False,False,True,False,False,False,False,False,False,True,False,False,False,True,False,False,False,False,False,False,False,True,False,True,False,False
1.7296549799693344,0.7876553763891605,0.5263597424509028,-0.6939730878554988,0,6,6,6,14.5,0,0,6,6,6,12.833333333333334,0,0,1,0,1.0,1.0,1.0,1.0,0,True,False,False,False,False,True,False,False,False,False,False,False,False,False,False,False,False,False,False,False,False,False,True,False,True,True,False
3.2521368007779965,0.18098999194093274,0.0705700942985603,-0.6939730878554988,0,7,7,7,14.44142857142857,0,0,8,8,8,13.65625,0,0,1,0,1.0,1.0,1.0,1.0,2,True,False,False,True,False,False,False,False,False,False,False,False,False,False,False,False,False,False,False,False,False,False,True,False,True,True,False
0.2071731591606723,1.166821241669303,1.1893265033997649,-0.6939730878554988,0,6,6,6,15.166666666666666,0,0,6,7,6,14.285714285714286,0,0,0,0,1.0,1.0,1.0,1.1666666666666667,2,True,False,False,False,False,True,False,False,False,False,True,False,False,False,False,True,False,False,False,False,False,False,True,False,True,False,False
-0.5540677512436588,0.10515681888490426,0.17415865069682004,-0.6939730878554988,0,5,5,5,11.6,0,0,5,12,4,12.625,0,0,1,0,1.0,0.8,1.0,2.4,2,True,False,False,False,False,False,False,False,False,False,False,False,False,False,True,False,False,False,False,False,False,False,False,False,True,True,False
-0.5540677512436588,-0.8048412577874374,-0.702891126808446,-0.6939730878554988,0,6,6,6,11.666666666666666,0,0,6,6,6,12.333333333333334,0,0,1,1,1.0,1.0,1.0,1.0,2,True,False,False,False,False,True,False,False,False,False,False,False,False,False,True,False,False,False,False,False,False,False,True,True,True,False,False
-0.5540677512436588,2.0768193183416446,2.280459297461435,-0.4303628237699172,0,6,8,6,12.625,0,0,6,10,6,13.2,0,0,1,0,1.0,1.0,1.3333333333333333,1.6666666666666667,2,True,False,False,False,False,True,True,False,False,True,False,False,False,False,False,False,False,False,False,False,False,False,False,False,True,True,False
0.2071731591606723,-0.5015085655633235,0.008416960459604059,-0.562167955812708,0,6,14,3,12.666666666666666,0,0,6,7,6,11.0,0,0,1,0,0.5,1.0,2.3333333333333335,1.1666666666666667,2,True,False,False,False,False,True,True,False,False,False,False,False,False,False,False,True,False,False,True,False,False,False,True,False,True,True,False
-0.5540677512436588,0.40848951110901816,-0.04683026961946761,-0.6939730878554988,0,6,7,6,12.833333333333334,1,0,6,8,6,13.0,0,0,0,0,1.0,1.0,1.1666666666666667,1.3333333333333333,1,True,False,False,False,False,True,False,False,False,False,True,False,False,False,False,True,False,False,False,False,False,False,True,False,True,True,False
-0.5540677512436588,-1.3356734691796368,-0.9722213734439208,-0.562167955812708,0,6,7,6,11.857142857142858,0,0,6,8,6,13.142857142857142,0,0,1,0,1.0,1.0,1.1666666666666667,1.3333333333333333,2,True,False,False,False,False,True,False,False,False,False,False,False,False,False,False,False,False,False,False,False,False,False,True,False,True,True,False
0.2071731591606723,0.6359890302771035,0.22249997701600713,-0.562167955812708,0,6,8,5,11.4,1,0,6,7,4,10.75,0,0,0,0,0.8333333333333334,0.6666666666666666,1.3333333333333333,1.1666666666666667,1,True,False,False,False,False,True,False,False,False,False,True,False,False,False,False,True,False,False,True,False,False,False,True,False,True,False,False
-0.5540677512436588,-2.473171065020064,-1.863082958468955,-0.562167955812708,0,5,10,5,14.857142857142858,2,0,5,7,5,15.142857142857142,0,0,0,0,1.0,1.0,2.0,1.4,1,True,False,False,False,False,True,False,True,False,False,True,False,True,False,False,True,False,False,False,True,False,False,False,False,True,False,True
-0.5540677512436588,-0.19817587333920963,-0.371407746334015,-0.562167955812708,0,6,7,6,14.714285714285714,0,0,6,6,6,15.833333333333334,0,0,1,0,1.0,1.0,1.1666666666666667,1.0,2,True,False,False,False,False,False,False,False,False,False,False,False,False,False,False,False,False,False,False,False,False,False,False,False,True,False,False
-0.5540677512436588,-0.19817587333920963,0.20868816949623997,-0.4303628237699172,0,6,6,6,13.5,0,0,6,9,5,13.0,0,0,0,1,1.0,0.8333333333333334,1.0,1.5,2,True,False,False,False,False,False,False,True,False,False,False,True,False,False,False,True,False,False,False,False,False,False,False,True,True,False,True
-0.5540677512436588,0.18098999194093274,-0.36450184257413043,-0.6939730878554988,0,5,7,4,11.5,0,0,5,5,5,12.4,0,0,1,0,0.8,1.0,1.4,1.0,2,True,False,False,False,False,True,False,False,False,False,False,False,False,False,False,False,False,False,True,False,False,False,True,False,True,True,False
-0.5540677512436588,-0.9565076038994943,-0.48190220649215837,1.2831038927863632,2,5,9,2,14.0,0,0,5,5,0,0.0,0,1,0,0,0.4,0.0,1.8,1.0,0,True,False,False,False,False,False,True,False,True,False,False,False,False,True,True,False,False,False,False,False,False,False,False,False,True,False,False
-0.5540677512436588,1.166821241669303,1.1409851770805777,-0.562167955812708,0,7,8,6,12.833333333333334,0,0,6,6,0,0.0,0,0,1,0,0.8571428571428571,0.0,1.1428571428571428,1.0,0,True,False,False,False,False,True,False,False,False,False,False,False,False,False,True,False,False,False,True,False,False,False,False,False,True,True,False
0.2071731591606723,0.25682316499696123,0.09128780557821303,-0.6939730878554988,0,7,7,7,13.428571428571429,0,0,8,8,8,14.75,0,0,1,0,1.0,1.0,1.0,1.0,2,True,False,False,True,False,False,False,False,False,False,False,False,False,False,False,False,False,False,False,False,False,False,False,False,True,True,False
-0.5540677512436588,-1.866505680571836,-1.0412804110427605,-0.562167955812708,0,6,0,0,0.0,0,0,6,0,0,0.0,0,0,1,0,0.0,0.0,0.0,0.0,0,True,False,False,False,False,True,False,False,False,False,False,False,False,False,True,False,False,False,False,True,False,False,False,False,True,False,False
-0.5540677512436588,0.5601558572210751,0.8992785454846383,-0.562167955812708,0,6,18,3,11.666666666666666,0,0,6,14,4,11.5,0,0,1,0,0.5,0.6666666666666666,3.0,2.3333333333333335,1,True,False,False,False,False,True,True,False,False,True,False,False,False,False,False,False,False,False,False,True,False,False,False,False,True,False,False
0.9684140695650034,1.5459871069494453,0.7335368552474223,-0.6939730878554988,0,6,6,6,16.0,0,0,6,7,6,14.333333333333334,0,0,0,0,1.0,1.0,1.0,1.1666666666666667,2,True,False,False,False,False,True,False,False,False,False,True,False,False,False,False,True,False,False,False,False,False,False,True,False,True,False,False
-0.5540677512436588,0.18098999194093274,0.5539833574904391,-0.4303628237699172,0,6,6,6,13.833333333333334,0,0,6,6,6,11.833333333333334,0,0,1,0,1.0,1.0,1.0,1.0,2,True,False,False,False,False,True,False,False,False,False,False,False,False,False,False,False,False,False,True,False,False,False,True,False,True,False,False
2.4908958903736655,1.015154895557246,0.4711125123718321,-0.562167955812708,0,8,9,8,13.2325,1,0,8,9,8,13.2325,1,0,1,0,1.0,1.0,1.125,1.125,2,True,False,False,True,False,False,False,False,False,False,False,False,False,False,False,False,False,False,False,False,False,False,True,False,True,False,False
0.2071731591606723,-0.19817587333920963,-0.005394847060163122,-0.6939730878554988,0,6,6,6,14.0,0,0,6,6,6,14.166666666666666,0,0,1,0,1.0,1.0,1.0,1.0,2,True,True,False,False,False,True,False,False,False,False,False,False,False,False,False,False,False,False,False,False,False,False,True,False,True,True,False
0.2071731591606723,-1.4873398152916937,-1.4003874065567279,-0.562167955812708,0,6,14,2,10.0,0,0,6,6,0,0.0,0,0,0,1,0.3333333333333333,0.0,2.3333333333333335,1.0,0,True,True,False,False,False,False,False,False,False,False,False,False,True,False,True,False,False,False,False,True,False,False,True,True,True,True,False
-0.5540677512436588,0.9924049436404365,1.2929150597980246,0.22866283644403682,8,16,16,15,13.333333333333334,0,11,13,13,11,12.272727272727272,0,1,1,0,0.9375,0.8461538461538461,1.0,1.0,2,True,False,True,False,False,True,False,True,False,False,False,False,False,False,False,False,False,False,False,False,False,False,True,False,True,False,True
0.9684140695650034,0.9393217225012175,1.8039519380294395,-0.4303628237699172,0,6,6,6,12.5,0,0,6,6,6,14.333333333333334,0,0,0,0,1.0,1.0,1.0,1.0,1,True,False,False,False,False,True,False,False,False,False,True,False,True,False,True,False,False,False,True,False,False,False,True,False,True,True,False
-0.5540677512436588,-0.5015085655633235,-0.5716789553706499,-0.562167955812708,0,6,6,6,12.5,0,0,6,6,6,11.5,0,0,1,0,1.0,1.0,1.0,1.0,2,True,False,True,False,False,True,False,False,False,False,False,False,False,False,True,False,False,False,True,False,False,False,False,False,True,False,False
-0.5540677512436588,2.0768193183416446,2.404765565139347,1.2831038927863632,0,5,8,2,10.5,0,0,5,5,0,0.0,0,1,1,1,0.4,0.0,1.6,1.0,0,True,True,True,False,False,False,False,False,False,False,False,False,False,False,False,False,True,False,False,False,True,False,True,True,True,False,False
1.7296549799693344,0.10515681888490426,-0.1435129222578428,-0.6939730878554988,0,5,11,3,10.666666666666666,0,0,5,9,3,11.333333333333334,0,0,1,1,0.6,0.6,2.2,1.8,1,True,True,False,False,True,False,False,False,False,False,False,False,False,False,False,False,False,False,False,False,False,False,True,True,True,False,False
-0.5540677512436588,2.30431883750973,1.645116151552109,-0.6939730878554988,0,5,9,4,10.5,0,0,5,11,2,10.5,3,0,1,0,0.8,0.4,1.8,2.2,1,True,True,False,False,True,False,False,False,False,False,False,False,False,False,True,False,False,False,False,False,False,False,True,False,True,False,False
-0.5540677512436588,-0.19817587333920963,0.20868816949623997,-0.562167955812708,0,5,10,4,12.0,0,0,5,6,5,11.4,0,0,1,0,0.8,1.0,2.0,1.2,2,True,False,False,False,False,False,False,True,False,False,False,False,False,False,False,True,False,False,False,True,False,False,False,False,True,False,True
0.2071731591606723,2.4559851836217867,2.529071832817258,-0.6939730878554988,0,0,0,0,0.0,0,0,0,0,0,0.0,0,0,0,0,0.0,0.0,0.0,0.0,1,True,False,False,False,False,True,False,False,False,False,True,False,True,False,False,True,False,False,False,True,False,False,True,False,True,False,False
-0.5540677512436588,0.7118222033331321,-0.8271973944863575,-0.562167955812708,0,5,11,5,11.5,0,0,5,9,2,10.666666666666666,0,0,1,0,1.0,0.4,2.2,1.8,1,True,False,False,False,False,False,False,True,False,False,False,False,False,False,True,False,False,False,False,False,False,False,False,False,True,False,False
-0.5540677512436588,1.7734866261175306,0.6782896251683516,-0.6939730878554988,0,6,6,6,14.0,0,0,6,6,6,13.5,0,0,1,0,1.0,1.0,1.0,1.0,0,True,False,False,False,False,True,False,False,False,False,False,False,False,False,True,False,False,False,False,False,False,False,True,False,True,False,False
2.4908958903736655,0.6359890302771035,0.2708413033351962,-0.6939730878554988,0,6,7,6,13.5,0,0,6,8,5,12.6,0,0,0,0,1.0,0.8333333333333334,1.1666666666666667,1.3333333333333333,2,True,False,False,False,False,True,False,False,False,False,True,False,False,False,False,True,False,False,False,False,False,False,True,False,True,False,False
0.9684140695650034,0.7876553763891605,0.001511056699720468,-0.6939730878554988,0,8,8,8,13.07375,0,0,8,8,8,13.07375,0,0,1,0,1.0,1.0,1.0,1.0,2,True,False,False,True,False,False,False,False,False,False,False,False,False,False,False,False,False,False,False,False,False,False,True,False,True,False,False
-0.5540677512436588,0.03690696313447821,-0.48190220649215837,1.8103244209575264,0,7,9,2,10.75,0,0,7,9,0,0.0,0,1,1,0,0.2857142857142857,0.0,1.2857142857142858,1.2857142857142858,0,False,False,False,True,False,False,False,True,False,False,False,False,False,False,False,True,False,False,False,False,False,False,False,False,True,False,False
-0.5540677512436588,0.02932364582887579,-0.06754798089911936,-0.4303628237699172,0,6,11,1,12.0,0,0,5,10,0,0.0,0,0,1,0,0.16666666666666666,0.0,1.8333333333333333,2.0,1,True,False,False,False,False,True,False,False,False,False,False,False,False,False,False,True,False,False,True,False,False,False,False,False,True,False,False
-0.5540677512436588,2.9868173950139862,1.8522932643486287,-0.4303628237699172,0,6,6,6,14.0,0,0,6,6,6,13.333333333333334,0,0,1,0,1.0,1.0,1.0,1.0,2,True,False,False,False,False,False,False,False,False,False,False,False,False,False,True,False,False,False,True,False,False,False,True,False,True,True,True
-0.5540677512436588,0.5601558572210751,0.8992785454846383,-0.2985576917271264,0,6,7,6,12.333333333333334,0,0,6,7,6,13.428571428571429,0,0,1,0,1.0,1.0,1.1666666666666667,1.1666666666666667,2,True,True,False,False,False,True,False,True,False,False,False,False,False,False,False,False,False,False,False,False,False,False,False,False,True,False,True
-0.5540677512436588,0.7118222033331321,0.6644778176485825,-0.6939730878554988,0,7,7,7,13.464285714285714,0,0,8,9,8,14.788888888888888,0,0,1,0,1.0,1.0,1.0,1.125,2,True,False,False,True,False,False,False,False,False,False,False,False,False,False,True,False,False,False,True,False,False,False,False,False,True,True,False
-0.5540677512436588,0.5601558572210751,-1.5177877704747558,0.3604679684868276,0,6,14,3,10.666666666666666,1,0,6,9,5,11.2,0,1,1,0,0.5,0.8333333333333334,2.3333333333333335,1.5,1,True,False,True,False,False,True,False,True,False,False,False,False,False,False,False,False,False,False,False,False,False,False,False,False,True,False,False
-0.5540677512436588,0.03690696313447821,0.8578431229253347,2.3375449491286897,0,5,6,5,11.6,0,0,5,8,5,12.2,0,1,1,1,1.0,1.0,1.2,1.6,1,True,False,False,False,False,False,False,True,False,True,False,False,False,False,False,False,False,False,False,False,False,False,False,True,True,False,False
0.2071731591606723,1.166821241669303,0.8992785454846383,-0.6939730878554988,0,6,6,6,13.666666666666666,0,0,6,6,6,14.666666666666666,0,0,1,0,1.0,1.0,1.0,1.0,2,True,False,False,False,False,True,False,False,False,False,False,False,False,False,False,True,False,False,False,False,False,False,True,False,True,True,False
1.7296549799693344,0.33265633805298966,0.2639353995753126,-0.6939730878554988,0,8,9,8,14.4025,1,0,8,9,8,14.4025,1,0,1,1,1.0,1.0,1.125,1.125,2,True,False,False,True,False,False,False,False,False,False,False,False,False,False,False,False,False,False,False,False,False,False,False,True,True,False,False
-0.5540677512436588,0.7876553763891605,0.8164077003660313,1.0194936287007816,0,7,9,7,15.46875,0,0,8,8,8,16.3875,0,1,1,0,1.0,1.0,1.2857142857142858,1.0,2,True,False,False,True,False,False,False,False,False,False,False,False,False,False,False,False,False,False,False,False,False,False,True,False,True,False,False
-0.5540677512436588,0.03690696313447821,-1.1724925824805565,-0.034947427641544786,0,6,8,6,12.625,0,0,6,6,6,14.166666666666666,0,0,1,1,1.0,1.0,1.3333333333333333,1.0,2,True,False,False,False,False,True,False,False,False,False,False,False,False,False,True,False,False,False,False,False,False,False,False,True,True,False,False
1.7296549799693344,0.40848951110901816,0.05675828677879213,-0.562167955812708,0,7,7,6,14.983333333333334,0,0,7,7,6,14.983333333333334,0,0,1,0,0.8571428571428571,0.8571428571428571,1.0,1.0,2,True,False,False,True,False,False,False,False,False,False,False,False,False,False,False,False,False,False,False,False,False,False,True,False,True,False,False
0.9684140695650034,0.40848951110901816,0.49873612741136647,-0.4303628237699172,0,6,6,6,15.0,0,0,6,6,6,13.0,0,0,1,0,1.0,1.0,1.0,1.0,2,True,False,False,False,False,True,True,False,False,False,False,False,False,False,True,False,False,False,False,False,False,False,True,False,True,True,False
-0.5540677512436588,1.3184875877813598,1.1064556582811578,2.205739817085899,5,9,9,9,15.88888888888889,0,3,7,7,7,14.142857142857142,0,1,1,0,1.0,1.0,1.0,1.0,2,False,False,True,False,False,True,False,True,False,False,False,False,False,False,False,False,False,False,True,False,False,False,False,False,True,False,False
-0.5540677512436588,-0.9565076038994943,-0.48190220649215837,1.1512987607435725,0,6,14,4,11.5,0,0,6,14,3,11.0,0,1,1,1,0.6666666666666666,0.5,2.3333333333333335,2.3333333333333335,0,True,False,False,True,False,False,True,False,False,True,False,False,False,False,False,False,False,False,False,False,False,False,True,True,True,False,False
1.7296549799693344,-1.714839334459779,-0.951503662164269,0.09685770440124603,0,6,14,2,10.5,0,0,6,11,1,10.0,0,1,1,0,0.3333333333333333,0.16666666666666666,2.3333333333333335,1.8333333333333333,0,True,False,False,False,False,False,False,False,False,False,False,False,False,False,False,False,False,False,False,False,False,False,True,False,True,False,False
1.7296549799693344,1.015154895557246,0.6092305875695118,-0.6939730878554988,0,7,7,6,13.983333333333334,0,0,7,7,6,13.983333333333334,0,0,1,0,0.8571428571428571,0.8571428571428571,1.0,1.0,2,True,False,False,True,False,False,False,False,False,False,False,False,False,False,True,False,False,False,False,False,False,False,True,False,True,False,False
-0.5540677512436588,1.166821241669303,1.1409851770805777,-0.6939730878554988,0,6,6,6,13.0,0,0,6,6,6,12.833333333333334,0,0,1,0,1.0,1.0,1.0,1.0,2,True,False,False,False,False,True,False,False,False,False,False,False,False,False,False,False,False,False,False,False,False,False,False,False,True,False,False
-0.5540677512436588,0.9393217225012175,1.513903980114313,-0.6939730878554988,0,6,6,6,13.666666666666666,0,0,6,6,6,13.0,0,0,1,0,1.0,1.0,1.0,1.0,2,True,False,False,False,False,True,False,False,False,False,False,False,False,False,True,False,False,False,False,False,False,False,True,False,True,True,False
-0.5540677512436588,0.03690696313447821,-0.785761971927054,0.4922731005296184,0,6,8,0,0.0,0,0,6,8,0,0.0,0,1,1,1,0.0,0.0,1.3333333333333333,1.3333333333333333,0,True,False,False,False,False,True,False,True,False,False,False,False,False,False,True,False,False,False,False,False,False,False,True,False,False,False,False
-0.5540677512436588,2.0768193183416446,2.2321179711422476,-0.6939730878554988,0,5,5,5,14.4,0,0,5,5,5,15.4,0,0,1,0,1.0,1.0,1.0,1.0,2,True,False,False,False,False,False,False,False,False,False,False,False,False,False,False,False,False,False,True,False,False,False,False,False,True,False,False
-0.5540677512436588,1.3184875877813598,0.7956899890863786,0.3604679684868276,0,5,10,4,12.0,0,0,5,9,4,11.25,0,1,1,0,0.8,0.8,2.0,1.8,1,True,False,True,False,False,False,False,True,False,False,False,False,False,False,False,False,False,False,False,False,False,False,False,False,True,False,False
-0.5540677512436588,-0.19817587333920963,0.4296770898125266,-0.562167955812708,0,6,6,6,14.166666666666666,0,0,6,7,6,13.666666666666666,0,0,1,0,1.0,1.0,1.0,1.1666666666666667,2,True,False,False,False,False,True,False,False,False,False,False,False,False,False,False,False,False,False,True,False,False,False,True,False,True,False,False
0.2071731591606723,-0.9565076038994943,-0.6476438967293743,-0.562167955812708,0,6,8,5,12.2,0,0,6,7,6,12.0,0,0,1,0,0.8333333333333334,1.0,1.3333333333333333,1.1666666666666667,2,True,False,True,False,False,True,False,False,False,False,False,False,False,False,False,False,True,False,False,False,True,False,True,False,True,False,False
0.2071731591606723,-1.3356734691796368,-1.2622693313590483,-0.2985576917271264,0,5,8,3,12.0,1,0,5,9,3,12.666666666666666,0,0,1,0,0.6,0.6,1.6,1.8,1,True,False,False,False,False,False,False,False,False,False,False,False,False,False,True,False,False,False,True,False,False,False,True,False,True,False,False
1.7296549799693344,0.03690696313447821,-1.448728732875916,0.09685770440124603,0,5,11,2,10.5,0,0,5,14,1,11.0,0,1,1,0,0.4,0.2,2.2,2.8,1,True,False,False,False,False,False,False,False,False,False,False,False,False,False,True,False,False,False,False,False,False,False,True,False,True,False,False
-0.5540677512436588,-0.9565076038994943,-0.30234870873517516,-0.4303628237699172,0,6,8,3,12.333333333333334,0,0,6,11,2,10.5,0,0,1,0,0.5,0.3333333333333333,1.3333333333333333,1.8333333333333333,0,True,False,False,False,False,True,False,False,False,False,False,False,False,False,False,False,False,False,False,False,False,False,False,False,True,False,False
1.7296549799693344,0.10515681888490426,0.029134671739256792,-0.6939730878554988,0,6,7,5,12.2,0,0,6,7,5,12.2,0,0,1,0,0.8333333333333334,0.8333333333333334,1.1666666666666667,1.1666666666666667,1,True,False,False,False,False,True,False,False,False,False,False,False,False,False,True,False,False,False,False,False,False,False,True,False,True,False,False
-0.5540677512436588,0.03690696313447821,-1.863082958468955,0.8876884966579909,0,6,6,0,0.0,0,0,6,6,0,0.0,0,1,1,0,0.0,0.0,1.0,1.0,0,True,False,False,False,False,True,False,True,False,False,False,False,False,False,False,False,False,False,False,False,False,False,False,False,True,False,False
-0.5540677512436588,0.03690696313447821,-2.2083781464631542,-0.16675255968433558,0,7,10,6,11.5,0,0,7,8,6,13.166666666666666,0,0,1,1,0.8571428571428571,0.8571428571428571,1.4285714285714286,1.1428571428571428,1,True,False,False,False,False,True,False,False,False,False,False,False,False,False,False,False,False,False,False,False,False,False,True,True,False,False,False
-0.5540677512436588,-0.19817587333920963,0.20868816949623997,-0.2985576917271264,4,9,9,9,10.88888888888889,0,3,10,18,10,11.615384615384617,0,0,1,0,1.0,1.0,1.0,1.8,2,True,False,False,False,False,False,True,False,True,False,False,False,False,False,False,False,False,False,False,False,False,False,False,False,True,False,False
-0.5540677512436588,-0.9565076038994943,-0.28853690121540704,0.3604679684868276,0,7,12,6,12.166666666666666,0,0,8,8,8,11.675,0,1,1,0,0.8571428571428571,1.0,1.7142857142857142,1.0,0,True,False,False,True,False,False,False,True,False,False,False,False,False,False,True,False,False,False,True,False,False,False,False,False,True,False,False
-0.5540677512436588,-1.3356734691796368,-0.8271973944863575,-0.034947427641544786,0,5,7,2,10.0,1,0,5,9,1,12.0,0,0,1,0,0.4,0.2,1.4,1.8,1,True,False,False,False,False,False,False,False,False,False,False,False,False,False,False,False,False,False,False,False,False,False,True,False,True,False,False
-0.5540677512436588,0.18098999194093274,1.3067268673177936,-0.6939730878554988,0,6,6,6,12.666666666666666,0,0,6,6,6,12.166666666666666,0,0,1,0,1.0,1.0,1.0,1.0,2,True,False,False,False,False,True,False,False,False,False,False,False,False,False,True,False,False,False,False,False,False,False,False,False,True,True,False
-0.5540677512436588,0.03690696313447821,1.1064556582811578,-0.2985576917271264,0,6,9,5,11.4,0,0,6,8,5,12.2,0,0,1,1,0.8333333333333334,0.8333333333333334,1.5,1.3333333333333333,0,True,False,False,False,False,True,False,False,False,False,False,False,False,False,True,False,False,False,False,False,False,False,True,True,True,False,False
-0.5540677512436588,0.9393217225012175,-1.863082958468955,-0.6939730878554988,0,0,0,0,0.0,0,0,0,0,0,0.0,0,0,1,0,0.0,0.0,0.0,0.0,0,True,False,False,False,False,True,False,True,False,False,False,False,False,False,False,False,False,False,False,False,False,False,False,False,True,True,False
0.9684140695650034,-0.19817587333920963,-0.39212545761366674,-0.2985576917271264,0,5,14,2,13.0,2,0,5,8,4,12.0,1,0,1,0,0.4,0.8,2.8,1.6,1,True,False,False,True,False,False,False,False,False,False,False,False,False,False,True,False,False,False,True,False,False,False,True,False,True,False,False
0.9684140695650034,-1.1081739500115513,-0.39903136137355033,-0.6939730878554988,0,6,8,5,13.4,0,0,6,7,5,12.0,0,0,1,0,0.8333333333333334,0.8333333333333334,1.3333333333333333,1.1666666666666667,1,True,False,False,False,False,True,False,False,False,False,False,False,False,False,False,False,False,False,False,False,False,False,True,False,True,False,False
0.9684140695650034,0.40848951110901816,-0.1297011147380756,-0.562167955812708,0,6,6,6,13.5,0,0,6,8,5,12.8,0,0,1,0,1.0,0.8333333333333334,1.0,1.3333333333333333,0,True,False,False,False,False,True,False,False,False,False,False,False,False,False,True,False,False,False,False,False,False,False,True,False,True,True,False
-0.5540677512436588,-0.8048412577874374,-0.9722213734439208,-0.16675255968433558,0,6,14,4,12.25,0,0,6,11,3,11.333333333333334,0,0,1,0,0.6666666666666666,0.5,2.3333333333333335,1.8333333333333333,1,True,False,False,False,False,False,False,False,False,False,False,False,False,False,True,False,False,False,False,False,False,False,True,False,True,False,False
0.9684140695650034,-0.5015085655633235,-0.4266549764130867,-0.562167955812708,0,6,7,6,12.285714285714286,0,0,6,7,6,12.833333333333334,0,0,1,0,1.0,1.0,1.1666666666666667,1.1666666666666667,2,True,False,False,False,False,True,False,False,False,False,False,False,False,False,True,False,False,False,False,False,False,False,True,False,True,False,False
2.4908958903736655,-0.8806744308434659,-0.8962564320851973,-0.562167955812708,0,5,12,0,0.0,4,0,5,8,0,0.0,1,0,1,1,0.0,0.0,2.4,1.6,0,True,False,False,True,False,False,False,False,False,False,False,False,False,False,False,False,False,False,False,False,False,False,True,False,False,False,False
-0.5540677512436588,1.4701539338934166,0.3537121484538032,-0.562167955812708,0,6,10,2,10.5,0,0,6,11,1,13.0,0,0,1,0,0.3333333333333333,0.16666666666666666,1.6666666666666667,1.8333333333333333,0,True,False,False,False,False,True,False,False,False,False,False,False,False,False,False,False,False,False,True,False,False,False,True,False,True,False,False
-0.5540677512436588,2.0768193183416446,2.280459297461435,0.4922731005296184,0,5,12,3,14.0,2,0,5,8,5,12.0,1,1,1,0,0.6,1.0,2.4,1.6,2,False,False,False,True,False,False,True,False,False,True,False,False,False,False,False,False,False,False,False,False,False,False,False,False,True,False,False
-0.5540677512436588,0.10515681888490426,0.4849243198915993,-0.16675255968433558,2,5,7,5,14.2,0,0,5,10,5,12.2,0,0,1,0,1.0,1.0,1.4,2.0,2,True,False,False,True,False,False,True,False,False,False,False,False,False,False,True,False,False,False,True,False,False,False,True,False,True,False,False
-0.5540677512436588,-0.3498422194512666,-0.19185424857703087,-0.6939730878554988,0,6,8,5,13.0,0,0,6,7,6,13.142857142857142,0,0,1,0,0.8333333333333334,1.0,1.3333333333333333,1.1666666666666667,0,True,False,False,False,False,True,False,False,False,False,False,False,False,False,False,False,False,False,False,False,False,False,True,False,True,False,False
1.7296549799693344,-0.577341738619352,-0.785761971927054,-0.4303628237699172,0,6,6,6,11.0,0,0,6,8,4,12.75,0,0,1,0,1.0,0.6666666666666666,1.0,1.3333333333333333,2,True,False,False,False,False,False,False,False,False,False,False,False,False,False,True,False,False,False,True,False,False,False,True,False,True,False,False
-0.5540677512436588,-0.19817587333920963,0.08438190181832748,1.414909024829154,3,8,9,3,11.0,0,2,7,7,2,10.0,0,1,1,0,0.375,0.2857142857142857,1.125,1.0,0,False,False,True,False,False,False,False,True,False,False,False,False,False,False,False,False,False,False,False,False,False,False,False,False,True,False,False
0.2071731591606723,0.40848951110901816,0.40205347477299225,-0.6939730878554988,0,7,9,6,12.385714285714286,0,0,8,9,8,13.755555555555556,0,0,1,0,0.8571428571428571,1.0,1.2857142857142858,1.125,2,True,False,False,True,False,False,False,False,False,False,False,False,False,False,True,False,False,False,False,False,False,False,True,False,True,False,False
0.2071731591606723,-0.8806744308434659,-0.26781918993575526,-0.4303628237699172,0,6,12,4,14.75,0,0,6,7,4,12.25,0,0,1,0,0.6666666666666666,0.6666666666666666,2.0,1.1666666666666667,2,True,True,False,False,False,True,False,False,False,False,False,False,False,False,True,False,False,False,True,False,False,False,True,False,True,False,False
-0.5540677512436588,0.10515681888490426,-0.09517159593865569,-0.4303628237699172,0,5,6,5,16.166666666666668,0,0,5,6,5,15.833333333333334,0,0,1,0,1.0,1.0,1.2,1.2,2,True,False,False,False,False,True,False,False,False,False,False,False,False,False,True,False,False,False,True,False,False,False,True,False,True,False,True
-0.5540677512436588,-0.19817587333920963,-0.8271973944863575,0.22866283644403682,0,5,7,0,0.0,0,0,5,8,0,0.0,0,1,1,0,0.0,0.0,1.4,1.6,0,True,True,True,False,False,False,False,True,False,False,False,False,False,False,True,False,False,False,False,False,False,False,False,False,True,False,False
1.7296549799693344,-0.5015085655633235,-0.23328967113633534,-0.6939730878554988,0,5,6,5,12.4,0,0,5,9,3,13.0,0,0,0,0,1.0,0.6,1.2,1.8,0,True,True,False,False,True,False,False,False,False,False,True,False,False,False,False,True,False,False,False,False,False,False,True,False,True,False,False
-0.5540677512436588,1.166821241669303,1.0166789094026651,-0.6939730878554988,0,6,8,5,11.6,0,0,6,11,4,13.0,0,0,1,1,0.8333333333333334,0.6666666666666666,1.3333333333333333,1.8333333333333333,0,True,True,False,False,False,True,False,False,False,False,False,False,False,False,False,False,False,False,False,False,False,False,False,False,False,False,False
-0.5540677512436588,2.0768193183416446,0.8302195078857985,-0.6939730878554988,0,6,8,5,12.2,0,0,6,13,0,0.0,0,0,1,0,0.8333333333333334,0.0,1.3333333333333333,2.1666666666666665,0,True,False,False,False,False,True,False,False,False,False,False,False,False,False,True,False,False,False,False,False,False,False,True,False,True,True,False
-0.5540677512436588,-1.1081739500115513,-0.620020281689838,-0.562167955812708,0,6,7,5,11.0,0,0,6,7,5,12.8,0,0,1,0,0.8333333333333334,0.8333333333333334,1.1666666666666667,1.1666666666666667,2,True,False,False,False,False,False,False,False,False,False,False,False,False,False,True,False,False,False,True,False,False,False,False,False,True,True,False
0.2071731591606723,1.3184875877813598,1.037396620682318,-0.562167955812708,0,6,8,6,12.333333333333334,0,0,6,7,5,12.4,0,0,1,0,1.0,0.8333333333333334,1.3333333333333333,1.1666666666666667,0,True,False,False,False,False,True,False,False,False,False,False,False,False,False,True,False,False,False,True,False,False,False,True,False,True,True,False
-0.5540677512436588,0.5601558572210751,1.1340792733206941,-0.2985576917271264,3,6,6,6,14.833333333333334,0,2,6,7,6,12.571428571428571,0,0,1,0,1.0,1.0,1.0,1.1666666666666667,2,True,False,False,False,False,True,True,False,False,False,False,False,False,False,True,False,False,False,True,False,False,False,False,False,True,True,False
-0.5540677512436588,-2.473171065020064,-0.7650442606474013,0.7558833646152,9,10,15,9,11.555555555555555,0,7,11,17,10,11.9,0,1,0,0,0.9,0.9090909090909091,1.5,1.5454545454545454,1,True,False,False,False,False,True,False,True,False,False,True,False,True,False,False,True,False,False,False,True,False,False,False,False,True,False,False
-0.5540677512436588,-1.714839334459779,-1.5108818667148722,-0.4303628237699172,0,6,6,6,12.0,0,0,6,6,6,11.833333333333334,0,0,1,0,1.0,1.0,1.0,1.0,2,True,False,False,False,False,True,False,False,False,False,False,False,False,False,False,False,False,False,False,False,False,False,True,False,True,True,False
-0.5540677512436588,0.5601558572210751,0.7611604702869585,-0.2985576917271264,13,13,13,11,12.727272727272728,0,9,11,11,10,12.6,0,0,1,1,0.8461538461538461,0.9090909090909091,1.0,1.0,2,True,False,True,False,False,True,False,True,False,True,False,False,False,False,False,True,False,False,False,False,False,False,True,True,True,True,False
-0.5540677512436588,0.03690696313447821,-0.8479151057660093,1.414909024829154,2,2,2,2,10.5,0,1,1,1,1,11.0,0,1,1,0,1.0,1.0,1.0,1.0,0,True,False,True,False,False,False,False,True,False,False,False,False,False,False,False,False,False,False,False,False,False,False,False,False,True,False,True
1.7296549799693344,0.5601558572210751,0.24321768829565987,-0.4303628237699172,0,6,6,6,12.333333333333334,0,0,6,6,6,12.0,0,0,1,0,1.0,1.0,1.0,1.0,2,True,False,False,False,False,True,False,False,False,False,False,False,False,False,False,True,False,False,False,False,False,False,True,False,True,False,True
-0.5540677512436588,-1.714839334459779,0.5056420311712521,0.09685770440124603,0,5,10,0,0.0,0,0,5,7,1,12.0,0,1,1,0,0.0,0.2,2.0,1.4,0,True,True,True,False,False,False,False,True,False,False,False,False,False,False,False,False,False,False,False,False,False,False,False,False,True,False,False
-0.5540677512436588,1.166821241669303,0.7266309514875386,-0.6939730878554988,0,7,7,7,14.842857142857143,0,0,8,9,8,14.38888888888889,0,0,1,0,1.0,1.0,1.0,1.125,2,True,True,False,True,False,False,False,False,False,False,False,False,False,False,True,False,False,False,False,True,False,False,False,False,True,False,False
-0.5540677512436588,0.33265633805298966,-0.11588930721830744,-0.562167955812708,0,7,7,7,12.2,0,0,7,7,7,12.2,0,0,1,0,1.0,1.0,1.0,1.0,1,True,True,False,True,False,False,False,False,False,False,False,False,False,False,True,False,False,False,True,False,False,False,False,False,True,False,False
-0.5540677512436588,-0.9565076038994943,-1.082715833602065,-0.6939730878554988,0,5,10,4,10.8,0,0,5,10,4,11.75,0,0,1,0,0.8,0.8,2.0,2.0,1,True,True,False,False,False,False,False,False,False,False,False,False,False,False,False,False,False,False,False,False,False,False,False,False,True,True,False
5.53585953199099,-0.9565076038994943,1.2307619259590703,0.6240782325724092,0,5,7,4,12.75,0,0,5,7,5,14.333333333333334,0,1,1,0,0.8,1.0,1.4,1.4,1,True,True,True,False,False,False,False,True,False,False,False,False,False,False,False,False,False,False,True,False,False,False,False,False,True,False,False
-0.5540677512436588,-0.19817587333920963,1.7348929004305997,0.6240782325724092,0,5,13,2,11.0,0,0,5,12,1,12.0,0,1,1,0,0.4,0.2,2.6,2.4,0,True,True,True,False,False,False,False,True,False,False,False,False,False,False,False,False,False,False,False,False,False,False,False,False,True,False,False
-0.5540677512436588,-0.04650952722715268,-0.06064207713923577,-0.4303628237699172,0,6,9,4,10.75,0,0,6,12,0,0.0,0,0,1,0,0.6666666666666666,0.0,1.5,2.0,0,True,True,False,False,False,False,False,False,False,False,False,False,False,False,False,False,True,False,True,False,False,False,False,False,True,False,False
-0.5540677512436588,-0.19817587333920963,0.6230423950892789,-0.16675255968433558,0,8,9,8,12.55375,1,0,8,9,8,12.55375,1,0,1,0,1.0,1.0,1.125,1.125,2,True,True,False,True,False,False,False,True,False,False,False,False,False,False,False,False,False,False,True,False,False,False,True,False,True,False,False
1.7296549799693344,-0.3498422194512666,-0.18494834481714728,-0.562167955812708,0,8,8,7,12.665714285714284,0,0,8,8,7,12.665714285714284,0,0,1,0,0.875,0.875,1.0,1.0,2,True,True,False,True,False,False,False,False,False,False,False,False,False,False,True,False,False,False,True,False,False,False,True,False,True,False,False
-0.5540677512436588,-0.04650952722715268,0.20178226573635638,-0.4303628237699172,0,6,10,6,12.714285714285714,0,0,6,8,4,13.0,0,0,1,0,1.0,0.6666666666666666,1.6666666666666667,1.3333333333333333,1,True,True,False,False,False,False,False,False,False,False,False,False,False,False,False,False,False,False,True,False,False,False,True,False,True,False,False
0.2071731591606723,0.03690696313447821,0.6299482988491625,0.3604679684868276,0,7,7,2,11.75,0,0,5,10,0,0.0,0,1,0,0,0.2857142857142857,0.0,1.0,2.0,0,True,True,False,True,False,False,False,True,False,False,True,False,False,False,False,True,False,False,True,False,False,False,False,False,True,False,False
0.2071731591606723,-0.9565076038994943,-0.8202914907264739,-0.2985576917271264,0,6,11,3,11.0,0,0,6,14,0,0.0,0,0,1,1,0.5,0.0,1.8333333333333333,2.3333333333333335,0,True,True,False,False,False,False,False,False,False,False,False,False,False,False,False,False,False,False,False,False,False,False,True,False,False,False,False
0.2071731591606723,0.9393217225012175,1.1478910808404612,-0.6939730878554988,0,0,0,0,0.0,0,0,0,0,0,0.0,0,0,0,0,0.0,0.0,0.0,0.0,2,True,True,False,False,False,True,True,False,False,False,True,False,True,False,False,True,False,False,False,True,False,False,True,False,True,False,False
-0.5540677512436588,-0.425675392507295,-0.7719501644072858,-0.6939730878554988,0,5,5,5,13.4,0,0,5,6,5,12.2,0,0,1,0,1.0,1.0,1.0,1.2,2,True,True,False,False,False,False,False,False,False,False,False,False,False,False,False,False,False,False,False,False,False,False,True,False,True,False,False
0.2071731591606723,0.18098999194093274,1.5208098838741968,-0.16675255968433558,14,17,21,17,12.578947368421051,0,15,17,20,17,12.117647058823527,0,0,1,0,1.0,1.0,1.2352941176470589,1.1764705882352942,2,True,True,False,False,False,True,False,False,False,False,False,False,False,False,True,False,False,False,False,False,False,False,True,False,True,False,False
-0.5540677512436588,0.03690696313447821,-1.863082958468955,1.6785192889147356,0,5,0,0,0.0,0,0,5,0,0,0.0,0,1,1,0,0.0,0.0,0.0,0.0,0,False,True,False,False,True,False,False,True,False,False,False,False,False,False,False,False,False,False,False,False,False,False,False,False,True,False,False
-0.5540677512436588,-0.577341738619352,0.4434888973322958,-0.4303628237699172,0,6,8,6,12.0,0,0,6,8,6,11.5,0,0,1,0,1.0,1.0,1.3333333333333333,1.3333333333333333,2,True,True,False,False,False,True,False,False,False,False,False,False,False,False,False,False,False,False,False,False,False,False,True,False,True,True,False
2.4908958903736655,-0.425675392507295,-0.28853690121540704,-0.4303628237699172,0,6,6,3,12.333333333333334,0,0,6,9,0,0.0,0,0,0,0,0.5,0.0,1.0,1.5,0,True,True,False,False,False,False,False,False,False,False,True,False,True,False,False,True,False,False,False,True,False,False,False,False,True,False,False
-0.5540677512436588,0.03690696313447821,1.6727397665916435,0.22866283644403682,0,5,11,4,11.5,0,0,5,11,3,13.5,0,1,1,0,0.8,0.6,2.2,2.2,0,True,True,True,False,False,False,False,True,False,False,False,False,False,False,True,False,False,False,True,False,False,False,False,False,True,False,False
-0.5540677512436588,1.3184875877813598,0.6921014326881187,1.546714156871945,1,6,7,5,12.8,0,1,6,11,5,13.833333333333334,0,1,1,0,0.8333333333333334,0.8333333333333334,1.1666666666666667,1.8333333333333333,2,True,True,False,False,False,True,False,True,False,False,False,False,False,False,False,False,False,False,True,False,False,False,False,False,True,False,False
-0.5540677512436588,0.03690696313447821,-0.620020281689838,-0.16675255968433558,0,0,0,0,0.0,0,0,0,0,0,0.0,0,0,1,0,0.0,0.0,0.0,0.0,0,True,True,False,False,False,True,False,False,False,False,False,False,False,False,False,False,False,False,False,False,False,False,False,False,True,False,False
-0.5540677512436588,1.3184875877813598,-0.03992436585958304,0.3604679684868276,5,7,8,7,13.285714285714286,0,3,8,11,7,12.142857142857142,0,1,0,0,1.0,0.875,1.1428571428571428,1.375,1,True,True,False,False,False,True,False,True,False,False,True,False,False,True,False,True,False,False,False,False,False,False,False,False,True,False,False
-0.5540677512436588,-0.19817587333920963,0.20868816949623997,-0.4303628237699172,0,6,16,4,11.8,0,0,6,15,2,12.0,0,0,1,1,0.6666666666666666,0.3333333333333333,2.6666666666666665,2.5,0,True,True,False,False,False,True,True,False,False,True,False,False,False,False,False,False,False,False,True,False,False,False,False,True,False,False,False
-0.5540677512436588,0.03690696313447821,-0.999844988483457,3.5237911375138067,6,13,13,6,11.333333333333334,0,2,11,11,2,13.5,0,1,1,0,0.46153846153846156,0.18181818181818182,1.0,1.0,0,True,True,True,False,False,True,False,True,False,True,False,False,False,False,False,False,False,False,False,False,False,False,False,False,True,False,False
-0.5540677512436588,-0.577341738619352,-0.5993025704101862,-0.4303628237699172,0,8,12,5,12.002,1,0,8,12,5,12.002,1,0,1,0,0.625,0.625,1.5,1.5,0,True,True,False,True,False,False,False,False,False,False,False,False,False,False,False,False,False,False,False,False,False,False,False,False,True,False,False
-0.5540677512436588,-0.425675392507295,-0.3852195538537822,-0.4303628237699172,0,7,10,5,13.976666666666668,0,0,8,9,8,13.22222222222222,0,0,0,0,0.7142857142857143,1.0,1.4285714285714286,1.125,1,True,True,False,True,False,False,False,False,False,False,True,False,False,False,False,True,False,False,False,False,False,False,False,False,True,False,False
-0.5540677512436588,0.5601558572210751,0.8992785454846383,1.546714156871945,0,6,10,5,15.2,0,1,6,9,1,11.0,0,1,0,1,0.8333333333333334,0.16666666666666666,1.6666666666666667,1.5,0,True,True,False,False,False,True,True,False,True,False,True,False,False,False,False,True,False,False,False,False,False,False,False,False,False,False,False
-0.5540677512436588,-1.714839334459779,-1.2415516200793966,-0.562167955812708,0,6,7,6,13.142857142857142,0,0,6,8,6,14.166666666666666,0,0,0,0,1.0,1.0,1.1666666666666667,1.3333333333333333,2,True,True,False,False,False,False,False,False,False,False,True,False,False,False,True,False,False,False,True,False,False,False,False,False,True,True,False
0.2071731591606723,0.03690696313447821,-1.1724925824805565,2.6011552132142715,0,5,14,0,0.0,1,0,5,5,0,0.0,0,1,1,0,0.0,0.0,2.8,1.0,0,False,True,False,False,False,False,False,True,False,False,False,False,False,False,True,False,False,False,False,False,False,False,False,False,True,False,False
2.4908958903736655,-0.6531749116753804,-0.4957140140119265,-0.562167955812708,0,8,11,7,13.867142857142856,0,0,8,11,7,13.867142857142856,0,0,0,0,0.875,0.875,1.375,1.375,2,True,True,False,True,False,False,False,False,False,False,True,False,False,False,False,True,False,False,False,True,False,False,False,False,True,False,False
-0.5540677512436588,-1.4115066422356652,0.20868816949623997,0.22866283644403682,0,8,11,6,12.675,0,0,8,11,6,12.675,0,1,1,0,0.75,0.75,1.375,1.375,2,True,True,False,True,False,False,False,True,False,False,False,False,False,False,False,False,False,False,False,False,False,False,False,False,True,False,False
-0.5540677512436588,1.6976534530615022,2.7845902719329665,-0.562167955812708,0,0,0,0,0.0,0,0,0,0,0,0.0,0,0,0,0,0.0,0.0,0.0,0.0,2,True,True,False,False,False,True,True,False,False,False,False,False,True,False,True,False,False,False,False,False,False,False,True,False,True,False,False
0.2071731591606723,-1.4115066422356652,-1.0412804110427605,-0.4303628237699172,0,6,6,6,12.0,0,0,6,7,6,12.5,0,0,1,0,1.0,1.0,1.0,1.1666666666666667,1,True,True,False,False,False,True,False,False,False,False,False,False,False,False,False,False,False,False,False,False,False,False,True,False,True,True,False
-0.5540677512436588,0.03690696313447821,0.6230423950892789,-0.16675255968433558,0,0,0,0,0.0,0,0,0,0,0,0.0,0,0,1,0,0.0,0.0,0.0,0.0,0,True,True,False,False,False,True,False,False,False,False,False,False,False,False,True,False,False,False,True,False,False,False,True,False,True,False,False
-0.5540677512436588,-0.577341738619352,-0.20566605609679903,-0.562167955812708,0,6,7,6,11.0,0,0,6,6,5,12.2,0,0,1,0,1.0,0.8333333333333334,1.1666666666666667,1.0,0,True,True,False,False,False,False,False,False,False,False,False,False,False,False,False,True,False,False,False,True,False,False,False,False,True,True,False
-0.5540677512436588,-0.9565076038994943,0.40895937853287584,1.1512987607435725,0,5,11,4,10.75,0,0,5,11,4,11.333333333333334,0,1,1,0,0.8,0.8,2.2,2.2,0,False,True,True,False,False,False,False,True,False,False,False,False,False,False,False,True,False,False,False,False,False,False,False,False,True,False,False
-0.5540677512436588,-2.473171065020064,1.8661050718683958,4.446427061813343,0,6,7,5,14.2,0,0,6,6,6,14.166666666666666,0,1,1,0,0.8333333333333334,1.0,1.1666666666666667,1.0,2,False,True,False,False,False,True,False,True,False,False,False,False,False,False,False,False,False,False,False,False,False,False,True,False,True,False,False
-0.5540677512436588,0.03690696313447821,-0.8271973944863575,-0.4303628237699172,0,7,11,4,12.6,0,0,7,7,4,11.575,0,0,1,1,0.5714285714285714,0.5714285714285714,1.5714285714285714,1.0,0,True,True,False,True,False,False,False,False,False,False,False,False,False,False,False,True,False,False,True,False,False,False,False,False,False,False,False
-0.5540677512436588,-0.9565076038994943,-2.1393191088643144,1.9421295530003173,0,5,5,0,0.0,0,0,5,5,0,0.0,0,1,1,1,0.0,0.0,1.0,1.0,0,True,True,True,False,False,False,False,True,False,False,False,False,False,False,True,False,False,False,True,False,False,False,True,False,False,False,False
-0.5540677512436588,-0.9565076038994943,2.8467434057719205,2.8647654772998528,0,5,6,5,14.0,0,0,5,6,5,14.166666666666666,0,1,0,0,1.0,1.0,1.2,1.2,2,False,True,True,False,False,False,False,True,False,False,False,False,True,False,False,False,False,False,False,True,False,False,False,False,True,False,False
-0.5540677512436588,-1.714839334459779,0.8992785454846383,2.6011552132142715,0,6,16,2,10.0,0,0,6,12,4,12.25,0,1,1,1,0.3333333333333333,0.6666666666666666,2.6666666666666665,2.0,0,False,True,False,False,False,True,False,True,False,False,False,False,False,False,False,False,False,False,False,False,False,False,False,True,False,False,False
1.7296549799693344,0.8634885494451889,0.7197250477276551,-0.562167955812708,0,6,6,6,13.833333333333334,0,0,6,8,6,13.125,0,0,1,0,1.0,1.0,1.0,1.3333333333333333,2,True,True,False,False,False,True,False,False,False,False,False,False,False,False,False,False,False,False,False,False,False,False,True,False,True,False,False
-0.5540677512436588,0.03690696313447821,1.5898689214730366,3.3919860054710163,0,5,8,2,11.0,0,0,5,5,1,11.0,0,1,1,1,0.4,0.2,1.6,1.0,0,False,True,True,False,False,False,False,True,False,False,False,False,False,False,True,False,False,False,True,False,False,False,False,False,False,False,False
-0.5540677512436588,0.03690696313447821,-1.828553439669535,2.6011552132142715,0,8,8,7,11.635714285714286,0,0,8,8,7,11.635714285714286,0,1,1,0,0.875,0.875,1.0,1.0,1,False,True,False,True,False,False,False,True,False,False,False,False,False,False,False,False,False,False,False,False,False,False,True,False,True,False,False
-0.5540677512436588,0.03690696313447821,1.486280365074777,1.414909024829154,0,6,6,4,12.25,0,0,5,5,0,0.0,0,1,1,0,0.6666666666666666,0.0,1.0,1.0,0,True,True,True,False,False,True,False,True,False,False,False,False,False,False,False,False,False,False,False,False,False,False,False,False,True,False,False
2.4908958903736655,0.40848951110901816,-0.2540073824159871,-0.6939730878554988,0,5,9,4,12.5,0,0,5,11,5,11.285714285714286,0,0,1,1,0.8,1.0,1.8,2.2,1,True,True,False,False,True,False,False,False,False,False,False,False,False,False,True,False,False,False,True,False,False,False,True,True,True,False,False
-0.5540677512436588,-0.9565076038994943,0.8095017966061457,2.6011552132142715,0,5,5,5,13.8,0,0,5,6,5,13.666666666666666,0,1,1,0,1.0,1.0,1.0,1.2,2,False,True,True,False,False,False,False,True,False,False,False,False,False,False,False,True,False,False,True,False,False,False,False,False,True,False,False
0.2071731591606723,-0.9565076038994943,-0.6752675117689096,-0.2985576917271264,0,6,8,3,12.0,0,0,6,9,1,11.0,0,0,1,0,0.5,0.16666666666666666,1.3333333333333333,1.5,0,True,True,False,False,False,False,False,False,False,False,False,False,False,False,False,False,False,False,False,False,False,False,False,False,True,False,False
-0.5540677512436588,2.0768193183416446,-0.8755387208055456,2.205739817085899,0,5,9,3,11.0,0,0,5,8,4,12.5,1,1,1,0,0.6,0.8,1.8,1.6,1,False,True,True,False,False,False,False,True,False,False,False,False,False,False,False,False,False,True,False,False,False,True,False,False,True,False,False
-0.5540677512436588,0.10515681888490426,-0.11588930721830744,-0.562167955812708,0,6,7,4,13.75,0,0,6,10,6,11.555555555555555,0,0,1,0,0.6666666666666666,1.0,1.1666666666666667,1.6666666666666667,2,True,True,False,False,False,False,False,False,False,False,False,False,False,False,True,False,False,False,True,False,False,False,True,False,True,True,False
-0.5540677512436588,0.03690696313447821,-2.0702600712654746,0.4922731005296184,0,6,6,6,10.666666666666666,0,0,6,8,4,11.25,0,1,1,0,1.0,0.6666666666666666,1.0,1.3333333333333333,1,True,True,False,False,False,False,False,False,False,False,False,False,False,False,False,True,False,False,False,True,False,False,False,False,True,False,False
-0.5540677512436588,-1.714839334459779,0.8992785454846383,2.6011552132142715,0,7,7,0,0.0,0,0,8,13,2,13.15,0,1,1,0,0.0,0.25,1.0,1.625,0,False,True,False,True,False,False,False,True,False,False,False,False,False,False,False,False,False,False,False,False,False,False,False,False,True,False,False
-0.5540677512436588,-0.19817587333920963,-0.20566605609679903,1.0194936287007816,1,5,6,5,13.833333333333334,0,0,5,7,5,15.4,0,1,1,0,1.0,1.0,1.2,1.4,2,True,True,True,False,False,False,False,True,False,False,False,False,False,False,False,False,False,False,False,False,False,False,False,False,True,False,False
-0.5540677512436588,0.5601558572210751,0.8992785454846383,0.3604679684868276,0,6,6,0,0.0,0,0,6,7,0,0.0,0,1,1,1,0.0,0.0,1.0,1.1666666666666667,1,True,True,False,False,False,True,True,False,False,True,False,False,False,False,False,True,False,False,False,True,False,False,True,True,True,False,False
-0.5540677512436588,1.3184875877813598,0.001511056699720468,1.414909024829154,0,5,5,5,15.8,0,0,5,5,5,16.8,0,1,1,0,1.0,1.0,1.0,1.0,2,True,True,True,False,False,False,False,True,False,False,False,False,False,False,False,False,False,False,False,False,False,False,False,False,True,False,False
-0.5540677512436588,-2.473171065020064,-1.1724925824805565,0.8876884966579909,11,14,26,12,12.52608695652174,1,11,14,26,12,12.52608695652174,1,1,1,0,0.8571428571428571,0.8571428571428571,1.8571428571428572,1.8571428571428572,2,False,True,False,True,False,False,False,True,False,False,False,False,False,False,False,False,True,False,False,False,True,False,False,False,True,False,False
-0.5540677512436588,0.03690696313447821,2.971049673449833,1.6785192889147356,0,7,9,6,12.783333333333331,0,0,8,11,0,0.0,0,1,1,0,0.8571428571428571,0.0,1.2857142857142858,1.375,0,False,True,False,True,False,False,False,True,False,False,False,False,False,False,False,False,False,False,False,False,False,False,False,False,True,False,False
-0.5540677512436588,-0.9565076038994943,-0.48190220649215837,2.9965706093426436,0,5,5,0,0.0,0,0,5,5,1,10.0,0,1,1,1,0.0,0.2,1.0,1.0,0,True,True,True,False,False,False,True,False,True,False,False,False,False,False,False,False,False,False,False,False,False,False,False,True,False,False,False
-0.5540677512436588,0.03690696313447821,0.20868816949623997,-0.16675255968433558,0,5,8,3,13.0,0,0,5,8,3,10.666666666666666,0,0,1,0,0.6,0.6,1.6,1.6,2,True,True,False,True,False,False,False,False,False,False,False,False,False,False,True,False,False,False,False,False,False,False,False,False,True,False,False
-0.5540677512436588,-0.19817587333920963,0.20868816949623997,0.4922731005296184,0,6,8,0,0.0,0,0,6,10,0,0.0,0,1,1,0,0.0,0.0,1.3333333333333333,1.6666666666666667,0,True,True,False,False,False,True,True,False,True,False,False,False,False,False,True,False,False,False,False,False,False,False,False,False,True,False,False
0.2071731591606723,-0.5015085655633235,-0.30925461249505876,-0.4303628237699172,0,5,7,5,10.8,0,0,5,9,3,12.0,0,0,1,0,1.0,0.6,1.4,1.8,1,True,True,False,False,True,False,False,False,False,False,False,False,False,False,True,False,False,False,False,False,False,False,True,False,True,False,False
-0.5540677512436588,-0.19817587333920963,-0.7788560681671695,-0.4303628237699172,0,5,7,5,11.0,0,0,5,7,3,10.0,0,0,1,0,1.0,0.6,1.4,1.4,1,True,True,False,False,False,False,False,True,False,False,False,False,False,False,False,False,False,False,False,False,False,False,False,False,True,False,False
-0.5540677512436588,0.5601558572210751,-0.48190220649215837,1.0194936287007816,0,4,4,0,0.0,0,0,5,5,0,0.0,0,1,1,1,0.0,0.0,1.0,1.0,0,True,True,False,False,True,False,False,True,False,False,False,False,False,False,False,False,False,True,False,False,False,True,False,True,False,False,False
-0.5540677512436588,0.5601558572210751,2.694813523054474,-0.4303628237699172,0,5,7,0,0.0,0,0,5,5,0,0.0,0,0,1,1,0.0,0.0,1.4,1.0,1,True,True,False,False,True,False,False,False,False,False,False,False,False,False,False,False,False,False,False,False,False,False,True,True,True,False,False
-0.5540677512436588,0.9393217225012175,0.40205347477299225,-0.2985576917271264,0,6,10,2,12.0,0,0,6,0,0,0.0,0,0,1,1,0.3333333333333333,0.0,1.6666666666666667,0.0,0,True,True,False,False,False,True,False,False,False,False,False,False,False,False,False,False,False,True,False,False,False,False,True,False,False,False,False
-0.5540677512436588,0.03690696313447821,-1.863082958468955,-0.2985576917271264,0,5,7,4,10.75,0,0,5,10,2,11.0,3,0,1,0,0.8,0.4,1.4,2.0,0,True,True,False,False,False,False,False,False,False,False,False,False,False,False,False,False,False,False,False,False,False,False,False,False,True,False,False
-0.5540677512436588,-0.425675392507295,-0.35759593881424684,-0.562167955812708,0,5,8,5,11.6,0,0,5,10,4,13.5,3,0,0,0,1.0,0.8,1.6,2.0,2,True,True,False,False,False,False,False,False,False,False,False,False,True,False,False,False,False,False,False,False,False,False,False,False,True,False,False
1.7296549799693344,-1.4115066422356652,-1.2070221012799767,-0.4303628237699172,0,5,6,5,11.8,0,0,5,8,4,11.6,0,0,1,0,1.0,0.8,1.2,1.6,2,True,True,False,False,False,False,False,False,False,False,False,False,False,False,True,False,False,False,True,False,False,False,True,False,True,True,False
-0.5540677512436588,0.5601558572210751,0.7818781815666114,-0.6939730878554988,0,6,7,6,16.0,0,0,6,6,6,15.166666666666666,0,0,1,0,1.0,1.0,1.1666666666666667,1.0,2,True,True,False,False,False,True,False,False,False,False,False,False,False,False,False,False,False,False,True,False,False,False,False,False,True,False,False
0.2071731591606723,0.5601558572210751,0.3191826296543833,-0.6939730878554988,0,6,6,6,12.666666666666666,0,0,6,6,6,11.5,0,0,1,0,1.0,1.0,1.0,1.0,2,True,True,False,False,False,True,False,False,False,False,False,False,False,False,True,False,False,False,False,True,False,False,False,False,True,True,False
-0.5540677512436588,-0.9565076038994943,-0.11588930721830744,0.8876884966579909,0,7,12,4,14.4,0,0,7,9,6,13.5,0,1,0,1,0.5714285714285714,0.8571428571428571,1.7142857142857142,1.2857142857142858,1,True,True,False,True,False,False,False,True,False,False,False,False,True,False,True,False,False,False,False,True,False,False,False,True,True,False,False
-0.5540677512436588,0.03690696313447821,-1.7594944020706953,1.414909024829154,0,6,6,0,0.0,0,0,6,6,0,0.0,0,1,1,1,0.0,0.0,1.0,1.0,0,True,True,False,False,False,False,False,True,False,False,False,False,False,False,False,True,False,False,False,True,False,False,False,True,False,False,False
-0.5540677512436588,-1.3356734691796368,-1.2346457163195128,-0.2985576917271264,0,6,11,4,12.25,0,0,6,9,4,13.4,0,0,1,1,0.6666666666666666,0.6666666666666666,1.8333333333333333,1.5,1,True,True,False,False,False,False,False,False,False,False,False,False,False,False,False,False,False,False,False,False,False,False,False,True,False,False,False
-0.5540677512436588,-0.6607582289809829,-0.21257195985668262,-0.4303628237699172,2,7,9,5,12.6,0,5,9,10,8,12.75,1,0,1,0,0.7142857142857143,0.8888888888888888,1.2857142857142858,1.1111111111111112,0,True,True,False,False,False,True,True,False,False,True,False,False,False,False,False,False,False,False,False,False,False,False,False,False,True,False,False
-0.5540677512436588,1.849319799173559,1.1064556582811578,-0.6939730878554988,0,8,8,7,13.4,0,0,8,8,7,13.4,0,0,1,0,0.875,0.875,1.0,1.0,2,True,True,False,True,False,False,False,False,False,False,False,False,False,False,False,False,False,False,False,False,False,False,False,False,True,False,False
-0.5540677512436588,-0.425675392507295,-0.04683026961946761,-0.2985576917271264,0,0,0,0,0.0,0,0,0,0,0,0.0,0,0,1,1,0.0,0.0,0.0,0.0,0,True,True,False,False,False,True,False,False,False,False,False,False,False,False,True,False,False,False,False,True,False,False,True,True,True,False,False
-0.5540677512436588,-0.9565076038994943,-0.9445977584043854,0.3604679684868276,0,6,9,1,10.0,0,0,6,6,0,0.0,0,1,0,0,0.16666666666666666,0.0,1.5,1.0,0,False,True,False,False,False,True,False,True,False,False,True,False,False,False,False,True,False,False,False,True,False,False,False,False,True,False,False
-0.5540677512436588,-0.19817587333920963,-0.48880811025204196,-0.4303628237699172,0,5,5,0,0.0,0,0,5,5,0,0.0,5,0,1,1,0.0,0.0,1.0,1.0,0,True,True,False,False,True,False,False,False,False,False,False,False,False,False,False,False,False,False,False,True,False,False,True,True,True,False,False
-0.5540677512436588,0.5601558572210751,0.8992785454846383,0.22866283644403682,0,6,16,3,11.25,0,0,6,14,4,11.2,0,1,1,0,0.5,0.6666666666666666,2.6666666666666665,2.3333333333333335,0,True,True,False,False,False,True,True,False,False,True,False,False,False,False,False,True,False,False,False,False,False,False,False,False,True,False,False
-0.5540677512436588,-1.7906725075158074,-1.3106106576782364,-0.562167955812708,0,5,10,0,0.0,0,0,5,5,0,0.0,0,0,1,0,0.0,0.0,2.0,1.0,1,True,True,False,False,False,False,False,False,False,False,False,False,False,False,True,False,False,False,True,False,False,False,False,False,True,False,False
0.2071731591606723,0.7876553763891605,-1.863082958468955,0.09685770440124603,0,5,8,3,10.666666666666666,1,0,5,5,1,14.0,0,1,0,0,0.6,0.2,1.6,1.0,0,True,True,False,False,False,False,False,True,False,False,False,False,True,False,True,False,False,False,False,True,False,False,True,False,True,False,False
-0.5540677512436588,-0.577341738619352,0.37442985973345594,-0.4303628237699172,0,5,7,4,11.75,0,0,5,5,5,13.4,0,0,0,0,0.8,1.0,1.4,1.0,2,True,True,False,False,False,True,False,False,False,False,True,False,True,False,False,True,False,False,False,True,False,False,False,False,True,False,False
-0.5540677512436588,0.25682316499696123,0.6990073364480024,-0.4303628237699172,0,5,5,0,0.0,0,0,5,5,0,0.0,0,0,0,0,0.0,0.0,1.0,1.0,0,True,True,False,False,False,False,False,False,False,False,False,False,True,False,False,False,False,False,True,False,False,False,False,False,True,False,False
0.9684140695650034,1.849319799173559,0.7680663740468422,-0.6939730878554988,0,6,6,6,12.666666666666666,0,0,6,8,6,14.125,0,0,0,0,1.0,1.0,1.0,1.3333333333333333,2,True,False,False,False,False,True,True,False,False,False,True,False,False,False,False,False,False,False,False,False,False,False,True,False,True,False,False
-0.5540677512436588,2.0768193183416446,0.20868816949623997,0.22866283644403682,0,7,14,7,11.95,0,0,8,15,7,12.042857142857144,0,1,0,0,1.0,0.875,2.0,1.875,1,False,False,False,True,False,False,False,True,False,False,False,False,True,False,False,False,False,False,False,True,False,False,False,False,True,False,False
-0.5540677512436588,-1.2598402961236081,-1.1932102937602085,-0.16675255968433558,0,6,7,5,14.0,0,0,6,6,6,15.666666666666666,0,0,1,0,0.8333333333333334,1.0,1.1666666666666667,1.0,2,True,False,False,False,False,False,False,False,False,False,False,False,False,False,False,False,False,False,False,False,False,False,True,False,True,False,False
-0.5540677512436588,-1.4873398152916937,0.08438190181832748,2.3375449491286897,0,6,6,0,0.0,6,0,6,12,0,0.0,0,1,1,1,0.0,0.0,1.0,2.0,0,True,False,True,False,False,True,False,True,False,False,False,False,False,False,False,False,True,False,False,False,False,False,False,False,False,False,False
0.2071731591606723,-0.19817587333920963,-0.6338320892096062,-0.562167955812708,0,5,11,2,11.5,0,0,5,10,0,0.0,0,0,1,1,0.4,0.0,2.2,2.0,0,True,False,False,False,False,False,False,False,False,False,False,False,False,False,False,False,False,False,False,False,False,False,False,True,True,True,False
-0.5540677512436588,1.3184875877813598,1.5898689214730366,-0.2985576917271264,0,6,10,6,12.0,0,0,6,12,5,12.8,0,0,0,0,1.0,0.8333333333333334,1.6666666666666667,2.0,2,True,False,False,False,False,True,False,True,False,False,True,False,True,False,False,True,False,False,True,False,False,False,True,False,True,False,False
-0.5540677512436588,-1.714839334459779,2.280459297461435,0.8876884966579909,0,6,7,6,16.428571428571427,0,0,6,7,6,16.666666666666668,0,1,1,1,1.0,1.0,1.1666666666666667,1.1666666666666667,0,True,False,False,True,False,False,False,True,False,False,False,False,False,False,True,False,False,False,True,False,False,False,True,True,True,False,False
2.4908958903736655,-2.3973378919640354,-1.5523172892741757,-0.2985576917271264,0,7,9,5,13.336000000000002,0,0,8,9,7,13.207142857142856,0,0,1,0,0.7142857142857143,0.875,1.2857142857142858,1.125,2,True,False,False,True,False,False,False,False,False,False,False,False,False,False,False,False,False,False,False,False,False,False,True,False,True,True,False
0.2071731591606723,-1.714839334459779,-0.9791272772038053,0.3604679684868276,0,7,7,0,0.0,0,0,8,8,0,0.0,6,1,1,0,0.0,0.0,1.0,1.0,1,False,False,False,True,False,False,False,True,False,False,False,False,False,False,False,False,False,False,False,False,False,False,False,False,True,True,False
-0.5540677512436588,0.03690696313447821,-1.863082958468955,-0.2985576917271264,2,7,9,7,14.666666666666666,0,1,6,8,6,14.0,0,0,1,0,1.0,1.0,1.2857142857142858,1.3333333333333333,2,True,False,False,False,False,False,False,True,False,False,False,False,False,False,False,False,False,False,True,False,False,False,False,False,True,False,True
-0.5540677512436588,0.40848951110901816,0.38133576349333953,-0.6939730878554988,0,8,8,7,14.115714285714288,0,0,8,8,7,14.115714285714288,0,0,1,0,0.875,0.875,1.0,1.0,2,True,False,False,True,False,False,False,False,False,False,False,False,False,False,False,True,False,False,True,False,False,False,True,False,True,False,False
1.7296549799693344,0.40848951110901816,-0.2540073824159871,-0.562167955812708,0,6,7,6,14.857142857142858,0,0,6,10,6,13.11111111111111,0,0,0,0,1.0,1.0,1.1666666666666667,1.6666666666666667,2,True,False,False,True,False,False,False,False,False,False,True,False,False,False,False,True,False,False,True,False,False,False,True,False,True,True,False
0.2071731591606723,0.6359890302771035,0.13272322813751652,-0.6939730878554988,0,6,7,6,13.833333333333334,0,0,6,10,6,13.714285714285714,0,0,1,0,1.0,1.0,1.1666666666666667,1.6666666666666667,2,True,False,False,True,False,False,False,False,False,False,False,False,False,False,False,False,False,False,False,False,False,False,True,False,True,True,False
0.2071731591606723,-0.2740090463952381,0.09128780557821303,-0.562167955812708,0,5,10,3,11.0,0,0,5,9,4,11.75,0,0,0,0,0.6,0.8,2.0,1.8,1,True,False,False,False,False,False,False,False,False,False,True,False,True,False,False,True,False,False,False,True,False,False,True,False,True,False,False
-0.5540677512436588,-0.425675392507295,-1.863082958468955,-0.2985576917271264,0,6,11,4,11.75,0,0,6,12,3,13.666666666666666,0,0,0,0,0.6666666666666666,0.5,1.8333333333333333,2.0,1,True,False,False,True,False,False,False,True,False,False,True,False,True,False,False,True,False,False,True,False,False,False,False,False,True,False,False
0.2071731591606723,0.02932364582887579,-0.4749963027322748,-0.6939730878554988,0,5,15,2,10.0,0,0,5,14,2,12.0,0,0,1,0,0.4,0.4,3.0,2.8,0,True,False,False,False,False,False,False,False,False,False,False,False,False,False,False,False,False,False,False,True,False,False,True,False,True,True,False
-0.5540677512436588,-2.473171065020064,2.280459297461435,0.09685770440124603,0,8,15,6,12.415,0,0,8,15,6,12.415,0,1,1,0,0.75,0.75,1.875,1.875,2,True,False,False,True,False,False,False,True,False,False,False,False,False,False,False,False,False,False,False,False,False,False,True,False,True,True,False
-0.5540677512436588,0.40848951110901816,-0.27472509369563886,-0.2985576917271264,0,5,12,1,11.0,0,0,5,9,2,10.5,0,0,0,0,0.2,0.4,2.4,1.8,1,True,False,False,False,False,True,False,False,False,False,True,False,True,False,False,True,False,False,False,True,False,False,True,False,True,False,False
-0.5540677512436588,1.3184875877813598,1.5898689214730366,-0.034947427641544786,1,6,14,5,14.428571428571429,0,1,6,7,6,13.428571428571429,0,0,1,0,0.8333333333333334,1.0,2.3333333333333335,1.1666666666666667,2,True,False,False,True,False,False,True,False,False,True,False,False,False,False,False,False,False,False,False,False,False,False,True,False,True,False,False
0.2071731591606723,-0.2740090463952381,-0.20566605609679903,-0.6939730878554988,0,8,8,7,14.312857142857142,0,0,8,8,7,14.312857142857142,0,0,1,0,0.875,0.875,1.0,1.0,2,True,False,False,True,False,False,False,False,False,False,False,False,False,False,True,False,False,False,False,False,False,False,True,False,True,True,False
-0.5540677512436588,-0.19817587333920963,-0.48190220649215837,0.3604679684868276,0,6,8,6,15.428571428571429,0,0,6,7,5,14.5,0,1,0,1,1.0,0.8333333333333334,1.3333333333333333,1.1666666666666667,1,True,False,False,True,False,False,False,True,False,False,True,False,False,False,False,True,False,False,False,False,False,False,False,False,False,False,False
-0.5540677512436588,0.02932364582887579,-0.454278591452622,-0.4303628237699172,0,5,9,4,12.0,1,0,5,6,5,13.4,0,0,1,0,0.8,1.0,1.8,1.2,2,True,False,False,False,False,True,False,False,False,False,False,False,False,False,True,False,False,False,False,False,False,False,True,False,True,False,False
-0.5540677512436588,0.02932364582887579,0.3191826296543833,-0.6939730878554988,0,6,7,6,13.833333333333334,0,0,6,7,6,13.714285714285714,0,0,0,0,1.0,1.0,1.1666666666666667,1.1666666666666667,2,True,False,False,False,False,True,False,False,False,False,True,False,False,False,True,False,False,False,True,False,False,False,False,False,True,False,False
-0.5540677512436588,-1.9423388536278645,-1.5730350005538274,-0.4303628237699172,0,6,6,6,12.166666666666666,0,0,6,7,6,12.142857142857142,0,0,0,0,1.0,1.0,1.0,1.1666666666666667,2,True,False,False,False,False,True,False,False,False,False,True,False,False,False,False,True,False,False,False,False,False,False,True,False,True,False,False
-0.5540677512436588,-0.12234270028318116,-0.34378413129447866,-0.4303628237699172,0,8,8,7,14.014285714285714,0,0,8,8,7,14.014285714285714,0,0,1,0,0.875,0.875,1.0,1.0,1,True,False,False,True,False,False,False,False,False,False,False,False,False,False,True,False,False,False,True,False,False,False,True,False,True,False,False
0.2071731591606723,-1.1081739500115513,-1.1241512561613685,-0.6939730878554988,0,6,15,2,10.333333333333334,3,0,6,13,3,13.333333333333334,0,0,1,0,0.3333333333333333,0.5,2.5,2.1666666666666665,1,True,False,False,False,False,True,False,False,False,False,False,False,False,False,True,False,False,False,False,False,False,False,True,False,True,False,False
1.7296549799693344,0.25682316499696123,-0.36450184257413043,-0.16675255968433558,0,6,7,5,13.2,0,0,6,7,5,13.6,0,0,1,0,0.8333333333333334,0.8333333333333334,1.1666666666666667,1.1666666666666667,2,True,False,False,False,False,True,False,False,False,False,False,False,False,False,False,False,False,False,False,False,False,False,True,False,True,True,False
-0.5540677512436588,-0.577341738619352,-0.06754798089911936,-0.4303628237699172,0,7,7,6,15.4,0,0,7,7,6,15.4,0,0,1,1,0.8571428571428571,0.8571428571428571,1.0,1.0,2,True,False,False,True,False,False,False,False,False,False,False,False,False,False,False,False,False,False,False,False,False,False,True,True,True,False,False
1.7296549799693344,0.33265633805298966,0.09819370933809662,-0.562167955812708,0,7,7,7,13.385714285714286,0,0,8,8,8,15.925,0,0,1,0,1.0,1.0,1.0,1.0,2,True,False,False,True,False,False,False,False,False,False,False,False,False,False,False,False,False,False,False,False,False,False,True,False,True,True,False
-0.5540677512436588,0.8634885494451889,0.5470774537305555,-0.6939730878554988,0,6,13,6,10.857142857142858,0,0,6,10,4,11.0,0,0,0,1,1.0,0.6666666666666666,2.1666666666666665,1.6666666666666667,0,True,False,False,False,False,True,False,False,False,False,True,False,False,False,False,True,False,False,True,False,False,False,True,True,True,False,False
0.2071731591606723,1.015154895557246,1.168608792120114,-0.6939730878554988,0,5,11,5,11.333333333333334,0,0,5,8,5,12.0,0,0,1,0,1.0,1.0,2.2,1.6,2,True,False,False,False,False,False,False,False,False,False,False,False,False,False,False,False,False,False,False,False,False,False,False,False,True,False,False
1.7296549799693344,0.9393217225012175,1.2445737334788374,-0.562167955812708,0,5,7,4,14.5,0,0,5,5,5,13.6,0,0,1,0,0.8,1.0,1.4,1.0,2,True,False,False,True,False,False,False,False,False,False,False,False,False,False,False,False,False,False,False,False,False,False,True,False,True,True,False
0.2071731591606723,-0.5015085655633235,0.34680624469391963,-0.562167955812708,0,6,6,6,14.166666666666666,0,0,6,8,6,12.375,0,0,1,0,1.0,1.0,1.0,1.3333333333333333,2,True,False,False,False,False,True,False,False,False,False,False,False,False,False,False,False,False,False,False,False,False,False,True,False,True,True,False
-0.5540677512436588,0.6359890302771035,0.6299482988491625,0.09685770440124603,0,6,7,6,12.833333333333334,0,0,6,8,6,12.0,0,1,1,0,1.0,1.0,1.1666666666666667,1.3333333333333333,2,True,False,True,False,False,True,False,False,False,False,False,False,False,False,False,False,True,False,False,False,True,False,False,False,True,False,False
-0.5540677512436588,0.6359890302771035,0.8233136041259148,-0.2985576917271264,0,6,7,6,13.333333333333334,0,0,6,6,6,14.5,0,0,1,0,1.0,1.0,1.1666666666666667,1.0,2,True,False,False,False,False,True,False,False,False,False,False,False,False,False,True,False,False,False,True,False,False,False,False,False,True,False,False
-0.5540677512436588,0.03690696313447821,-1.7249648832712754,-0.4303628237699172,0,6,7,6,13.666666666666666,0,0,6,7,6,14.571428571428571,0,0,1,0,1.0,1.0,1.1666666666666667,1.1666666666666667,2,True,False,False,False,False,True,False,False,False,False,False,False,False,False,False,True,False,False,False,True,False,False,True,False,True,True,False
-0.5540677512436588,0.03690696313447821,-0.27472509369563886,0.6240782325724092,0,6,6,6,10.833333333333334,0,0,6,7,5,11.0,0,1,1,1,1.0,0.8333333333333334,1.0,1.1666666666666667,0,True,False,False,False,False,False,False,True,False,False,False,False,False,False,True,False,False,False,False,False,False,False,False,True,False,True,False
0.2071731591606723,-0.425675392507295,0.7266309514875386,-0.2985576917271264,0,6,7,6,13.428571428571429,0,0,6,8,6,13.142857142857142,0,0,1,0,1.0,1.0,1.1666666666666667,1.3333333333333333,2,True,False,False,False,False,True,False,False,False,False,False,False,False,False,False,False,False,False,False,False,False,False,True,False,True,False,False
-0.5540677512436588,-2.0181720266838927,-1.7111530757515072,-0.4303628237699172,0,7,7,7,12.401428571428571,0,0,8,10,6,11.808333333333332,0,0,1,1,1.0,0.75,1.0,1.25,1,True,True,False,True,False,False,False,False,False,False,False,False,False,False,False,False,False,False,False,False,False,False,True,True,True,False,False
-0.5540677512436588,-0.19817587333920963,-1.497070059195104,1.6785192889147356,0,6,8,0,0.0,0,0,6,10,0,0.0,0,1,0,1,0.0,0.0,1.3333333333333333,1.6666666666666667,0,True,True,False,False,False,True,False,True,False,False,True,False,True,False,False,True,False,False,False,False,False,False,False,False,False,False,False
-0.5540677512436588,-1.714839334459779,0.20868816949623997,2.4693500811714806,0,4,4,0,0.0,0,0,5,0,0,0.0,0,1,1,1,0.0,0.0,1.0,0.0,0,False,True,True,False,False,False,False,True,False,False,False,False,False,False,False,False,False,False,False,False,False,False,False,False,False,False,False
-0.5540677512436588,1.3184875877813598,-0.30925461249505876,3.1283757413854345,0,5,9,4,11.5,0,0,5,6,5,11.6,1,1,1,0,0.8,1.0,1.8,1.2,0,False,True,True,False,False,False,False,True,False,False,False,False,False,False,False,False,False,False,False,False,False,False,False,False,True,False,False
-0.5540677512436588,2.0768193183416446,-1.034374507282877,0.22866283644403682,0,5,8,0,0.0,0,0,5,5,0,0.0,0,1,1,1,0.0,0.0,1.6,1.0,0,True,True,False,False,True,False,False,True,False,False,False,False,False,False,True,False,False,False,False,False,False,False,False,False,False,False,False
-0.5540677512436588,2.8351510489019294,-1.1724925824805565,0.22866283644403682,0,6,8,6,14.142857142857142,0,0,6,6,6,13.5,0,1,1,0,1.0,1.0,1.3333333333333333,1.0,2,True,True,False,False,False,False,False,True,False,True,False,False,False,False,False,True,False,False,True,False,False,False,False,False,True,True,False
-0.5540677512436588,0.03690696313447821,1.5553394026736167,3.2601808734282254,0,6,6,0,0.0,0,0,5,6,0,0.0,0,1,1,0,0.0,0.0,1.0,1.2,0,False,True,True,False,False,True,False,True,False,False,False,False,False,False,False,False,False,False,False,False,False,False,False,False,True,False,False
-0.5540677512436588,-0.9565076038994943,0.9683375830834781,1.1512987607435725,5,10,12,10,13.8,0,5,10,10,10,12.8,0,1,1,0,1.0,1.0,1.2,1.0,2,True,True,True,False,False,False,False,True,False,False,False,False,False,False,False,False,False,False,False,False,False,False,False,False,True,True,False
-0.5540677512436588,-0.19817587333920963,0.20868816949623997,1.9421295530003173,10,10,10,10,13.6,0,5,10,10,5,13.6,0,1,1,0,1.0,0.5,1.0,1.0,0,True,True,True,False,False,False,True,False,True,False,False,False,False,False,False,False,False,False,False,False,False,False,False,False,True,False,False
-0.5540677512436588,-0.19817587333920963,0.20868816949623997,1.8103244209575264,11,16,23,15,11.733333333333333,0,6,11,17,9,11.88888888888889,0,1,1,0,0.9375,0.8181818181818182,1.4375,1.5454545454545454,2,True,True,False,False,False,True,True,False,True,False,False,False,False,False,True,False,False,False,True,False,False,False,False,False,True,False,False
0.2071731591606723,-0.9565076038994943,-1.5868468080735956,0.3604679684868276,0,5,8,1,10.0,0,0,5,9,1,10.0,0,1,1,1,0.2,0.2,1.6,1.8,0,True,True,False,False,False,False,False,True,False,False,False,False,False,False,False,False,False,False,False,False,False,False,False,False,False,False,False
-0.5540677512436588,-1.714839334459779,-1.1724925824805565,-0.034947427641544786,0,6,19,0,0.0,0,0,6,6,0,0.0,0,0,0,0,0.0,0.0,3.1666666666666665,1.0,0,True,True,False,True,False,False,True,False,False,True,True,False,True,False,False,True,False,False,False,True,False,False,False,False,True,False,False
-0.5540677512436588,-0.9565076038994943,-0.48190220649215837,-0.034947427641544786,0,6,6,0,0.0,0,0,6,8,0,0.0,0,0,1,0,0.0,0.0,1.0,1.3333333333333333,1,True,True,False,False,False,True,True,False,False,True,False,False,False,False,False,True,False,False,True,False,False,False,False,False,True,False,False
-0.5540677512436588,-0.19817587333920963,0.20868816949623997,-0.4303628237699172,0,6,12,4,10.8,0,0,6,13,4,12.0,0,0,0,0,0.6666666666666666,0.6666666666666666,2.0,2.1666666666666665,1,True,True,False,False,False,True,True,False,False,True,True,False,True,False,False,False,False,False,False,False,False,False,False,False,True,False,False
-0.5540677512436588,1.3184875877813598,0.001511056699720468,0.3604679684868276,2,7,8,6,13.046666666666669,0,2,8,10,7,13.30625,0,1,0,0,0.8571428571428571,0.875,1.1428571428571428,1.25,0,True,True,False,True,False,False,False,True,True,False,True,False,False,False,False,True,False,False,False,False,False,False,True,False,True,False,False
-0.5540677512436588,-0.9565076038994943,-1.863082958468955,2.8647654772998528,5,9,13,8,11.0,0,3,7,10,6,10.833333333333334,0,1,1,0,0.8888888888888888,0.8571428571428571,1.4444444444444444,1.4285714285714286,1,True,False,True,False,False,True,False,True,False,False,False,False,False,False,False,False,False,False,True,False,False,False,False,False,True,False,False
-0.5540677512436588,-2.473171065020064,-1.1034335448817167,0.3604679684868276,0,6,10,3,12.333333333333334,0,0,6,14,3,11.666666666666666,0,1,1,0,0.5,0.5,1.6666666666666667,2.3333333333333335,1,True,False,True,False,False,True,False,True,False,False,False,False,False,False,True,False,False,False,True,False,False,False,True,False,True,True,False
-0.5540677512436588,0.03690696313447821,0.20868816949623997,0.3604679684868276,8,11,16,10,11.8,0,3,7,7,7,13.285714285714286,0,1,1,0,0.9090909090909091,1.0,1.4545454545454546,1.0,2,True,False,True,False,False,True,False,True,True,False,False,False,False,False,False,False,False,True,False,False,False,True,False,False,True,False,False
-0.5540677512436588,-0.19817587333920963,0.21559407325612354,0.22866283644403682,0,5,8,3,11.0,0,0,5,8,3,11.25,0,1,1,0,0.6,0.6,1.6,1.6,1,True,False,True,False,False,False,False,True,False,False,False,False,False,False,False,False,False,False,False,False,False,False,False,False,True,False,False
1.7296549799693344,0.9393217225012175,0.03604057549914038,-0.6939730878554988,0,8,8,8,13.11,0,0,8,8,8,13.11,0,0,1,0,1.0,1.0,1.0,1.0,2,True,False,False,True,False,False,True,False,False,False,False,False,False,False,True,False,False,False,True,False,False,False,True,False,True,False,False
-0.5540677512436588,-0.19817587333920963,0.20868816949623997,0.4922731005296184,0,8,8,7,14.414285714285716,0,0,8,8,7,14.414285714285716,0,1,1,0,0.875,0.875,1.0,1.0,2,True,False,False,True,False,False,True,False,True,False,False,False,False,False,False,False,False,False,False,False,False,False,True,False,True,False,False
0.9684140695650034,-1.3356734691796368,-0.8271973944863575,0.09685770440124603,0,5,5,0,0.0,0,0,5,10,0,0.0,0,1,1,1,0.0,0.0,1.0,2.0,0,False,False,True,False,False,True,False,False,False,False,False,False,False,False,True,False,False,False,False,False,False,True,False,False,False,False,False
-0.5540677512436588,-0.6531749116753804,-0.012300750820047694,-0.4303628237699172,0,5,8,5,12.333333333333334,0,0,5,7,5,12.2,0,0,1,0,1.0,1.0,1.6,1.4,2,True,False,False,False,False,False,False,False,False,False,False,False,False,False,False,False,False,False,False,False,False,False,True,False,True,False,False
-0.5540677512436588,-0.6531749116753804,-0.7097970305683295,-0.6939730878554988,0,7,9,0,0.0,0,0,7,8,1,10.0,0,0,1,0,0.0,0.14285714285714285,1.2857142857142858,1.1428571428571428,0,True,False,False,True,False,False,False,False,False,False,False,False,False,False,False,False,False,False,False,False,False,False,True,False,True,True,False
3.2521368007779965,0.10515681888490426,0.10509961309798022,-0.6939730878554988,0,7,9,7,14.1,0,0,8,8,8,13.3125,0,0,1,0,1.0,1.0,1.2857142857142858,1.0,2,True,False,False,True,False,False,False,False,False,False,False,False,False,False,False,False,False,False,False,False,False,False,True,False,True,True,False
1.7296549799693344,0.33265633805298966,0.03604057549914038,-0.6939730878554988,0,8,8,8,13.045,0,0,8,8,8,13.045,0,0,1,0,1.0,1.0,1.0,1.0,2,True,False,False,True,False,False,False,False,False,False,False,False,False,False,False,False,False,False,False,False,False,False,True,False,True,False,False
-0.5540677512436588,-0.6531749116753804,-0.6545498004892579,-0.562167955812708,0,8,10,5,12.858,3,0,8,10,5,12.858,3,0,1,0,0.625,0.625,1.25,1.25,1,True,True,False,True,False,False,False,False,False,False,False,False,False,False,False,True,False,False,False,False,False,False,True,False,True,False,False
0.9684140695650034,0.25682316499696123,1.5069980763544295,-0.562167955812708,0,8,8,8,14.2525,0,0,8,8,8,14.2525,0,0,1,0,1.0,1.0,1.0,1.0,2,True,False,False,True,False,False,False,True,False,False,False,False,False,False,True,False,False,False,True,False,False,False,True,False,True,True,False
1.7296549799693344,-0.5015085655633235,-0.4680903989723902,-0.562167955812708,0,7,9,5,14.06,0,0,7,9,7,11.242857142857142,0,0,1,0,0.7142857142857143,1.0,1.2857142857142858,1.2857142857142858,1,True,False,False,True,False,False,False,False,False,False,False,False,False,False,True,False,False,False,False,False,False,False,False,False,True,True,False
1.7296549799693344,0.7118222033331321,0.022228767979372222,-0.6939730878554988,0,8,8,7,15.075714285714286,0,0,8,8,7,15.075714285714286,0,0,1,0,0.875,0.875,1.0,1.0,2,True,False,False,True,False,False,False,False,False,False,False,False,False,False,False,False,False,False,True,False,False,False,True,False,True,False,False
0.2071731591606723,0.6359890302771035,0.6299482988491625,-0.6939730878554988,0,0,0,0,0.0,0,0,0,0,0,0.0,0,0,1,0,0.0,0.0,0.0,0.0,1,True,False,False,False,False,True,False,False,False,False,False,False,False,False,False,False,False,False,False,False,False,False,True,False,True,True,False
0.2071731591606723,-0.2740090463952381,-0.31616051625494235,-0.562167955812708,0,5,5,4,13.75,0,0,6,9,5,12.6,0,0,0,0,0.8,0.8333333333333334,1.0,1.5,1,True,False,False,False,False,False,False,True,False,False,True,False,True,False,True,False,False,False,True,False,False,False,True,False,True,False,False
-1.3153086616479899,-0.19817587333920963,0.20868816949623997,-0.034947427641544786,10,17,28,17,13.15,2,8,12,22,12,13.214285714285714,0,0,1,0,1.0,1.0,1.6470588235294117,1.8333333333333333,2,True,False,False,False,False,True,True,False,True,False,False,False,False,False,True,False,False,False,False,False,False,False,True,False,True,False,False
0.2071731591606723,0.25682316499696123,-0.36450184257413043,-0.2985576917271264,0,6,9,5,12.333333333333334,0,0,6,7,5,11.8,0,0,1,0,0.8333333333333334,0.8333333333333334,1.5,1.1666666666666667,2,True,False,False,False,False,True,False,False,False,False,False,False,False,False,True,False,False,False,False,False,False,False,True,False,True,True,False
0.9684140695650034,0.33265633805298966,-0.29544280497529063,-0.6939730878554988,0,7,8,7,13.778571428571428,0,0,8,10,8,13.122222222222222,0,0,1,0,1.0,1.0,1.1428571428571428,1.25,2,True,False,False,True,False,False,False,False,False,False,False,False,False,False,True,False,False,False,False,False,False,False,True,False,True,True,False
-0.5540677512436588,-0.577341738619352,0.1534409394171673,-0.4303628237699172,0,6,12,3,10.333333333333334,0,0,6,14,1,11.0,0,0,1,1,0.5,0.16666666666666666,2.0,2.3333333333333335,0,True,False,False,False,False,True,False,False,False,False,False,False,False,False,False,False,False,False,False,False,False,False,True,True,False,False,False
-0.5540677512436588,-1.0323407769555228,-1.5177877704747558,-0.034947427641544786,0,6,11,3,11.333333333333334,0,0,6,7,2,11.0,0,0,1,0,0.5,0.3333333333333333,1.8333333333333333,1.1666666666666667,1,True,False,False,False,False,True,False,True,False,False,False,False,False,False,True,False,False,False,True,False,False,False,True,False,True,False,False
-0.5540677512436588,-0.04650952722715268,0.20178226573635638,-0.4303628237699172,0,6,7,5,13.2,0,0,6,6,6,12.666666666666666,0,0,1,0,0.8333333333333334,1.0,1.1666666666666667,1.0,1,True,False,False,False,False,True,False,False,False,False,False,False,False,False,False,False,False,False,False,False,False,False,True,False,True,False,False
-0.5540677512436588,1.4701539338934166,0.6437601063689317,-0.6939730878554988,1,6,8,6,13.571428571428571,1,0,6,11,6,12.375,0,0,1,0,1.0,1.0,1.3333333333333333,1.8333333333333333,2,True,False,False,False,False,True,False,False,False,False,False,False,False,False,True,False,False,False,False,False,False,False,False,False,True,True,False
-0.5540677512436588,-0.577341738619352,-0.8341032982462411,0.7558833646152,8,11,14,11,12.75,0,3,7,7,7,13.428571428571429,0,1,1,0,1.0,1.0,1.2727272727272727,1.0,2,True,False,True,False,False,True,False,False,False,False,False,False,False,False,False,False,False,False,False,False,False,False,False,False,True,False,False
-0.5540677512436588,0.03690696313447821,-1.7249648832712754,0.6240782325724092,0,6,11,3,13.0,0,0,6,15,1,12.0,0,1,1,0,0.5,0.16666666666666666,1.8333333333333333,2.5,0,True,True,False,False,False,True,False,True,False,False,False,False,False,False,True,False,False,False,True,False,False,False,True,False,True,False,False
0.9684140695650034,-0.9565076038994943,-1.082715833602065,-0.562167955812708,0,5,7,3,11.333333333333334,0,0,5,7,4,11.0,0,0,1,0,0.6,0.8,1.4,1.4,1,True,True,False,False,False,False,False,False,False,False,False,False,False,False,False,False,False,False,False,False,False,False,True,False,True,False,False
-0.5540677512436588,1.166821241669303,0.2708413033351962,0.09685770440124603,0,6,12,0,0.0,0,0,6,9,0,0.0,0,1,1,1,0.0,0.0,2.0,1.5,0,True,True,False,False,False,False,False,True,False,False,False,False,False,False,False,False,False,False,False,False,False,False,False,True,False,False,False
-0.5540677512436588,0.03690696313447821,-1.863082958468955,1.2831038927863632,0,0,0,0,0.0,0,0,0,0,0,0.0,0,1,1,1,0.0,0.0,0.0,0.0,0,True,True,False,False,False,True,False,True,False,False,False,False,False,False,False,False,False,False,False,False,False,False,False,True,True,True,False
-0.5540677512436588,-1.3356734691796368,-0.9722213734439208,-0.562167955812708,0,5,7,2,12.5,0,0,5,13,1,11.0,0,0,1,1,0.4,0.2,1.4,2.6,0,True,True,False,False,False,False,False,False,False,False,False,False,False,False,True,False,False,False,False,False,False,False,True,False,False,False,False
-0.5540677512436588,-0.9565076038994943,-0.9860331809636889,-0.562167955812708,0,6,7,6,14.857142857142858,0,0,6,8,6,14.142857142857142,0,0,1,0,1.0,1.0,1.1666666666666667,1.3333333333333333,2,True,True,False,True,False,False,False,False,False,False,False,False,False,False,False,False,False,False,False,True,False,False,False,False,True,False,False
-0.5540677512436588,0.03690696313447821,1.1064556582811578,1.8103244209575264,3,9,13,8,12.0,0,2,7,8,7,11.571428571428571,0,1,1,0,0.8888888888888888,1.0,1.4444444444444444,1.1428571428571428,2,False,True,True,False,False,True,False,True,False,False,False,False,False,False,False,False,False,False,False,False,False,False,False,False,True,False,False
-0.5540677512436588,2.6834847027898725,1.9420700132271194,-0.6939730878554988,0,0,0,0,0.0,0,0,0,0,0,0.0,0,0,1,1,0.0,0.0,0.0,0.0,2,True,True,False,False,False,True,False,False,False,False,False,False,False,False,False,False,False,False,False,False,False,False,True,True,False,True,False
-0.5540677512436588,-0.19817587333920963,0.04294647925902397,0.7558833646152,0,5,5,0,0.0,0,0,5,5,0,0.0,0,1,1,0,0.0,0.0,1.0,1.0,1,False,True,True,False,False,False,False,True,False,False,False,False,False,False,False,False,False,False,False,False,False,False,False,False,True,False,False
-0.5540677512436588,0.03690696313447821,1.3550681936369808,1.8103244209575264,0,7,8,7,12.828571428571427,0,0,8,8,8,12.6875,0,1,1,0,1.0,1.0,1.1428571428571428,1.0,2,False,True,False,True,False,False,False,True,False,False,False,False,False,False,False,False,False,False,False,True,False,False,False,False,True,False,False
-0.5540677512436588,0.33265633805298966,0.9683375830834781,1.6785192889147356,0,7,0,0,0.0,0,0,8,0,0,0.0,0,1,1,0,0.0,0.0,0.0,0.0,0,True,True,False,True,False,False,False,True,False,False,False,False,False,False,False,False,False,False,False,False,False,False,False,False,True,False,False
0.2071731591606723,-0.7290080847314089,-0.4404667839328548,-0.562167955812708,0,6,6,6,13.333333333333334,0,0,6,8,5,14.0,0,0,1,0,1.0,0.8333333333333334,1.0,1.3333333333333333,2,True,True,False,False,False,False,False,False,False,False,False,False,False,False,False,False,False,False,False,False,False,False,True,False,True,False,False
-0.5540677512436588,1.3184875877813598,-1.1724925824805565,1.2831038927863632,6,14,20,14,13.072857142857144,6,6,14,20,14,13.072857142857144,6,1,1,0,1.0,1.0,1.4285714285714286,1.4285714285714286,2,True,True,False,True,False,False,False,True,False,False,False,False,False,False,False,False,False,False,False,True,False,False,True,False,True,True,False
-0.5540677512436588,-0.9565076038994943,-1.2691752351189327,1.414909024829154,2,7,13,5,12.0,0,2,7,7,3,11.0,0,1,1,1,0.7142857142857143,0.42857142857142855,1.8571428571428572,1.0,0,True,True,False,False,True,False,False,True,False,False,False,False,False,False,True,False,False,False,False,False,False,False,False,False,False,False,False
-0.5540677512436588,0.9393217225012175,0.5470774537305555,-0.6939730878554988,0,6,6,6,15.5,0,0,6,6,6,16.0,0,0,0,0,1.0,1.0,1.0,1.0,2,True,False,False,False,False,False,False,False,False,False,True,False,False,False,False,True,False,False,False,False,False,False,True,False,True,False,False
-0.5540677512436588,-0.9565076038994943,-0.48190220649215837,-0.4303628237699172,0,6,6,0,0.0,0,0,6,6,0,0.0,0,0,0,0,0.0,0.0,1.0,1.0,0,True,False,False,False,False,True,True,False,False,True,True,False,False,False,False,True,False,False,True,False,False,False,True,False,True,False,False
-0.5540677512436588,0.7118222033331321,0.9890552943631308,-0.562167955812708,0,6,7,6,14.714285714285714,0,0,6,6,6,15.166666666666666,0,0,1,0,1.0,1.0,1.1666666666666667,1.0,2,True,False,False,False,False,True,False,False,False,False,False,False,False,False,True,False,False,False,False,False,False,False,False,False,True,True,False
0.9684140695650034,1.0909880686132745,0.5954187800497426,-0.4303628237699172,0,6,7,6,16.714285714285715,0,0,6,6,6,15.333333333333334,0,0,1,0,1.0,1.0,1.1666666666666667,1.0,2,True,False,False,True,False,False,False,False,False,False,False,False,False,False,False,False,False,False,False,True,False,False,True,False,True,False,False
-0.5540677512436588,-0.577341738619352,-0.3783136500938986,-0.562167955812708,0,6,9,6,10.857142857142858,0,0,6,7,6,11.666666666666666,0,0,1,0,1.0,1.0,1.5,1.1666666666666667,2,True,False,False,False,False,True,False,False,False,False,False,False,False,False,False,False,False,False,False,False,False,False,True,False,True,True,False
1.7296549799693344,-0.5015085655633235,-0.1366070184979592,-0.562167955812708,0,7,8,6,11.658333333333331,0,0,8,11,6,12.416666666666666,0,0,1,0,0.8571428571428571,0.75,1.1428571428571428,1.375,2,True,False,False,True,False,False,False,False,False,False,False,False,False,False,False,False,False,False,False,False,False,False,True,False,True,False,False
0.2071731591606723,-0.04650952722715268,-0.5440553403311146,-0.16675255968433558,0,6,8,5,11.6,0,0,6,7,6,12.0,0,0,1,0,0.8333333333333334,1.0,1.3333333333333333,1.1666666666666667,2,True,False,False,False,False,True,False,False,False,False,False,False,False,False,False,False,False,False,False,False,False,False,True,False,True,True,True
-0.5540677512436588,-0.8048412577874374,-0.026112558339815857,-0.6939730878554988,0,6,8,6,14.625,0,0,6,9,6,14.142857142857142,0,0,1,0,1.0,1.0,1.3333333333333333,1.5,1,True,False,False,False,False,False,False,False,False,False,False,False,False,False,True,False,False,False,False,False,False,False,True,False,True,False,False
-0.5540677512436588,-0.7290080847314089,-0.7097970305683295,-0.6939730878554988,0,6,6,6,12.166666666666666,0,0,6,8,6,12.666666666666666,0,0,1,0,1.0,1.0,1.0,1.3333333333333333,2,True,False,False,False,False,True,False,False,False,False,False,False,False,False,False,False,False,False,False,False,False,False,False,False,True,True,False
0.9684140695650034,-0.5015085655633235,-0.4749963027322748,-0.562167955812708,0,7,12,4,13.375,0,0,7,8,6,12.116666666666667,0,0,1,0,0.5714285714285714,0.8571428571428571,1.7142857142857142,1.1428571428571428,1,True,False,False,True,False,False,False,False,False,False,False,False,False,False,False,True,False,False,False,False,False,False,True,False,True,False,False
-0.5540677512436588,-0.3498422194512666,-0.1435129222578428,-0.562167955812708,0,6,6,6,12.5,0,0,6,6,6,12.833333333333334,0,0,1,0,1.0,1.0,1.0,1.0,2,True,False,False,False,False,True,False,False,False,False,False,False,False,False,False,False,False,False,False,False,False,False,False,False,True,True,False
-0.5540677512436588,-2.473171065020064,-0.8962564320851973,1.0194936287007816,0,7,8,5,12.56,0,0,7,8,5,12.56,0,1,1,1,0.7142857142857143,0.7142857142857143,1.1428571428571428,1.1428571428571428,0,True,False,False,True,False,False,False,True,False,False,False,False,False,False,False,True,False,False,False,False,False,True,True,True,False,False,False
2.4908958903736655,0.5601558572210751,0.28465311085496336,-0.6939730878554988,0,7,7,7,13.19,0,0,8,8,8,14.23125,0,0,1,0,1.0,1.0,1.0,1.0,2,True,False,False,True,False,False,False,False,False,False,False,False,False,False,True,False,False,False,False,True,False,False,True,False,True,False,False
-0.5540677512436588,0.9393217225012175,0.16034684317705286,-0.562167955812708,0,6,11,3,11.0,0,0,6,9,4,11.25,0,0,1,1,0.5,0.6666666666666666,1.8333333333333333,1.5,2,True,False,False,False,False,True,False,False,False,False,False,False,False,False,False,False,False,False,False,False,False,False,False,True,True,True,False
-0.5540677512436588,0.7876553763891605,0.18797045821658723,-0.6939730878554988,0,0,0,0,0.0,0,0,0,0,0,0.0,0,0,0,0,0.0,0.0,0.0,0.0,2,True,False,False,False,False,True,False,False,False,False,True,False,False,False,False,True,False,False,False,False,False,False,True,False,True,False,False
-0.5540677512436588,-0.04650952722715268,-0.4266549764130867,-0.562167955812708,0,6,11,5,11.6,0,0,6,10,6,11.714285714285714,0,0,1,0,0.8333333333333334,1.0,1.8333333333333333,1.6666666666666667,2,True,False,False,False,False,True,False,False,False,False,False,False,False,False,False,False,False,False,True,False,False,False,False,False,True,True,False
-0.5540677512436588,-0.19817587333920963,0.5539833574904391,-0.562167955812708,0,7,7,6,14.266666666666666,0,0,7,7,6,14.266666666666666,0,0,1,0,0.8571428571428571,0.8571428571428571,1.0,1.0,2,True,False,False,True,False,False,False,False,False,False,False,False,False,False,False,False,False,False,False,False,False,False,False,False,True,False,False
-0.5540677512436588,-0.2740090463952381,-0.6338320892096062,-0.562167955812708,0,5,6,4,11.0,0,0,5,9,4,13.857142857142858,0,0,1,0,0.8,0.8,1.2,1.8,1,True,False,False,False,False,False,False,False,False,False,False,False,False,False,False,False,False,False,False,False,False,False,False,False,True,True,False
-0.5540677512436588,-0.6228416424529686,0.20868816949623997,0.8876884966579909,8,10,11,9,12.666666666666666,0,3,7,7,7,12.428571428571429,1,1,1,0,0.9,1.0,1.1,1.0,2,False,False,True,False,False,True,True,False,True,False,False,False,False,False,False,False,True,False,False,False,True,False,False,False,True,False,False
-0.5540677512436588,-0.425675392507295,-0.6476438967293743,-0.6939730878554988,0,6,6,0,0.0,0,0,6,10,3,11.0,0,0,1,0,0.0,0.5,1.0,1.6666666666666667,1,True,False,False,False,False,True,False,True,False,False,False,False,False,False,True,False,False,False,True,False,False,False,True,False,True,False,False
3.2521368007779965,0.8634885494451889,0.2639353995753126,-0.6939730878554988,0,8,11,7,12.771428571428572,0,0,8,11,7,12.771428571428572,0,0,1,0,0.875,0.875,1.375,1.375,2,True,False,False,True,False,False,False,False,False,False,False,False,False,False,False,True,False,False,False,False,False,False,True,False,True,False,False
2.4908958903736655,-0.8806744308434659,-1.0412804110427605,-0.2985576917271264,0,5,12,0,0.0,3,0,5,5,0,0.0,0,0,0,0,0.0,0.0,2.4,1.0,0,True,False,False,True,False,False,False,False,False,False,True,False,True,False,False,True,False,False,False,True,False,False,True,False,True,False,False
-0.5540677512436588,1.3184875877813598,1.3067268673177936,-0.562167955812708,3,6,6,6,15.5,0,2,6,7,6,13.571428571428571,0,0,1,0,1.0,1.0,1.0,1.1666666666666667,2,True,False,False,False,False,True,True,False,False,False,False,False,False,False,True,False,False,False,False,False,False,False,False,False,True,True,False
-0.5540677512436588,-1.3356734691796368,-1.2346457163195128,-0.562167955812708,0,6,7,6,13.285714285714286,0,0,6,9,5,14.6,0,0,1,0,1.0,0.8333333333333334,1.1666666666666667,1.5,1,True,False,False,False,False,False,False,False,False,False,False,False,False,False,True,False,False,False,True,False,False,False,True,False,True,True,False
2.4908958903736655,-0.577341738619352,-0.4611844952125066,-0.562167955812708,0,7,11,5,11.716666666666669,0,0,7,8,5,13.7,0,0,0,0,0.7142857142857143,0.7142857142857143,1.5714285714285714,1.1428571428571428,1,True,False,False,True,False,False,False,False,False,False,True,False,False,False,True,False,False,False,False,False,False,False,True,False,True,False,False
-0.5540677512436588,-1.1840071230675797,-0.9307859508846172,-0.562167955812708,0,6,8,6,11.333333333333334,0,0,6,12,4,13.75,0,0,1,0,1.0,0.6666666666666666,1.3333333333333333,2.0,0,True,False,False,False,False,True,False,False,False,False,False,False,False,False,True,False,False,False,True,False,False,False,True,False,True,False,False
0.2071731591606723,-0.8806744308434659,0.5816069725299754,-0.562167955812708,0,6,6,6,13.333333333333334,0,0,6,10,5,13.4,0,0,1,0,1.0,0.8333333333333334,1.0,1.6666666666666667,2,True,False,False,False,False,False,False,False,False,False,False,False,False,False,True,False,False,False,False,False,False,False,True,False,True,True,False
-0.5540677512436588,0.5601558572210751,0.22249997701600713,2.073934685043108,0,5,13,4,12.333333333333334,0,0,5,14,2,10.0,4,1,1,0,0.8,0.4,2.6,2.8,2,False,False,True,False,False,False,False,True,False,False,False,False,False,False,False,False,False,False,False,False,False,False,False,False,True,True,False
0.2071731591606723,-0.2740090463952381,0.6506660101288153,-0.6939730878554988,0,6,6,6,12.333333333333334,0,0,6,6,6,12.833333333333334,0,0,0,0,1.0,1.0,1.0,1.0,1,True,False,False,False,False,True,False,False,False,False,True,False,True,False,False,True,False,False,False,True,False,False,True,False,True,False,False
-0.5540677512436588,-0.19817587333920963,-0.005394847060163122,-0.4303628237699172,0,0,0,0,0.0,0,0,0,0,0,0.0,0,0,0,0,0.0,0.0,0.0,0.0,0,True,False,False,False,False,True,False,False,False,False,True,False,False,False,False,False,False,False,False,False,False,False,True,False,True,False,False
2.4908958903736655,-0.12234270028318116,-0.4957140140119265,-0.562167955812708,0,5,8,5,12.6,0,0,5,9,4,11.6,0,0,1,0,1.0,0.8,1.6,1.8,2,True,False,False,False,False,False,False,False,False,False,False,False,False,False,False,True,False,False,False,False,False,False,True,False,True,False,False
0.9684140695650034,0.33265633805298966,-0.1780424410572627,-0.6939730878554988,0,5,5,5,12.6,0,0,5,5,4,11.0,0,0,1,0,1.0,0.8,1.0,1.0,1,True,False,False,False,False,False,False,False,False,False,False,False,False,False,True,False,False,False,False,False,False,False,True,False,True,False,False
-0.5540677512436588,1.3184875877813598,-0.48190220649215837,1.414909024829154,1,6,10,6,14.333333333333334,0,0,6,9,6,12.833333333333334,0,1,0,1,1.0,1.0,1.6666666666666667,1.5,1,False,False,False,False,False,True,False,True,False,False,True,False,True,False,False,True,False,False,False,True,False,False,False,True,False,False,False
0.2071731591606723,-1.1840071230675797,-1.0481863148026451,-0.16675255968433558,0,5,8,3,12.0,0,0,5,9,2,11.0,1,0,1,0,0.6,0.4,1.6,1.8,1,True,False,False,False,False,False,False,False,False,False,False,False,False,False,False,False,False,False,False,False,False,False,False,False,True,False,False
-0.5540677512436588,0.03690696313447821,0.20868816949623997,0.09685770440124603,0,6,7,6,14.857142857142858,0,0,6,10,5,13.6,0,1,1,0,1.0,0.8333333333333334,1.1666666666666667,1.6666666666666667,2,True,False,False,True,False,False,False,True,False,False,False,False,False,False,False,False,False,False,False,False,False,False,True,False,True,False,False
-0.5540677512436588,-0.19817587333920963,0.7611604702869585,1.414909024829154,12,15,17,12,11.916666666666666,0,11,13,13,11,13.181818181818182,0,1,1,0,0.8,0.8461538461538461,1.1333333333333333,1.0,2,False,False,False,False,False,False,False,True,False,False,False,False,False,False,False,False,False,False,False,False,False,False,False,False,True,False,False
-0.5540677512436588,-1.714839334459779,-0.8548210095258938,2.9965706093426436,0,5,5,0,0.0,0,0,5,5,0,0.0,0,1,1,0,0.0,0.0,1.0,1.0,0,False,False,True,False,False,False,False,True,False,False,False,False,False,False,False,False,True,False,False,False,True,False,True,False,True,False,False
0.2071731591606723,0.5601558572210751,-1.3106106576782364,3.5237911375138067,0,5,12,3,13.333333333333334,1,0,5,8,5,12.2,0,1,1,0,0.6,1.0,2.4,1.6,1,False,False,False,False,False,False,False,True,False,False,False,False,False,False,False,False,False,False,False,False,False,False,False,False,True,False,False
-0.5540677512436588,0.5601558572210751,0.8992785454846383,1.8103244209575264,0,5,5,0,0.0,0,0,5,5,0,0.0,0,1,1,1,0.0,0.0,1.0,1.0,0,True,False,True,False,False,False,False,True,False,False,False,False,False,False,False,False,False,False,True,False,False,False,False,False,False,False,False
0.2071731591606723,1.166821241669303,0.5332656462107864,-0.6939730878554988,0,6,6,6,17.0,0,0,6,6,6,15.5,0,0,1,0,1.0,1.0,1.0,1.0,2,True,False,False,True,False,False,False,False,False,False,False,False,False,False,True,False,False,False,False,False,False,False,True,False,True,False,False
-0.5540677512436588,-0.19817587333920963,-1.1724925824805565,0.22866283644403682,0,6,13,3,11.666666666666666,0,0,6,14,2,11.333333333333334,0,1,1,0,0.5,0.3333333333333333,2.1666666666666665,2.3333333333333335,1,True,False,False,True,False,False,False,True,False,False,False,False,False,False,False,False,False,False,False,False,False,False,False,False,True,True,False
-0.5540677512436588,0.5601558572210751,-1.531599577994524,2.9965706093426436,14,19,24,19,12.210526315789474,0,11,13,13,13,11.384615384615383,0,1,1,0,1.0,1.0,1.263157894736842,1.0,2,False,False,False,False,False,True,False,True,False,False,False,False,False,False,False,False,False,False,False,False,False,False,False,False,True,False,False
-0.5540677512436588,2.0768193183416446,-0.03301846209969945,0.8876884966579909,1,6,8,6,13.0,1,0,6,9,5,12.857142857142858,0,1,0,0,1.0,0.8333333333333334,1.3333333333333333,1.5,2,False,False,False,False,False,True,False,True,False,False,True,False,False,False,False,True,False,False,True,False,False,False,False,False,True,True,False
-0.5540677512436588,-0.19817587333920963,-0.6131143779299544,1.8103244209575264,0,5,0,0,0.0,0,0,5,0,0,0.0,0,1,1,1,0.0,0.0,0.0,0.0,0,False,False,True,False,False,False,False,False,False,False,False,False,False,False,False,False,False,False,False,False,False,False,False,True,False,False,False
-0.5540677512436588,-0.9565076038994943,-0.48880811025204196,3.5237911375138067,0,5,9,2,10.5,0,0,5,7,3,11.0,0,1,1,0,0.4,0.6,1.8,1.4,1,False,False,True,False,False,False,False,True,False,False,False,False,False,False,False,False,False,False,False,False,False,False,False,False,True,False,False
-0.5540677512436588,2.0768193183416446,2.280459297461435,-0.4303628237699172,0,6,7,6,13.571428571428571,0,0,6,9,6,12.714285714285714,0,0,1,0,1.0,1.0,1.1666666666666667,1.5,2,True,False,False,False,False,True,True,False,False,True,False,False,False,False,False,False,False,False,False,False,False,False,True,False,True,False,False
0.2071731591606723,0.03690696313447821,-1.828553439669535,2.073934685043108,0,3,7,1,14.0,0,0,2,4,0,0.0,0,1,1,0,0.3333333333333333,0.0,2.3333333333333335,2.0,0,False,False,False,True,False,False,False,True,False,True,False,False,False,False,False,False,False,True,False,False,False,True,False,False,True,False,False
-0.5540677512436588,0.03690696313447821,-1.1724925824805565,3.9192065336421793,0,5,5,0,0.0,0,0,4,5,0,0.0,0,1,1,1,0.0,0.0,1.0,1.25,0,False,False,False,False,False,True,False,True,False,False,False,False,False,False,False,False,False,False,False,False,False,False,False,False,False,False,False
-0.5540677512436588,-2.473171065020064,-1.863082958468955,4.05101166568497,13,15,20,13,12.461538461538462,1,10,13,13,10,11.1,1,1,1,0,0.8666666666666667,0.7692307692307693,1.3333333333333333,1.0,0,False,False,False,False,False,False,False,True,False,False,False,False,False,False,False,False,False,False,False,False,False,False,True,False,True,False,False
-0.5540677512436588,0.5601558572210751,0.8992785454846383,-0.562167955812708,0,6,8,4,14.4,0,0,6,6,5,13.0,0,0,0,0,0.6666666666666666,0.8333333333333334,1.3333333333333333,1.0,2,True,False,False,True,False,False,True,False,False,True,True,False,True,False,True,False,False,False,False,True,False,False,True,False,True,False,False
0.2071731591606723,-1.7906725075158074,-1.2415516200793966,-0.4303628237699172,0,6,6,0,0.0,0,0,6,0,0,0.0,0,0,1,1,0.0,0.0,1.0,0.0,0,True,False,False,False,False,True,False,False,False,False,False,False,False,False,True,False,False,False,True,False,False,False,True,False,False,False,False
0.9684140695650034,-0.19817587333920963,-0.4197490726532021,-0.6939730878554988,0,6,6,6,14.333333333333334,0,0,6,6,6,14.166666666666666,0,0,1,1,1.0,1.0,1.0,1.0,2,True,False,False,False,False,True,False,False,False,False,False,False,False,False,True,False,False,False,True,False,False,False,True,True,True,False,False
-0.5540677512436588,-0.19817587333920963,-0.08135978841888752,-0.2985576917271264,7,13,21,11,11.909090909090908,0,5,11,14,11,10.727272727272728,0,0,1,1,0.8461538461538461,1.0,1.6153846153846154,1.2727272727272727,2,True,False,False,False,False,True,True,False,False,True,False,False,False,False,True,False,False,False,True,False,False,False,False,True,True,False,False
0.9684140695650034,2.3801520105657583,2.363330142580042,-0.6939730878554988,1,6,8,6,13.714285714285714,1,0,6,8,6,14.375,0,0,1,0,1.0,1.0,1.3333333333333333,1.3333333333333333,2,True,False,False,False,False,True,False,False,False,False,False,False,False,False,True,False,False,False,False,True,False,False,True,False,True,False,False
-0.5540677512436588,-0.577341738619352,-0.34378413129447866,-0.562167955812708,0,7,0,0,0.0,0,0,8,0,0,0.0,0,0,1,1,0.0,0.0,0.0,0.0,0,True,False,False,True,False,False,False,False,False,False,False,False,False,False,False,False,False,False,False,False,False,False,True,True,True,False,False
-0.5540677512436588,0.33265633805298966,0.06366419053867671,-0.6939730878554988,0,7,10,5,13.46,0,0,7,8,7,12.2375,0,0,1,0,0.7142857142857143,1.0,1.4285714285714286,1.1428571428571428,0,True,False,False,True,False,False,False,False,False,False,False,False,False,False,False,False,False,False,False,False,False,False,True,False,True,True,False
-0.5540677512436588,0.02932364582887579,0.6092305875695118,-0.562167955812708,0,6,6,6,15.0,0,0,6,6,6,13.333333333333334,0,0,0,0,1.0,1.0,1.0,1.0,2,True,False,False,False,False,True,False,False,False,False,False,False,True,False,False,True,False,False,False,True,False,False,True,False,True,False,False
-0.5540677512436588,2.30431883750973,1.5691512101933838,-0.6939730878554988,0,0,0,0,0.0,0,0,0,0,0,0.0,0,0,1,0,0.0,0.0,0.0,0.0,0,True,False,False,False,False,True,False,False,False,False,False,False,False,False,True,False,False,False,False,True,False,False,True,False,True,True,False
0.2071731591606723,2.0768193183416446,0.7128191439677715,-0.562167955812708,0,6,7,5,13.4,0,0,6,6,5,12.8,0,0,0,0,0.8333333333333334,0.8333333333333334,1.1666666666666667,1.0,2,True,False,False,False,False,False,False,False,False,False,True,False,False,False,True,False,False,False,True,False,False,False,True,False,True,False,False
-0.5540677512436588,0.03690696313447821,-1.448728732875916,3.2601808734282254,0,6,9,5,13.0,0,0,6,10,4,12.5,0,1,1,0,0.8333333333333334,0.6666666666666666,1.5,1.6666666666666667,1,False,False,True,False,False,True,False,True,False,True,False,False,False,False,False,False,True,False,False,False,True,False,True,False,True,False,False
-0.5540677512436588,-0.9565076038994943,-1.1724925824805565,1.414909024829154,0,6,13,4,11.25,0,0,6,8,4,13.75,0,1,1,1,0.6666666666666666,0.6666666666666666,2.1666666666666665,1.3333333333333333,2,False,False,False,False,False,True,False,True,False,False,False,False,False,False,False,False,False,False,False,False,False,False,False,True,True,False,False
-0.5540677512436588,0.5601558572210751,1.3412563861172135,-0.6939730878554988,0,5,5,5,12.6,0,0,5,7,5,11.6,0,0,0,0,1.0,1.0,1.0,1.4,2,True,False,False,True,False,False,False,False,False,False,True,False,True,False,False,True,False,False,False,True,False,False,False,False,True,False,False
-0.5540677512436588,0.5601558572210751,-0.4128431688933185,3.5237911375138067,0,6,8,6,12.666666666666666,0,0,6,6,6,11.833333333333334,0,1,1,0,1.0,1.0,1.3333333333333333,1.0,2,False,False,True,False,False,True,False,True,False,False,False,False,False,False,False,False,False,False,False,False,False,False,False,False,True,False,False
-0.5540677512436588,0.5601558572210751,-0.12279521097819103,2.3375449491286897,20,21,23,21,12.333333333333334,0,19,19,19,19,12.105263157894736,0,1,1,1,1.0,1.0,1.0952380952380953,1.0,2,True,False,False,False,False,True,False,True,False,False,False,False,False,False,False,False,False,False,False,False,False,False,False,True,True,False,False
0.2071731591606723,-1.3356734691796368,-0.5095258215316947,-0.16675255968433558,0,6,11,5,12.0,0,0,6,11,5,11.0,0,0,1,0,0.8333333333333334,0.8333333333333334,1.8333333333333333,1.8333333333333333,0,True,False,False,False,False,True,False,False,False,False,False,False,False,False,True,False,False,False,True,False,False,False,True,False,True,True,False
-0.5540677512436588,0.5601558572210751,1.0926438507613905,2.6011552132142715,0,5,5,5,16.4,0,0,5,5,5,16.6,0,1,1,0,1.0,1.0,1.0,1.0,2,False,False,False,False,False,False,False,True,False,False,False,False,False,False,False,False,False,False,False,False,False,False,False,False,True,False,False
-0.5540677512436588,0.03690696313447821,-0.24019557489621893,3.5237911375138067,0,1,1,0,0.0,1,0,6,0,0,0.0,0,1,0,0,0.0,0.0,1.0,0.0,0,False,False,True,False,False,True,False,True,False,False,True,False,False,False,False,False,False,True,False,False,False,True,False,False,True,False,False
-0.5540677512436588,0.03690696313447821,-1.863082958468955,4.8418424579417145,0,6,10,6,12.75,0,0,6,6,4,14.75,0,1,1,0,1.0,0.6666666666666666,1.6666666666666667,1.0,2,True,False,False,False,False,True,False,True,False,False,False,False,False,False,False,False,False,False,False,False,False,False,False,False,True,False,False
-0.5540677512436588,-1.714839334459779,0.8992785454846383,2.3375449491286897,0,5,14,4,14.5,1,0,5,12,5,13.0,0,1,1,0,0.8,1.0,2.8,2.4,1,False,False,False,False,False,False,False,True,False,False,False,False,False,False,False,False,False,False,False,False,False,False,False,False,True,False,False
-0.5540677512436588,0.03690696313447821,1.6105866327526892,3.1283757413854345,0,5,5,5,14.8,0,0,5,5,5,14.4,0,1,1,0,1.0,1.0,1.0,1.0,2,False,False,True,False,False,False,False,True,False,False,False,False,False,False,False,False,False,False,False,False,False,False,False,False,True,False,False
-0.5540677512436588,-1.2598402961236081,0.08438190181832748,-0.16675255968433558,12,17,22,17,10.36842105263158,0,14,17,18,17,11.5,0,0,0,0,1.0,1.0,1.2941176470588236,1.0588235294117647,2,True,False,False,False,False,True,False,False,True,False,True,False,True,False,False,True,False,False,False,True,False,False,False,False,True,False,False
-0.5540677512436588,-1.714839334459779,-0.8755387208055456,2.3375449491286897,0,7,0,0,0.0,0,0,8,0,0,0.0,0,1,1,0,0.0,0.0,0.0,0.0,0,False,False,False,True,False,False,False,True,False,False,False,False,False,False,False,False,False,False,False,False,False,False,False,False,True,False,False
-0.5540677512436588,0.5601558572210751,-0.6683616080090261,0.6240782325724092,6,10,15,6,10.666666666666666,0,5,10,17,9,11.333333333333334,1,1,1,0,0.6,0.9,1.5,1.7,1,False,False,True,False,False,False,False,True,False,False,False,False,False,False,True,False,False,False,False,False,False,False,False,False,True,False,False
-0.5540677512436588,-0.9565076038994943,-0.48190220649215837,1.1512987607435725,9,15,21,13,12.692307692307692,0,12,15,22,13,12.384615384615383,0,1,1,0,0.8666666666666667,0.8666666666666667,1.4,1.4666666666666666,2,False,False,False,False,False,False,False,True,True,False,False,False,False,False,True,False,False,False,False,False,False,False,False,False,True,False,False
-0.5540677512436588,0.03690696313447821,-1.1241512561613685,3.5237911375138067,0,5,0,0,0.0,0,0,5,0,0,0.0,0,1,1,0,0.0,0.0,0.0,0.0,0,False,False,True,False,False,False,False,True,False,True,False,False,False,False,False,False,False,True,False,False,False,True,True,False,True,False,False
-0.5540677512436588,2.0768193183416446,-0.620020281689838,3.9192065336421793,14,15,15,15,11.8,0,12,13,13,12,11.666666666666666,1,1,1,0,1.0,0.9230769230769231,1.0,1.0,1,True,False,False,False,False,False,False,True,False,False,False,False,False,False,False,False,False,False,False,False,False,False,False,False,True,False,False
-0.5540677512436588,0.03690696313447821,2.9158024433707603,4.05101166568497,0,7,7,0,0.0,0,0,5,10,0,0.0,0,1,0,1,0.0,0.0,1.0,2.0,0,True,False,False,True,False,False,False,True,False,False,True,False,True,False,True,False,False,False,True,False,False,False,False,True,False,False,True
-0.5540677512436588,-0.9565076038994943,-1.3934815027968444,3.3919860054710163,0,6,9,5,12.333333333333334,0,0,6,12,4,11.5,0,1,1,0,0.8333333333333334,0.6666666666666666,1.5,2.0,1,True,False,True,False,False,True,False,True,False,False,False,False,False,False,False,False,False,False,False,False,False,False,False,False,True,False,False
-0.5540677512436588,0.03690696313447821,-1.863082958468955,1.414909024829154,6,12,18,11,13.0,0,4,13,22,8,11.875,0,1,1,0,0.9166666666666666,0.6153846153846154,1.5,1.6923076923076923,0,False,False,False,False,False,True,False,True,False,False,False,False,False,False,True,False,False,False,False,False,False,False,False,False,True,False,False
-0.5540677512436588,0.03690696313447821,1.2100442146794175,2.8647654772998528,0,6,13,4,12.5,0,0,6,8,3,11.666666666666666,0,1,1,0,0.6666666666666666,0.5,2.1666666666666665,1.3333333333333333,0,False,False,True,False,False,True,False,True,False,False,False,False,False,False,True,False,False,False,False,False,False,False,False,False,True,False,False
-0.5540677512436588,0.03690696313447821,0.5194538386910192,3.1283757413854345,0,6,8,5,12.2,0,0,6,10,4,11.25,0,1,1,0,0.8333333333333334,0.6666666666666666,1.3333333333333333,1.6666666666666667,2,False,False,True,False,False,True,False,True,False,False,False,False,False,False,False,False,False,False,False,False,False,False,False,False,True,True,False
-0.5540677512436588,-0.8048412577874374,-0.8755387208055456,-0.16675255968433558,5,10,15,8,11.0,0,2,7,16,5,11.2,0,0,1,0,0.8,0.7142857142857143,1.5,2.2857142857142856,1,True,False,False,False,False,True,False,True,False,False,False,False,False,False,True,False,False,False,True,False,False,False,True,False,True,False,False
-0.5540677512436588,0.03690696313447821,-0.9376918546445008,1.2831038927863632,0,5,14,1,10.0,0,0,5,13,2,12.0,0,1,1,0,0.2,0.4,2.8,2.6,0,False,False,True,False,False,False,False,True,False,False,False,False,False,False,False,False,False,False,False,False,False,False,False,False,True,False,False
-0.5540677512436588,0.5601558572210751,0.0705700942985603,2.6011552132142715,0,6,7,6,12.333333333333334,0,0,6,8,6,11.5,0,1,1,0,1.0,1.0,1.1666666666666667,1.3333333333333333,2,False,False,True,False,False,True,False,True,False,False,False,False,False,False,False,False,False,False,False,False,False,False,False,False,True,True,False
-0.5540677512436588,-0.9565076038994943,-0.48190220649215837,4.05101166568497,9,13,13,13,14.307692307692308,0,5,12,15,12,15.23076923076923,0,1,1,0,1.0,1.0,1.0,1.25,2,True,False,False,False,False,True,True,False,True,False,False,False,False,False,False,False,False,False,False,False,False,False,False,False,True,False,False
-0.5540677512436588,-0.19817587333920963,1.417221327475937,2.073934685043108,7,11,13,11,14.454545454545457,0,6,8,8,8,13.5,0,1,1,0,1.0,1.0,1.1818181818181819,1.0,2,True,False,True,False,False,True,False,True,True,False,False,False,False,False,True,False,False,False,False,False,False,False,False,False,True,False,False
-0.5540677512436588,-0.9565076038994943,-0.4335608801729703,2.073934685043108,0,5,6,5,11.0,0,0,5,5,5,13.2,0,1,1,0,1.0,1.0,1.2,1.0,2,False,False,True,False,False,False,False,True,False,False,False,False,False,False,False,False,False,False,False,False,False,False,False,False,True,False,False
-0.5540677512436588,1.5459871069494453,1.8453873605887432,-0.6939730878554988,0,6,8,6,13.142857142857142,0,0,6,6,6,12.833333333333334,0,0,1,0,1.0,1.0,1.3333333333333333,1.0,2,True,False,False,False,False,True,False,False,False,False,False,False,False,False,False,False,False,False,False,False,False,False,False,False,True,True,False
-0.5540677512436588,-0.12234270028318116,-0.35069003505436225,-0.562167955812708,0,6,8,6,13.75,0,0,6,7,6,11.857142857142858,0,0,1,0,1.0,1.0,1.3333333333333333,1.1666666666666667,2,True,False,False,False,False,True,False,False,False,False,False,False,False,False,False,False,False,False,False,False,False,False,False,False,True,True,False
1.7296549799693344,-0.5015085655633235,-0.5233376290514619,-0.6939730878554988,0,6,6,6,14.0,0,0,6,9,5,13.8,0,0,1,0,1.0,0.8333333333333334,1.0,1.5,2,True,False,False,False,False,False,False,False,False,False,False,False,False,False,False,False,False,False,False,False,False,False,True,False,True,True,False
-0.5540677512436588,-1.714839334459779,2.128529414743988,2.732960345257062,5,8,13,8,13.75,0,2,6,9,6,12.5,0,1,1,0,1.0,1.0,1.625,1.5,2,False,False,True,False,False,True,False,True,False,True,False,False,False,False,False,False,True,False,False,False,True,False,False,False,True,False,False
-0.5540677512436588,1.3184875877813598,1.8661050718683958,0.4922731005296184,0,5,5,0,0.0,0,0,5,6,0,0.0,0,1,0,0,0.0,0.0,1.0,1.2,0,True,False,True,False,False,False,False,True,False,False,True,False,False,False,False,True,False,False,False,False,False,False,False,False,True,False,False
0.2071731591606723,-0.12234270028318116,0.6161364913293953,-0.6939730878554988,0,6,6,6,13.166666666666666,0,0,6,8,6,12.428571428571429,0,0,1,0,1.0,1.0,1.0,1.3333333333333333,2,True,False,False,False,False,False,False,False,False,False,False,False,False,False,True,False,False,False,False,False,False,False,True,False,True,True,False
-0.5540677512436588,-0.19817587333920963,0.20868816949623997,2.8647654772998528,10,12,12,9,12.444444444444445,3,4,7,8,6,12.0,0,1,1,0,0.75,0.8571428571428571,1.0,1.1428571428571428,0,False,False,True,False,False,True,False,True,False,False,False,False,False,False,False,False,True,False,False,False,True,False,False,False,True,False,False
1.7296549799693344,-0.8048412577874374,-0.5578671478508818,-0.4303628237699172,0,6,7,6,12.666666666666666,0,0,6,7,5,13.0,0,0,1,0,1.0,0.8333333333333334,1.1666666666666667,1.1666666666666667,2,True,False,False,False,False,True,False,False,False,False,False,False,False,False,False,False,False,False,False,False,False,False,True,False,True,False,False
-0.5540677512436588,1.3943207608373882,1.7556106117102526,2.205739817085899,0,6,7,6,11.333333333333334,0,0,6,7,6,10.5,0,1,1,0,1.0,1.0,1.1666666666666667,1.1666666666666667,2,False,False,True,False,False,True,False,False,False,False,False,False,False,False,False,False,False,False,False,False,False,False,False,False,True,False,False
-0.5540677512436588,-0.9565076038994943,1.4379390387555897,2.205739817085899,0,5,9,4,11.25,0,0,5,6,5,12.0,0,1,1,0,0.8,1.0,1.8,1.2,1,True,False,True,False,False,False,False,True,False,False,False,False,False,False,False,False,False,False,False,False,False,False,False,False,True,False,False
-0.5540677512436588,0.25682316499696123,-1.863082958468955,-0.6939730878554988,0,7,8,7,13.6125,0,0,8,8,8,14.575,0,0,0,0,1.0,1.0,1.1428571428571428,1.0,2,True,False,False,True,False,False,False,True,False,False,True,False,True,False,False,True,False,False,False,True,False,False,False,False,True,False,False
3.2521368007779965,0.5601558572210751,0.13962913189740012,-0.2985576917271264,0,8,8,7,12.414285714285716,0,0,8,8,7,12.414285714285716,0,0,0,0,0.875,0.875,1.0,1.0,2,True,False,False,True,False,False,False,False,False,False,True,False,False,False,False,True,False,False,False,False,False,False,True,False,True,False,False
0.2071731591606723,-0.12234270028318116,1.513903980114313,-0.4303628237699172,0,0,0,0,0.0,0,0,0,0,0,0.0,0,0,0,0,0.0,0.0,0.0,0.0,2,True,False,False,False,False,True,False,False,False,False,True,False,False,False,False,True,False,False,False,True,False,False,True,False,True,False,False
-0.5540677512436588,-0.9565076038994943,-0.48190220649215837,1.6785192889147356,8,12,21,11,11.5,0,7,12,22,12,11.4375,0,1,1,0,0.9166666666666666,1.0,1.75,1.8333333333333333,1,False,False,True,False,False,False,False,True,True,False,False,False,False,False,False,False,False,False,False,False,False,False,False,False,True,False,False
-0.5540677512436588,2.8351510489019294,2.971049673449833,0.4922731005296184,0,5,5,0,0.0,0,0,6,0,0,0.0,0,1,1,0,0.0,0.0,1.0,0.0,0,False,False,True,False,False,True,True,False,True,False,False,False,False,False,True,False,False,False,True,False,False,False,False,False,True,False,False
-0.5540677512436588,-2.473171065020064,0.20868816949623997,1.1512987607435725,0,7,10,7,11.0,0,0,8,8,8,13.125,0,1,1,0,1.0,1.0,1.4285714285714286,1.0,2,False,False,False,True,False,False,False,True,False,False,False,False,False,False,False,False,False,False,False,False,False,False,False,False,True,False,True
-0.5540677512436588,-1.2598402961236081,-0.53714943657123,-0.6939730878554988,0,6,6,6,14.0,0,0,6,6,6,13.5,0,0,1,0,1.0,1.0,1.0,1.0,2,True,False,False,False,False,True,False,False,False,False,False,False,False,False,False,True,False,False,False,True,False,False,True,False,True,True,False
-0.5540677512436588,0.03690696313447821,0.13962913189740012,1.8103244209575264,0,6,13,4,12.0,0,0,6,10,3,12.0,0,1,1,0,0.6666666666666666,0.5,2.1666666666666665,1.6666666666666667,0,True,False,True,False,False,True,False,True,False,False,False,False,False,False,False,False,False,False,False,False,False,False,False,False,True,False,False
-0.5540677512436588,0.25682316499696123,0.38133576349333953,-0.562167955812708,0,6,7,6,12.5,0,0,6,7,6,12.5,0,0,0,0,1.0,1.0,1.1666666666666667,1.1666666666666667,2,True,False,False,False,False,True,False,False,False,False,True,False,False,False,False,True,False,False,False,True,False,False,True,False,True,False,False
0.2071731591606723,2.0768193183416446,-0.8271973944863575,2.3375449491286897,0,6,8,6,11.333333333333334,0,0,6,9,6,11.333333333333334,0,1,1,0,1.0,1.0,1.3333333333333333,1.5,2,False,False,True,False,False,True,False,True,False,False,False,False,False,False,False,False,False,False,True,False,False,False,False,False,True,True,False
1.7296549799693344,0.5601558572210751,0.0705700942985603,-0.6939730878554988,0,7,7,6,14.066666666666668,0,0,7,7,6,14.066666666666668,0,0,1,0,0.8571428571428571,0.8571428571428571,1.0,1.0,2,False,False,False,True,False,False,False,False,False,False,False,False,False,False,True,False,False,False,False,False,False,False,False,False,True,True,False
-0.5540677512436588,-0.19817587333920963,-0.1297011147380756,-0.2985576917271264,2,9,14,8,13.555555555555555,0,2,7,10,7,13.571428571428571,0,0,1,0,0.8888888888888888,1.0,1.5555555555555556,1.4285714285714286,2,True,False,False,True,False,False,False,True,False,False,False,False,False,False,False,False,False,True,False,False,False,True,False,False,True,False,False
-0.5540677512436588,0.5601558572210751,0.8992785454846383,-0.034947427641544786,0,6,13,5,11.6,0,0,6,11,4,12.25,0,0,1,1,0.8333333333333334,0.6666666666666666,2.1666666666666665,1.8333333333333333,0,True,False,False,False,False,True,True,False,False,False,False,False,False,False,False,True,False,False,False,False,False,False,True,True,False,False,False
0.2071731591606723,-0.7290080847314089,-0.4197490726532021,-0.6939730878554988,0,6,0,0,0.0,0,0,6,0,0,0.0,0,0,1,0,0.0,0.0,0.0,0.0,0,True,False,False,False,False,True,False,False,False,False,False,False,False,False,False,True,False,False,False,True,False,False,True,False,True,False,False
3.2521368007779965,0.7876553763891605,0.5747010687700919,-0.6939730878554988,0,8,8,8,13.27625,0,0,8,8,8,13.27625,0,0,1,0,1.0,1.0,1.0,1.0,2,True,False,False,True,False,False,False,False,False,False,False,False,False,False,True,False,False,False,True,False,False,False,True,False,True,False,False
1.7296549799693344,0.03690696313447821,-0.12279521097819103,-0.2985576917271264,0,6,0,0,0.0,0,0,6,0,0,0.0,0,0,1,0,0.0,0.0,0.0,0.0,0,True,False,False,True,False,False,False,True,False,False,False,False,False,False,False,False,False,True,False,False,False,True,False,False,True,False,False
0.2071731591606723,0.25682316499696123,0.6023246838096262,-0.562167955812708,0,6,8,6,14.375,0,0,6,8,6,14.75,0,0,0,0,1.0,1.0,1.3333333333333333,1.3333333333333333,2,True,False,False,False,False,True,False,False,False,False,False,True,False,False,False,False,True,False,False,False,False,False,True,False,True,False,False
0.2071731591606723,0.03690696313447821,-1.1724925824805565,3.1283757413854345,0,5,0,0,0.0,0,0,5,0,0,0.0,0,1,1,0,0.0,0.0,0.0,0.0,0,False,False,False,False,False,False,False,True,False,False,False,False,False,False,False,False,False,False,False,False,False,False,False,False,True,False,False
-0.5540677512436588,0.03690696313447821,-0.5509612440909982,3.2601808734282254,0,6,7,6,10.666666666666666,0,0,6,9,5,11.8,0,1,1,0,1.0,0.8333333333333334,1.1666666666666667,1.5,1,False,False,True,False,False,True,False,True,False,False,False,False,False,False,False,False,False,False,False,False,False,False,False,False,True,True,False
-0.5540677512436588,-1.714839334459779,-1.1724925824805565,2.073934685043108,9,13,19,12,13.416666666666666,0,4,10,10,10,14.5,0,1,1,0,0.9230769230769231,1.0,1.4615384615384615,1.0,2,False,False,True,False,False,True,True,False,True,False,False,False,False,False,False,False,False,False,False,False,False,False,False,False,True,False,False
-0.5540677512436588,-1.1081739500115513,-0.8133855869665894,-0.562167955812708,0,7,9,6,12.97166666666667,0,0,8,9,7,12.321428571428571,0,0,1,0,0.8571428571428571,0.875,1.2857142857142858,1.125,2,True,False,False,True,False,False,False,False,False,False,False,False,False,False,False,False,False,False,False,False,False,False,True,False,True,False,False
-0.5540677512436588,-1.714839334459779,-0.9722213734439208,1.9421295530003173,14,15,16,14,10.928571428571429,0,12,14,16,12,11.833333333333334,0,1,1,0,0.9333333333333333,0.8571428571428571,1.0666666666666667,1.1428571428571428,0,True,False,True,False,False,False,False,True,True,False,False,False,False,False,False,False,False,False,False,False,False,False,False,False,True,False,False
-0.5540677512436588,0.03690696313447821,-0.5233376290514619,0.4922731005296184,0,6,6,0,0.0,0,0,6,7,0,0.0,0,1,1,1,0.0,0.0,1.0,1.1666666666666667,0,False,False,False,False,False,True,False,True,False,False,False,False,False,False,False,False,False,False,False,False,False,False,False,True,False,False,False
-0.5540677512436588,2.2284856644537014,1.7901401305096725,-0.6939730878554988,0,0,0,0,0.0,0,0,0,0,0,0.0,0,0,1,0,0.0,0.0,0.0,0.0,2,True,False,False,False,False,True,False,False,False,False,False,False,False,False,True,False,False,False,False,False,False,False,True,False,True,True,False
-0.5540677512436588,1.6976534530615022,-0.6545498004892579,1.414909024829154,0,6,6,4,13.25,0,0,6,6,0,0.0,0,1,1,0,0.6666666666666666,0.0,1.0,1.0,1,True,False,True,False,False,True,False,True,False,False,False,False,False,False,True,False,False,False,True,False,False,False,False,False,True,False,False
-0.5540677512436588,0.03690696313447821,-1.9666715148672147,3.2601808734282254,0,6,14,6,11.333333333333334,0,0,6,11,5,12.4,0,1,1,0,1.0,0.8333333333333334,2.3333333333333335,1.8333333333333333,0,False,False,False,False,False,True,False,True,False,False,False,False,False,False,True,False,False,False,True,False,False,False,False,False,True,False,False
-0.5540677512436588,1.3184875877813598,-1.3106106576782364,0.22866283644403682,0,5,6,1,11.0,0,0,5,5,0,0.0,0,1,1,0,0.2,0.0,1.2,1.0,0,True,False,False,False,False,False,False,True,False,False,False,False,False,False,False,False,True,False,False,False,True,False,False,False,True,False,False
-0.5540677512436588,0.03690696313447821,-0.48190220649215837,1.1512987607435725,0,8,9,7,12.757142857142856,0,0,8,9,7,12.757142857142856,0,1,1,0,0.875,0.875,1.125,1.125,2,False,False,False,True,False,False,False,True,False,False,False,False,False,False,False,False,False,False,False,False,False,False,False,False,True,True,False
-0.5540677512436588,1.6218202800054737,1.6036807289928037,-0.6939730878554988,0,6,6,6,14.5,0,0,6,6,6,14.666666666666666,0,0,1,0,1.0,1.0,1.0,1.0,2,True,False,False,False,False,True,False,False,False,False,False,False,False,False,False,False,False,False,False,False,False,False,False,False,True,True,False
-0.5540677512436588,0.5601558572210751,0.8440313154055656,-0.4303628237699172,3,6,6,6,13.833333333333334,0,2,6,7,6,14.571428571428571,0,0,0,1,1.0,1.0,1.0,1.1666666666666667,2,True,False,True,False,False,True,True,False,False,True,False,False,True,False,True,False,False,False,False,False,False,False,False,True,True,False,False
-0.5540677512436588,1.9251529722295875,0.20868816949623997,-0.4303628237699172,0,5,8,4,11.25,0,0,5,7,5,10.4,0,0,1,0,0.8,1.0,1.6,1.4,2,True,False,False,False,False,False,False,False,False,False,False,False,False,False,False,False,False,False,False,False,False,False,True,False,True,False,False
-0.5540677512436588,-0.8048412577874374,-0.7788560681671695,-0.4303628237699172,0,0,0,0,0.0,0,0,0,0,0,0.0,0,0,1,0,0.0,0.0,0.0,0.0,0,True,False,False,False,False,True,False,False,False,False,False,False,False,False,False,False,False,False,False,True,False,False,True,False,True,False,False
0.9684140695650034,0.25682316499696123,0.001511056699720468,-0.562167955812708,0,8,10,1,13.67,7,0,8,10,1,13.67,7,0,1,0,0.125,0.125,1.25,1.25,1,True,False,False,True,False,False,False,False,False,False,False,False,False,False,True,False,False,False,True,False,False,False,True,False,True,False,False
-0.5540677512436588,0.03690696313447821,-0.6131143779299544,2.073934685043108,0,5,9,0,0.0,0,0,5,5,2,12.5,0,1,1,0,0.0,0.4,1.8,1.0,0,True,False,True,False,False,False,False,True,False,False,False,False,False,False,False,False,False,True,False,False,False,True,True,False,True,False,False
-0.5540677512436588,-0.04650952722715268,-0.5440553403311146,0.7558833646152,0,5,10,1,13.0,4,0,5,14,0,0.0,8,1,0,1,0.2,0.0,2.0,2.8,0,True,False,False,False,False,True,False,False,False,False,True,False,True,False,False,False,True,False,True,False,False,False,True,True,True,False,False
-0.5540677512436588,-0.19817587333920963,-1.0412804110427605,1.6785192889147356,0,5,5,0,0.0,0,0,5,5,0,0.0,0,1,1,1,0.0,0.0,1.0,1.0,0,True,False,True,False,False,False,False,True,False,False,False,False,False,False,False,False,False,False,False,False,False,False,False,True,True,False,False
3.2521368007779965,0.8634885494451889,0.24321768829565987,-0.6939730878554988,0,8,12,7,11.971428571428572,0,0,8,12,7,11.971428571428572,0,0,1,0,0.875,0.875,1.5,1.5,2,True,False,False,True,False,False,False,False,False,False,False,False,False,False,False,False,False,False,False,False,False,False,True,False,True,False,False
-0.5540677512436588,0.03690696313447821,0.5539833574904391,3.6555962695565976,0,6,12,0,0.0,0,1,6,11,0,0.0,1,1,1,0,0.0,0.0,2.0,1.8333333333333333,0,False,False,True,False,False,True,False,True,False,True,False,False,False,False,False,False,True,False,False,False,True,False,False,False,True,False,False
-0.5540677512436588,0.03690696313447821,0.20868816949623997,-0.034947427641544786,0,6,11,1,16.0,0,0,6,8,4,12.25,0,0,1,1,0.16666666666666666,0.6666666666666666,1.8333333333333333,1.3333333333333333,0,True,False,False,False,False,True,False,True,False,False,False,False,False,False,False,False,False,True,False,False,False,True,False,True,True,False,True
-0.5540677512436588,1.3184875877813598,1.5898689214730366,-0.2985576917271264,0,6,0,0,0.0,0,0,6,0,0,0.0,0,0,1,0,0.0,0.0,0.0,0.0,0,True,False,False,True,False,False,True,False,False,False,False,False,False,False,False,False,False,False,False,False,False,False,True,False,True,False,False
2.4908958903736655,1.3184875877813598,1.6036807289928037,0.6240782325724092,0,6,9,4,12.75,1,0,5,5,0,0.0,5,1,1,1,0.6666666666666666,0.0,1.5,1.0,0,True,False,False,False,False,True,False,True,False,False,False,False,False,False,False,False,True,False,False,False,True,False,True,False,False,False,False
-0.5540677512436588,-1.714839334459779,0.008416960459604059,1.414909024829154,0,5,9,4,11.0,0,0,5,10,4,10.75,1,1,1,0,0.8,0.8,1.8,2.0,1,False,False,True,False,False,False,False,True,False,False,False,False,False,False,False,False,False,False,False,True,False,False,False,False,True,False,False
-0.5540677512436588,-2.473171065020064,-1.3451401764776563,2.3375449491286897,0,2,2,0,0.0,0,0,6,0,0,0.0,0,1,1,0,0.0,0.0,1.0,0.0,0,True,False,True,False,False,True,False,True,False,False,False,False,False,False,False,False,False,False,True,False,False,False,False,False,True,False,False
-0.5540677512436588,-2.473171065020064,0.20868816949623997,2.6011552132142715,0,6,7,5,12.2,0,0,6,6,6,12.333333333333334,0,1,1,0,0.8333333333333334,1.0,1.1666666666666667,1.0,2,False,False,True,False,False,True,False,True,True,False,False,False,False,False,False,False,False,False,False,False,False,False,False,False,True,True,False
0.2071731591606723,0.03690696313447821,1.783234226749789,0.6240782325724092,0,7,9,7,12.428571428571429,0,0,8,8,8,12.3,0,1,0,0,1.0,1.0,1.2857142857142858,1.0,1,False,False,False,True,False,False,False,True,False,False,False,False,True,False,False,False,False,False,False,True,False,False,True,False,True,False,True
-0.5540677512436588,0.9393217225012175,2.2873652012213186,-0.562167955812708,6,12,12,12,14.5,0,4,11,15,11,13.583333333333334,0,0,0,0,1.0,1.0,1.0,1.3636363636363635,2,True,False,False,False,False,True,False,False,False,False,True,False,False,False,False,True,False,False,True,False,False,False,False,False,True,True,False
-0.5540677512436588,-0.19817587333920963,0.8992785454846383,0.3604679684868276,6,12,13,6,13.0,0,4,12,14,11,13.833333333333334,0,1,1,0,0.5,0.9166666666666666,1.0833333333333333,1.1666666666666667,2,True,False,False,False,False,True,False,True,False,False,False,False,False,False,False,False,False,False,False,True,False,False,False,False,True,False,False
1.7296549799693344,-1.1081739500115513,-1.1241512561613685,-0.6939730878554988,0,7,7,7,11.714285714285714,0,0,8,8,8,12.75,0,0,0,0,1.0,1.0,1.0,1.0,2,True,False,False,True,False,False,False,False,False,False,True,False,True,False,False,True,False,False,False,True,False,False,True,False,True,False,False
-0.5540677512436588,0.03690696313447821,0.7818781815666114,2.8647654772998528,0,7,12,4,10.25,0,0,7,10,3,13.0,0,1,1,0,0.5714285714285714,0.42857142857142855,1.7142857142857142,1.4285714285714286,0,False,False,False,False,False,True,False,True,False,False,False,False,False,False,False,False,False,False,True,False,False,False,False,False,True,False,False
-0.5540677512436588,1.3184875877813598,1.5898689214730366,-0.562167955812708,0,6,0,0,0.0,0,0,6,0,0,0.0,0,0,0,0,0.0,0.0,0.0,0.0,0,True,False,False,False,False,True,True,False,False,True,True,False,False,False,False,True,False,False,False,False,False,False,False,False,True,False,False
3.2521368007779965,-1.4873398152916937,-1.0136567960032252,-0.4303628237699172,0,6,9,6,12.375,0,0,6,7,6,13.142857142857142,0,0,0,0,1.0,1.0,1.5,1.1666666666666667,2,True,False,False,False,False,False,False,False,False,False,True,False,False,False,False,True,False,False,False,False,False,False,False,False,True,False,False
3.2521368007779965,0.25682316499696123,-0.34378413129447866,-0.6939730878554988,0,6,6,6,12.666666666666666,0,0,6,6,6,12.0,0,0,1,0,1.0,1.0,1.0,1.0,2,True,False,False,False,False,True,False,False,False,False,False,False,False,False,True,False,False,False,True,False,False,False,False,False,True,False,False
-0.5540677512436588,0.5601558572210751,1.0166789094026651,0.4922731005296184,0,6,13,3,10.5,0,0,6,19,1,12.0,0,1,0,0,0.5,0.16666666666666666,2.1666666666666665,3.1666666666666665,0,True,False,False,True,False,False,False,True,False,False,True,False,True,False,True,False,False,False,False,True,False,False,True,False,True,False,False
-0.5540677512436588,-0.12234270028318116,-0.5923966666503017,-0.4303628237699172,0,6,11,6,14.125,0,0,6,10,5,12.6,0,0,1,0,1.0,0.8333333333333334,1.8333333333333333,1.6666666666666667,2,False,False,False,False,False,True,False,False,False,False,False,False,False,False,True,False,False,False,True,False,False,False,False,False,True,False,False
0.9684140695650034,0.40848951110901816,0.1189114206177474,-0.6939730878554988,0,6,7,6,14.666666666666666,0,0,6,12,6,13.833333333333334,0,0,1,0,1.0,1.0,1.1666666666666667,2.0,2,True,False,False,True,False,False,False,False,False,False,False,False,False,False,True,False,False,False,False,False,False,False,True,False,True,False,False
0.2071731591606723,-2.473171065020064,-1.863082958468955,1.546714156871945,0,5,8,5,11.4,0,0,5,7,3,12.333333333333334,0,1,1,0,1.0,0.6,1.6,1.4,1,False,False,False,False,False,False,False,True,False,False,False,False,False,False,False,False,False,False,False,False,False,False,False,False,True,False,False
-0.5540677512436588,0.5601558572210751,-1.8078357283898834,0.3604679684868276,0,0,0,0,0.0,0,0,0,0,0,0.0,0,1,1,0,0.0,0.0,0.0,0.0,0,True,False,False,False,False,True,False,True,False,False,False,False,False,False,False,False,False,False,False,False,False,False,False,False,True,False,False
-0.5540677512436588,-0.9565076038994943,-0.10207749969853928,2.073934685043108,0,6,7,6,14.0,0,0,6,7,5,14.8,0,1,1,0,1.0,0.8333333333333334,1.1666666666666667,1.1666666666666667,2,False,False,False,False,False,True,False,True,False,False,False,False,False,False,False,False,False,False,False,False,False,False,True,False,True,True,False
-0.5540677512436588,0.48432268416504665,-0.20566605609679903,-0.6939730878554988,0,0,0,0,0.0,0,0,0,0,0,0.0,0,0,1,0,0.0,0.0,0.0,0.0,2,True,False,False,False,False,True,False,False,False,False,False,False,False,False,False,False,False,False,False,False,False,False,True,False,True,False,False
-0.5540677512436588,-0.19817587333920963,0.20868816949623997,1.6785192889147356,0,7,7,0,0.0,7,0,7,7,0,0.0,7,1,1,0,0.0,0.0,1.0,1.0,0,True,False,False,True,False,False,True,False,True,False,False,False,False,False,False,False,False,False,True,False,False,False,False,False,True,False,False
-0.5540677512436588,-1.714839334459779,2.314988816260855,1.9421295530003173,8,11,11,11,12.636363636363637,0,5,8,8,8,11.0,0,1,1,0,1.0,1.0,1.0,1.0,2,False,False,True,False,False,True,False,True,True,False,False,False,False,False,False,False,False,False,False,False,False,False,False,False,True,False,False
-0.5540677512436588,0.03690696313447821,-1.863082958468955,2.8647654772998528,0,6,11,3,12.333333333333334,0,0,6,13,2,11.0,0,1,1,0,0.5,0.3333333333333333,1.8333333333333333,2.1666666666666665,0,False,False,False,False,False,True,False,True,False,False,False,False,False,False,False,True,False,False,False,False,False,False,False,False,True,False,False
-0.5540677512436588,0.03690696313447821,-1.6559058456724354,5.105452722027296,0,6,7,6,15.0,0,0,6,10,6,12.833333333333334,0,1,0,0,1.0,1.0,1.1666666666666667,1.6666666666666667,2,False,False,False,False,False,False,False,True,False,False,True,False,True,False,False,True,False,False,False,True,False,False,False,False,True,False,False
-0.5540677512436588,0.03690696313447821,-1.6559058456724354,-0.4303628237699172,0,6,8,4,11.75,0,0,6,10,6,12.666666666666666,0,0,1,0,0.6666666666666666,1.0,1.3333333333333333,1.6666666666666667,2,True,False,False,False,False,False,False,False,False,False,False,False,False,False,False,False,False,False,False,True,False,False,True,False,True,True,False
-0.5540677512436588,0.48432268416504665,0.31227672589449973,-0.6939730878554988,0,8,8,7,14.13714285714286,0,0,8,8,7,14.13714285714286,0,0,1,0,0.875,0.875,1.0,1.0,2,True,False,False,True,False,False,False,False,False,False,False,False,False,False,False,False,False,False,False,False,False,False,True,False,True,False,False
0.9684140695650034,0.10515681888490426,-0.3852195538537822,-0.6939730878554988,0,6,6,2,12.0,0,0,6,6,1,11.0,0,0,1,0,0.3333333333333333,0.16666666666666666,1.0,1.0,0,True,False,False,False,False,True,False,False,False,False,False,False,False,False,False,True,False,False,True,False,False,False,False,False,True,False,False
-0.5540677512436588,2.0768193183416446,0.7128191439677715,-0.034947427641544786,0,5,5,5,10.8,0,0,5,9,4,11.5,0,0,0,0,1.0,0.8,1.0,1.8,2,False,False,True,False,False,False,False,False,True,False,False,False,True,False,True,False,False,False,False,False,False,False,False,False,True,False,False
-0.5540677512436588,-0.6531749116753804,0.7887840853264949,-0.562167955812708,1,6,8,6,13.285714285714286,1,0,6,8,6,12.5,0,0,1,1,1.0,1.0,1.3333333333333333,1.3333333333333333,0,True,False,False,False,False,True,False,False,False,False,False,False,False,False,False,False,False,False,False,False,False,False,True,True,True,True,False
-0.5540677512436588,0.33265633805298966,0.28465311085496336,-0.562167955812708,0,5,7,5,13.6,0,0,5,5,5,12.6,0,0,0,1,1.0,1.0,1.4,1.0,2,True,False,False,False,False,False,False,False,False,False,False,False,True,False,False,False,False,False,False,True,False,False,True,True,True,True,False
-0.5540677512436588,1.849319799173559,-1.863082958468955,-0.6939730878554988,0,7,8,7,13.55,0,0,8,8,8,14.1875,0,0,0,0,1.0,1.0,1.1428571428571428,1.0,2,True,False,False,True,False,False,False,True,False,False,True,False,True,False,False,True,False,False,False,True,False,False,False,False,True,False,False
1.7296549799693344,0.40848951110901816,0.41586528229275943,-0.6939730878554988,0,8,8,0,0.0,5,0,8,8,0,0.0,5,0,0,0,0.0,0.0,1.0,1.0,1,True,False,False,True,False,False,False,False,False,False,True,False,False,False,False,True,False,False,False,True,False,False,True,False,True,False,False
0.2071731591606723,-2.473171065020064,-1.863082958468955,2.3375449491286897,0,6,10,4,13.5,0,1,6,7,6,11.166666666666666,0,1,1,0,0.6666666666666666,1.0,1.6666666666666667,1.1666666666666667,2,True,False,True,False,False,True,False,True,False,False,False,False,False,False,False,False,False,True,False,False,False,True,False,False,True,False,False
-0.5540677512436588,-0.19817587333920963,2.2114002598625953,3.6555962695565976,0,6,8,5,11.6,0,0,6,9,5,14.2,0,1,0,0,0.8333333333333334,0.8333333333333334,1.3333333333333333,1.5,2,True,False,False,False,False,False,False,True,False,False,False,False,True,False,True,False,False,False,False,True,False,False,False,False,True,True,False
0.2071731591606723,0.03690696313447821,-0.4404667839328548,0.09685770440124603,6,10,16,10,12.5,0,2,7,9,4,12.6,0,1,1,0,1.0,0.5714285714285714,1.6,1.2857142857142858,2,True,False,False,False,False,True,False,True,False,False,False,False,False,False,True,False,False,False,True,False,False,False,True,False,True,False,False
-0.5540677512436588,-0.9565076038994943,0.4849243198915993,0.22866283644403682,0,5,14,1,11.0,0,0,5,11,2,12.666666666666666,4,1,1,0,0.2,0.4,2.8,2.2,0,True,False,True,False,False,False,False,True,True,False,False,False,False,False,False,False,False,False,True,False,False,False,False,False,True,False,False
-0.5540677512436588,1.3184875877813598,0.8578431229253347,-0.6939730878554988,0,5,9,3,12.0,1,0,5,6,4,13.0,0,0,1,0,0.6,0.8,1.8,1.2,1,True,False,False,True,False,False,True,False,False,False,False,False,False,False,True,False,False,False,True,False,False,False,False,False,True,False,False
3.2521368007779965,-0.3498422194512666,-0.7236088380880977,-0.4303628237699172,0,5,8,4,11.6,0,0,5,10,3,12.333333333333334,0,0,1,0,0.8,0.6,1.6,2.0,2,True,False,False,False,False,False,True,False,False,False,False,False,False,False,False,False,False,False,False,False,False,False,True,False,True,False,False
-0.5540677512436588,-0.6531749116753804,-0.9031623358450809,-0.562167955812708,0,0,0,0,0.0,0,0,0,0,0,0.0,0,0,1,0,0.0,0.0,0.0,0.0,0,True,False,False,False,False,True,False,False,False,False,False,False,False,False,False,True,False,False,False,False,False,False,True,False,True,False,False
-0.5540677512436588,-0.19817587333920963,0.20868816949623997,2.3375449491286897,5,10,14,10,14.636363636363637,0,5,10,13,10,14.6,0,1,0,0,1.0,1.0,1.4,1.3,2,False,False,True,False,False,False,False,True,True,False,True,False,True,False,False,True,False,False,False,True,False,False,False,False,True,False,False
0.2071731591606723,-0.04650952722715268,0.20178226573635638,-0.562167955812708,0,6,8,6,13.0,0,0,6,6,6,12.166666666666666,0,0,1,0,1.0,1.0,1.3333333333333333,1.0,2,True,False,False,False,False,False,False,False,False,False,False,False,False,False,False,False,False,False,False,False,False,False,True,False,True,True,False
-0.5540677512436588,0.03690696313447821,0.46420660861194657,0.6240782325724092,14,18,23,14,12.785714285714286,2,16,17,18,16,13.875,0,1,0,0,0.7777777777777778,0.9411764705882353,1.2777777777777777,1.0588235294117647,0,True,False,False,False,False,True,False,True,False,True,False,False,True,False,False,True,False,False,False,True,False,False,False,False,True,False,False
0.9684140695650034,-0.2740090463952381,-0.15041882601772735,-0.2985576917271264,0,6,6,6,14.5,0,0,6,7,5,12.0,0,0,0,0,1.0,0.8333333333333334,1.0,1.1666666666666667,2,True,False,False,False,False,True,False,False,False,False,True,False,True,False,True,False,False,False,False,False,False,False,True,False,True,False,False
-0.5540677512436588,0.18098999194093274,0.457300704852063,-0.16675255968433558,0,5,12,4,14.6,3,0,5,5,4,12.75,1,0,0,1,0.8,0.8,2.4,1.0,0,True,False,False,True,False,False,False,False,False,False,True,False,True,False,False,True,False,False,False,True,False,False,True,False,False,False,False
1.7296549799693344,0.40848951110901816,0.4503948010921794,-0.6939730878554988,0,6,7,6,12.5,0,0,6,6,6,12.166666666666666,0,0,1,1,1.0,1.0,1.1666666666666667,1.0,2,True,False,False,False,False,True,False,False,False,False,False,False,False,False,True,False,False,False,False,False,False,False,True,False,False,False,False
-0.5540677512436588,0.18098999194093274,0.0705700942985603,-0.562167955812708,0,6,6,6,14.0,0,0,6,8,6,13.125,0,0,1,0,1.0,1.0,1.0,1.3333333333333333,2,True,False,False,False,False,True,False,False,False,False,False,False,False,False,False,False,False,False,False,False,False,False,True,False,True,True,False
3.2521368007779965,-0.12234270028318116,0.01532286421948863,-0.562167955812708,0,7,7,7,13.801428571428572,0,0,8,8,8,14.575,0,0,0,0,1.0,1.0,1.0,1.0,2,True,False,False,True,False,False,False,False,False,False,True,False,False,False,True,False,False,False,True,False,False,False,True,False,True,True,False
-0.5540677512436588,1.3184875877813598,1.5898689214730366,0.22866283644403682,1,6,7,6,14.428571428571429,0,0,6,7,6,13.666666666666666,0,1,1,1,1.0,1.0,1.1666666666666667,1.1666666666666667,2,True,False,False,False,False,True,True,False,True,False,False,False,False,False,True,False,False,False,True,False,False,False,False,True,False,False,False
1.7296549799693344,0.02932364582887579,0.05675828677879213,-0.6939730878554988,0,7,7,6,14.35,0,0,7,7,6,14.35,0,0,1,0,0.8571428571428571,0.8571428571428571,1.0,1.0,2,True,False,False,True,False,False,False,True,False,True,False,False,False,False,False,True,False,False,False,False,False,False,True,False,True,True,False
-0.5540677512436588,0.18098999194093274,-0.12279521097819103,-0.562167955812708,0,6,6,6,14.333333333333334,0,0,6,6,6,13.5,0,0,1,0,1.0,1.0,1.0,1.0,2,True,False,False,False,False,True,False,False,False,False,False,False,False,False,False,False,False,False,False,False,False,False,True,False,True,False,False
0.2071731591606723,-1.1081739500115513,-1.1724925824805565,-0.4303628237699172,0,6,10,4,12.25,0,0,6,8,4,11.5,0,0,1,0,0.6666666666666666,0.6666666666666666,1.6666666666666667,1.3333333333333333,1,True,False,False,False,False,True,False,True,False,False,False,False,False,False,True,False,False,False,True,False,False,False,True,False,True,False,False
-0.5540677512436588,-2.473171065020064,-1.863082958468955,2.9965706093426436,0,6,9,6,13.333333333333334,0,0,6,6,6,11.833333333333334,0,1,1,0,1.0,1.0,1.5,1.0,2,False,False,True,False,False,True,False,True,False,False,False,False,False,False,False,False,True,False,False,False,True,False,False,False,True,False,False
-0.5540677512436588,1.9251529722295875,1.6865515741114128,-0.562167955812708,6,12,12,12,13.0,0,4,11,14,11,13.25,0,0,0,1,1.0,1.0,1.0,1.2727272727272727,2,True,False,False,False,False,True,False,False,False,False,True,False,True,False,False,True,False,False,False,True,False,False,True,False,False,False,False
0.2071731591606723,0.33265633805298966,-0.1297011147380756,-0.6939730878554988,0,6,10,4,11.75,0,0,6,9,5,11.2,0,0,1,0,0.6666666666666666,0.8333333333333334,1.6666666666666667,1.5,1,True,False,False,False,False,False,False,False,False,False,False,False,False,False,False,False,False,False,False,False,False,False,True,False,True,False,False
-0.5540677512436588,2.9868173950139862,2.5083541215376073,-0.6939730878554988,0,6,8,6,14.5,0,0,6,11,4,13.0,0,0,1,0,1.0,0.6666666666666666,1.3333333333333333,1.8333333333333333,2,True,False,False,False,False,True,False,False,False,False,False,False,False,False,False,False,False,False,False,False,False,False,True,False,True,True,False
-0.5540677512436588,-0.7290080847314089,-0.620020281689838,-0.562167955812708,0,8,8,7,11.82,0,0,8,8,7,11.82,0,0,1,0,0.875,0.875,1.0,1.0,2,True,False,False,True,False,False,False,False,False,False,False,False,False,False,False,True,False,False,False,True,False,False,True,False,True,True,False
0.2071731591606723,0.8634885494451889,0.9130903530044054,-0.4303628237699172,0,6,0,0,0.0,0,0,6,0,0,0.0,0,0,0,0,0.0,0.0,0.0,0.0,0,True,False,False,False,False,True,False,False,False,False,True,False,True,False,False,True,False,False,False,True,False,False,True,False,True,False,False
-0.5540677512436588,0.5601558572210751,0.10509961309798022,1.9421295530003173,0,6,6,5,12.4,0,0,6,7,6,12.666666666666666,0,1,1,0,0.8333333333333334,1.0,1.0,1.1666666666666667,2,False,False,True,False,False,True,False,True,False,False,False,False,False,False,True,False,False,False,False,False,False,False,False,False,True,True,False
-0.5540677512436588,0.25682316499696123,0.31227672589449973,-0.6939730878554988,0,6,7,6,12.571428571428571,0,0,6,8,6,11.857142857142858,0,0,1,0,1.0,1.0,1.1666666666666667,1.3333333333333333,2,True,False,False,False,False,True,False,False,False,False,False,False,False,False,False,False,False,False,False,False,False,False,True,False,True,False,False
2.4908958903736655,0.33265633805298966,0.3882416672532231,-0.6939730878554988,0,7,7,7,13.857142857142858,0,0,8,8,8,14.9,0,0,1,0,1.0,1.0,1.0,1.0,2,True,False,False,True,False,False,False,False,False,False,False,False,False,False,True,False,False,False,True,False,False,False,True,False,True,True,False
-0.5540677512436588,-0.3498422194512666,-0.33687822753459506,-0.6939730878554988,0,6,9,5,11.833333333333334,0,0,6,7,5,13.8,0,0,1,0,0.8333333333333334,0.8333333333333334,1.5,1.1666666666666667,2,True,False,False,False,False,True,False,False,False,False,False,False,False,False,False,False,True,False,True,False,False,False,True,False,True,False,False
-0.5540677512436588,-0.9565076038994943,-1.034374507282877,-0.4303628237699172,0,5,10,4,11.0,0,0,5,7,4,11.5,0,0,0,0,0.8,0.8,2.0,1.4,1,True,False,False,False,False,False,False,False,False,False,True,False,True,False,False,True,False,False,False,True,False,False,False,False,True,False,False
-0.5540677512436588,-0.19817587333920963,0.41586528229275943,-0.562167955812708,0,6,6,6,14.666666666666666,0,0,6,8,6,13.666666666666666,0,0,0,0,1.0,1.0,1.0,1.3333333333333333,2,True,False,False,False,False,True,False,False,False,False,True,False,False,False,True,False,False,False,False,False,False,False,True,False,True,False,False
-0.5540677512436588,0.40848951110901816,0.001511056699720468,1.8103244209575264,0,4,4,0,0.0,0,0,5,10,0,0.0,0,1,1,1,0.0,0.0,1.0,2.0,0,False,False,True,False,False,True,False,True,False,False,False,False,False,False,False,False,False,True,False,False,False,True,False,False,False,False,False
-0.5540677512436588,1.166821241669303,0.20868816949623997,0.09685770440124603,0,8,12,7,12.714285714285714,0,0,8,12,7,12.714285714285714,0,1,0,0,0.875,0.875,1.5,1.5,1,True,False,False,True,False,False,False,True,False,False,True,False,False,False,False,True,False,False,True,False,False,False,False,False,True,False,False
0.2071731591606723,0.48432268416504665,0.6506660101288153,-0.562167955812708,0,7,9,7,13.422222222222224,0,0,8,11,7,12.18888888888889,0,0,0,0,1.0,0.875,1.2857142857142858,1.375,2,True,False,False,True,False,False,False,False,False,False,True,False,False,False,False,True,False,False,False,False,False,False,True,False,True,False,False
0.9684140695650034,0.25682316499696123,0.13962913189740012,-0.562167955812708,0,6,7,6,14.0,0,0,6,8,5,12.2,0,0,0,0,1.0,0.8333333333333334,1.1666666666666667,1.3333333333333333,0,True,False,False,False,False,True,False,False,False,False,True,False,False,False,True,False,False,False,False,True,False,False,True,False,True,True,False
0.9684140695650034,-0.5015085655633235,-0.5509612440909982,-0.562167955812708,0,7,8,7,12.142857142857142,0,0,8,8,8,13.375,0,0,1,0,1.0,1.0,1.1428571428571428,1.0,0,True,False,False,True,False,False,False,False,False,False,False,False,False,False,False,False,False,False,True,False,False,False,True,False,True,True,False
-0.5540677512436588,0.18098999194093274,0.0705700942985603,-0.6939730878554988,0,5,5,5,12.8,0,0,5,5,5,13.0,0,0,1,1,1.0,1.0,1.0,1.0,2,True,False,False,False,False,False,False,False,False,False,False,False,False,False,False,False,False,False,False,False,False,False,True,True,True,True,False
1.7296549799693344,-0.8048412577874374,-0.6821734155287943,-0.6939730878554988,0,7,7,7,14.572857142857142,0,0,8,9,8,14.955555555555556,0,0,1,0,1.0,1.0,1.0,1.125,2,True,False,False,True,False,False,False,False,False,False,False,False,False,False,False,False,False,False,False,False,False,False,True,False,True,True,False
1.7296549799693344,0.33265633805298966,0.6437601063689317,-0.6939730878554988,0,5,9,4,11.25,0,0,5,6,4,11.0,0,0,1,0,0.8,0.8,1.8,1.2,2,True,False,False,False,False,False,False,False,False,False,False,False,False,False,True,False,False,False,True,False,False,False,False,False,True,False,False
2.4908958903736655,-0.425675392507295,-0.1642306335374955,-0.562167955812708,0,5,12,2,10.0,0,0,5,11,4,11.75,0,0,1,0,0.4,0.8,2.4,2.2,1,True,False,False,False,False,False,False,False,False,False,False,False,False,False,True,False,False,False,True,False,False,False,True,False,True,True,False
-0.5540677512436588,0.33265633805298966,0.25702949581542706,-0.6939730878554988,0,6,8,5,14.4,0,0,6,11,4,14.6,0,0,0,0,0.8333333333333334,0.6666666666666666,1.3333333333333333,1.8333333333333333,0,True,False,False,False,False,True,False,False,False,False,True,False,False,False,False,True,False,False,False,False,False,False,True,False,True,False,False
1.7296549799693344,-0.577341738619352,-0.8133855869665894,-0.4303628237699172,0,7,7,7,12.982857142857142,0,0,8,8,8,14.4625,0,0,1,0,1.0,1.0,1.0,1.0,2,True,False,False,True,False,False,False,False,False,False,False,False,False,False,False,True,False,False,False,False,False,False,True,False,True,False,False
-0.5540677512436588,0.6359890302771035,0.22249997701600713,-0.4303628237699172,0,6,14,6,15.75,0,0,6,8,6,13.0,0,0,0,0,1.0,1.0,2.3333333333333335,1.3333333333333333,2,True,False,False,True,False,False,False,False,False,False,True,False,True,False,False,True,False,False,False,True,False,False,True,False,True,False,False
-0.5540677512436588,-0.04650952722715268,0.10509961309798022,-0.6939730878554988,0,6,11,5,12.285714285714286,0,0,6,19,3,14.0,1,0,0,0,0.8333333333333334,0.5,1.8333333333333333,3.1666666666666665,0,True,False,False,True,False,False,False,False,False,False,True,False,True,False,False,False,False,False,False,False,False,False,False,False,True,False,False
-0.5540677512436588,0.03690696313447821,-2.2083781464631542,-0.4303628237699172,0,7,7,6,13.755,0,0,8,9,7,13.571428571428571,0,0,1,0,0.8571428571428571,0.875,1.0,1.125,2,True,False,False,True,False,False,True,False,False,False,False,False,False,False,False,False,False,False,False,False,False,False,True,False,True,False,False
-0.5540677512436588,-0.04650952722715268,-0.5233376290514619,-0.6939730878554988,0,6,7,6,13.833333333333334,0,0,6,11,6,13.5,0,0,1,0,1.0,1.0,1.1666666666666667,1.8333333333333333,2,True,False,False,False,False,False,False,False,False,False,False,False,False,False,False,True,False,False,False,True,False,False,True,False,True,True,False
3.2521368007779965,0.7118222033331321,-0.24019557489621893,-0.562167955812708,0,7,0,0,0.0,0,0,8,0,0,0.0,0,0,1,0,0.0,0.0,0.0,0.0,0,True,False,False,True,False,False,False,False,False,False,False,False,False,False,False,False,False,False,False,False,False,False,True,False,True,False,False
1.7296549799693344,0.25682316499696123,0.4780184161317157,-0.6939730878554988,0,7,9,7,14.711111111111112,0,0,8,9,8,14.627777777777778,0,0,1,0,1.0,1.0,1.2857142857142858,1.125,2,True,False,False,True,False,False,False,False,False,False,False,False,False,False,True,False,False,False,False,False,False,False,True,False,True,False,False
-0.5540677512436588,1.3184875877813598,1.2583855409986047,-0.4303628237699172,7,11,13,11,14.615384615384617,0,4,9,11,9,13.7,0,0,1,0,1.0,1.0,1.1818181818181819,1.2222222222222223,2,True,False,False,True,False,False,True,False,False,True,False,False,False,False,True,False,False,False,False,False,False,False,True,False,True,False,False
-0.5540677512436588,-0.19817587333920963,-0.5647730516107663,-0.6939730878554988,0,7,7,7,13.677142857142858,0,0,8,9,8,14.533333333333331,0,0,0,0,1.0,1.0,1.0,1.125,2,True,False,False,True,False,False,False,False,False,False,True,False,True,False,False,True,False,False,True,False,False,False,False,False,True,False,False
0.2071731591606723,0.25682316499696123,-0.24710147865610252,-0.562167955812708,0,5,8,5,13.166666666666666,2,0,5,5,5,12.8,0,0,1,0,1.0,1.0,1.6,1.0,2,True,False,False,True,False,False,True,False,False,False,False,False,False,False,False,False,False,False,False,False,False,False,True,False,True,True,False
3.2521368007779965,0.40848951110901816,-0.27472509369563886,-0.562167955812708,0,6,11,5,10.8,0,0,6,12,5,11.333333333333334,0,0,0,0,0.8333333333333334,0.8333333333333334,1.8333333333333333,2.0,2,True,False,False,False,False,True,False,False,False,False,True,False,True,False,False,True,False,False,False,True,False,False,True,False,True,False,False
-0.5540677512436588,-0.12234270028318116,-0.5923966666503017,-0.562167955812708,0,5,8,3,12.0,0,0,5,7,5,12.833333333333334,0,0,1,0,0.6,1.0,1.6,1.4,2,True,False,False,False,False,True,False,False,False,False,False,False,False,False,True,False,False,False,False,True,False,False,False,False,True,False,False
-0.5540677512436588,1.0909880686132745,0.3191826296543833,-0.6939730878554988,0,7,8,6,13.958333333333334,0,0,8,8,8,14.71875,0,0,0,0,0.8571428571428571,1.0,1.1428571428571428,1.0,2,True,False,False,True,False,False,False,False,False,False,True,False,False,False,False,True,False,False,False,True,False,False,False,False,True,False,False
-0.5540677512436588,0.5601558572210751,-0.32306642001482694,-0.562167955812708,0,6,9,4,13.0,0,0,6,9,4,12.25,0,0,1,0,0.6666666666666666,0.6666666666666666,1.5,1.5,0,True,False,False,False,False,True,False,False,False,False,False,False,False,False,True,False,False,False,False,False,False,False,True,False,True,False,False
0.2071731591606723,1.4701539338934166,1.7072692853910636,0.09685770440124603,0,0,0,0,0.0,0,0,0,0,0,0.0,0,1,1,0,0.0,0.0,0.0,0.0,2,True,False,False,False,False,True,False,False,False,False,False,False,False,False,False,False,False,False,False,False,False,False,True,False,True,True,False
-0.5540677512436588,2.759317875845901,3.3854038990428723,-0.6939730878554988,0,0,0,0,0.0,0,0,0,0,0,0.0,0,0,1,0,0.0,0.0,0.0,0.0,2,True,False,False,False,False,True,False,False,False,False,False,False,False,False,False,False,False,False,False,False,False,False,True,False,True,True,False
3.2521368007779965,1.2426544147253313,0.41586528229275943,-0.6939730878554988,0,8,8,7,14.0,0,0,8,8,7,14.0,0,0,1,0,0.875,0.875,1.0,1.0,2,True,False,False,True,False,False,False,False,False,False,False,False,False,False,True,False,False,False,False,False,False,False,True,False,True,True,False
1.7296549799693344,0.33265633805298966,0.8854667379648711,-0.6939730878554988,0,6,10,6,12.571428571428571,0,0,6,11,6,12.571428571428571,0,0,0,0,1.0,1.0,1.6666666666666667,1.8333333333333333,1,True,False,False,False,False,True,False,False,False,False,True,False,False,False,False,True,False,False,False,True,False,False,True,False,True,False,False
1.7296549799693344,-0.8048412577874374,-0.5095258215316947,-0.562167955812708,0,6,6,4,12.0,0,0,6,11,3,11.333333333333334,0,0,0,0,0.6666666666666666,0.5,1.0,1.8333333333333333,0,True,False,False,False,False,True,False,False,False,False,False,True,False,False,True,False,False,False,False,True,False,False,True,False,True,False,False
-0.5540677512436588,-0.19817587333920963,0.4849243198915993,1.546714156871945,2,8,8,8,13.625,0,1,7,7,7,14.0,0,1,1,0,1.0,1.0,1.0,1.0,2,True,False,True,False,False,True,False,True,False,False,False,False,False,False,False,False,False,False,False,False,False,False,False,False,True,True,False
3.2521368007779965,0.9393217225012175,0.34680624469391963,-0.562167955812708,0,5,7,4,12.5,0,0,5,8,4,10.0,1,0,1,0,0.8,0.8,1.4,1.6,2,True,False,False,False,False,False,False,False,False,False,False,False,False,False,False,False,False,False,False,False,False,False,True,False,True,False,False
-0.5540677512436588,-0.19817587333920963,0.20868816949623997,0.6240782325724092,14,15,25,14,12.428571428571429,1,8,14,22,11,11.909090909090908,0,1,1,0,0.9333333333333333,0.7857142857142857,1.6666666666666667,1.5714285714285714,0,True,False,False,False,False,True,True,False,True,False,False,False,False,False,False,False,False,False,False,False,False,False,False,False,True,False,False
-0.5540677512436588,1.849319799173559,0.9959611981230144,-0.2985576917271264,3,7,8,7,13.3875,0,2,8,8,8,15.9,0,0,0,0,1.0,1.0,1.1428571428571428,1.0,2,True,False,False,True,False,False,False,True,False,False,False,False,True,False,True,False,False,False,False,True,False,False,False,False,True,False,False
0.2071731591606723,0.18098999194093274,0.13272322813751652,-0.562167955812708,0,7,8,6,12.648333333333332,0,0,8,9,8,12.205555555555556,0,0,1,0,0.8571428571428571,1.0,1.1428571428571428,1.125,2,True,False,False,True,False,False,False,False,False,False,False,False,False,False,True,False,False,False,True,False,False,False,True,False,True,True,False
0.2071731591606723,-0.7290080847314089,-0.6131143779299544,-0.562167955812708,0,6,6,6,14.0,0,0,6,6,6,13.333333333333334,0,0,0,0,1.0,1.0,1.0,1.0,2,True,False,False,False,False,True,True,False,False,False,True,False,False,False,False,True,False,False,False,False,False,False,True,False,True,False,False
-0.5540677512436588,0.48432268416504665,0.25012359205554346,-0.6939730878554988,0,5,12,5,12.8,2,0,5,10,5,11.857142857142858,1,0,0,0,1.0,1.0,2.4,2.0,2,True,False,False,True,False,False,False,False,False,False,True,False,True,False,False,True,False,False,False,True,False,False,False,False,True,False,False
-0.5540677512436588,0.25682316499696123,-0.34378413129447866,-0.6939730878554988,0,6,8,6,11.333333333333334,0,0,6,11,6,10.833333333333334,0,0,1,0,1.0,1.0,1.3333333333333333,1.8333333333333333,2,True,False,False,False,False,False,False,False,False,False,False,False,False,False,True,False,False,False,True,False,False,False,True,False,True,False,False
0.2071731591606723,0.18098999194093274,-0.27472509369563886,-0.562167955812708,0,7,0,0,0.0,0,0,8,0,0,0.0,0,0,0,1,0.0,0.0,0.0,0.0,0,True,False,False,True,False,False,False,False,False,False,True,False,True,False,False,True,False,False,False,True,False,False,True,False,False,False,False
-0.5540677512436588,-0.5015085655633235,-0.019206654579931284,-0.4303628237699172,0,6,6,6,14.166666666666666,0,0,6,9,6,13.0,0,0,1,0,1.0,1.0,1.0,1.5,2,True,False,False,False,False,False,False,False,False,False,False,False,False,False,False,False,False,False,False,False,False,False,True,False,True,True,False
-0.5540677512436588,-0.8048412577874374,-0.026112558339815857,-0.6939730878554988,0,6,6,6,12.833333333333334,0,0,6,6,6,13.833333333333334,0,0,1,0,1.0,1.0,1.0,1.0,2,True,False,False,False,False,True,False,False,False,False,False,False,False,False,False,False,False,False,False,False,False,False,True,False,True,False,False
-0.5540677512436588,-0.577341738619352,-0.10898340345842286,-0.562167955812708,0,7,11,4,12.0,0,0,7,9,6,11.833333333333334,0,0,1,1,0.5714285714285714,0.8571428571428571,1.5714285714285714,1.2857142857142858,0,True,False,False,False,False,True,False,False,False,False,False,False,False,False,False,False,False,False,False,False,False,False,False,True,False,False,False
0.9684140695650034,0.10515681888490426,0.6299482988491625,-0.4303628237699172,0,6,6,6,13.0,0,0,6,7,6,13.142857142857142,0,0,1,0,1.0,1.0,1.0,1.1666666666666667,0,True,False,False,False,False,True,False,False,False,False,False,False,False,False,False,False,False,False,False,False,False,False,True,False,True,True,False
2.4908958903736655,-0.19817587333920963,0.12581732437763296,-0.6939730878554988,0,7,8,6,13.39,0,0,8,10,7,12.757142857142856,0,0,1,0,0.8571428571428571,0.875,1.1428571428571428,1.25,1,True,False,False,True,False,False,False,False,False,False,False,False,False,False,False,False,False,False,True,False,False,False,True,False,True,False,False
1.7296549799693344,-1.714839334459779,-1.0965276411218332,-0.6939730878554988,0,6,6,6,12.333333333333334,0,0,6,8,5,13.6,0,0,1,1,1.0,0.8333333333333334,1.0,1.3333333333333333,2,True,False,False,False,False,False,False,False,False,False,False,False,False,False,False,False,False,False,False,False,False,False,True,False,False,False,False
-0.5540677512436588,-0.12234270028318116,0.6161364913293953,-0.2985576917271264,1,6,8,6,12.571428571428571,1,0,6,8,6,11.625,0,0,0,0,1.0,1.0,1.3333333333333333,1.3333333333333333,2,True,False,False,False,False,True,False,False,False,False,True,False,True,False,False,True,False,False,False,True,False,False,False,False,True,True,False
2.4908958903736655,-0.8048412577874374,-0.5095258215316947,-0.562167955812708,0,6,6,6,12.333333333333334,0,0,6,6,6,12.833333333333334,0,0,1,0,1.0,1.0,1.0,1.0,2,True,False,False,False,False,False,True,False,False,False,False,False,False,False,False,False,False,False,False,False,False,False,True,False,True,True,False
0.2071731591606723,-0.7290080847314089,-0.7097970305683295,-0.562167955812708,0,6,8,5,13.0,0,0,6,8,4,10.75,0,0,1,0,0.8333333333333334,0.6666666666666666,1.3333333333333333,1.3333333333333333,2,True,False,False,False,False,True,False,False,False,False,False,False,False,False,False,True,False,False,False,False,False,False,True,False,True,False,False
-0.5540677512436588,1.015154895557246,-0.06754798089911936,-0.562167955812708,0,5,7,3,12.333333333333334,0,0,5,7,4,10.25,0,0,1,0,0.6,0.8,1.4,1.4,1,True,False,False,True,False,False,False,False,False,False,False,False,False,False,False,False,False,False,False,False,False,False,False,False,True,False,False
1.7296549799693344,0.33265633805298966,0.49873612741136647,-0.6939730878554988,0,6,6,6,13.166666666666666,0,0,6,8,5,14.2,0,0,1,0,1.0,0.8333333333333334,1.0,1.3333333333333333,0,True,False,False,False,False,True,False,False,False,False,False,False,False,False,False,False,True,False,False,False,False,True,True,False,True,False,False
-0.5540677512436588,-0.19817587333920963,-0.27472509369563886,-0.6939730878554988,0,5,7,5,13.333333333333334,0,0,5,6,5,13.6,0,0,1,0,1.0,1.0,1.4,1.2,2,True,False,False,False,False,False,False,False,False,False,False,False,False,False,False,True,False,False,False,True,False,False,False,False,True,True,False
0.2071731591606723,-0.425675392507295,-0.21257195985668262,-0.6939730878554988,0,5,9,4,13.0,0,0,5,8,5,13.142857142857142,0,0,1,0,0.8,1.0,1.8,1.6,2,True,False,False,True,False,False,False,False,False,False,False,False,False,False,True,False,False,False,False,False,False,False,True,False,True,False,False
-0.5540677512436588,2.0768193183416446,-0.48190220649215837,1.0194936287007816,0,7,21,5,10.9,3,0,8,21,3,11.7,1,1,1,0,0.7142857142857143,0.375,3.0,2.625,0,False,False,False,True,False,False,False,True,False,False,False,False,False,False,False,False,False,False,False,False,False,False,False,False,True,False,False
-0.5540677512436588,0.48432268416504665,-1.0136567960032252,-0.562167955812708,0,5,8,2,11.5,0,0,5,10,3,10.857142857142858,0,0,0,0,0.4,0.6,1.6,2.0,1,True,False,False,False,False,False,False,True,False,False,True,False,False,False,False,True,False,False,True,False,False,False,True,False,True,False,False
-0.5540677512436588,0.40848951110901816,-0.27472509369563886,-0.4303628237699172,0,6,7,6,15.857142857142858,0,0,6,6,6,16.0,0,0,1,0,1.0,1.0,1.1666666666666667,1.0,2,True,False,False,True,False,False,True,False,False,False,False,False,False,False,False,False,False,False,False,False,False,False,True,False,True,True,False
-0.5540677512436588,0.33265633805298966,-0.32306642001482694,-0.562167955812708,0,5,5,5,12.6,0,0,5,9,3,13.0,0,0,1,0,1.0,0.6,1.0,1.8,0,True,False,False,True,False,False,False,False,False,False,False,False,False,False,False,False,True,False,False,False,False,True,False,False,True,True,False
-0.5540677512436588,-0.425675392507295,-0.28853690121540704,-0.562167955812708,0,6,8,6,14.0,0,0,6,7,6,14.571428571428571,0,0,1,0,1.0,1.0,1.3333333333333333,1.1666666666666667,2,True,False,False,False,False,True,False,False,False,False,False,False,False,False,False,False,False,False,False,False,False,False,False,False,True,True,False
-0.5540677512436588,2.0768193183416446,2.280459297461435,0.4922731005296184,1,5,8,3,14.666666666666666,2,0,5,7,2,13.0,2,1,1,1,0.6,0.4,1.6,1.4,0,False,False,False,False,False,True,True,False,True,False,False,False,False,False,False,False,False,False,False,False,False,False,False,False,False,False,False
0.2071731591606723,-0.04650952722715268,-0.4749963027322748,-0.6939730878554988,0,6,6,6,13.666666666666666,0,0,6,6,6,14.0,0,0,1,0,1.0,1.0,1.0,1.0,2,True,False,False,False,False,True,False,False,False,False,False,False,False,False,False,False,False,False,False,False,False,False,True,False,True,True,False
-0.5540677512436588,-0.5015085655633235,1.0650202357218543,1.1512987607435725,0,6,0,0,0.0,0,0,6,0,0,0.0,0,1,1,0,0.0,0.0,0.0,0.0,0,True,False,True,False,False,True,False,False,False,False,False,False,False,False,False,False,True,False,False,False,True,False,False,False,True,False,False
1.7296549799693344,0.02932364582887579,0.022228767979372222,-0.6939730878554988,0,8,8,7,12.628571428571428,0,0,8,8,7,12.628571428571428,0,0,1,0,0.875,0.875,1.0,1.0,2,True,False,False,True,False,False,False,False,False,False,False,False,False,False,False,False,False,False,False,False,False,False,True,False,True,False,False
0.9684140695650034,0.5601558572210751,-0.10207749969853928,-0.562167955812708,0,8,8,7,14.232857142857142,0,0,8,8,7,14.232857142857142,0,0,1,0,0.875,0.875,1.0,1.0,2,True,False,False,True,False,False,False,False,False,False,False,False,False,False,False,False,False,False,False,False,False,False,True,False,True,True,False
0.2071731591606723,-0.19817587333920963,0.7197250477276551,-0.562167955812708,0,6,6,6,15.0,0,0,6,7,6,14.0,0,0,1,0,1.0,1.0,1.0,1.1666666666666667,1,True,False,False,False,False,True,False,False,False,False,False,False,False,False,True,False,False,False,False,False,False,False,False,False,True,False,False
0.2071731591606723,-0.2740090463952381,-0.34378413129447866,-0.6939730878554988,0,6,15,2,10.0,0,0,6,12,0,0.0,0,0,1,0,0.3333333333333333,0.0,2.5,2.0,0,True,False,False,False,False,False,False,False,False,False,False,False,False,False,False,False,False,False,False,False,False,False,True,False,True,False,False
0.9684140695650034,-1.714839334459779,-1.3451401764776563,-0.6939730878554988,0,6,11,4,12.25,0,0,6,10,4,11.0,0,0,1,0,0.6666666666666666,0.6666666666666666,1.8333333333333333,1.6666666666666667,0,True,False,False,False,False,False,False,False,False,False,False,False,False,False,True,False,False,False,True,False,False,False,True,False,True,True,False
-0.5540677512436588,0.03690696313447821,-1.5868468080735956,0.09685770440124603,0,6,6,6,13.5,0,0,6,6,6,13.0,0,1,1,1,1.0,1.0,1.0,1.0,2,True,False,False,False,False,True,False,True,False,False,False,False,False,False,False,False,False,False,False,False,False,False,False,True,False,True,False
0.2071731591606723,-0.04650952722715268,0.422771186052643,-0.562167955812708,0,6,8,5,12.2,0,0,6,7,6,11.5,0,0,1,0,0.8333333333333334,1.0,1.3333333333333333,1.1666666666666667,2,True,False,False,False,False,True,False,False,False,False,False,False,False,False,False,False,False,False,False,False,False,False,True,False,True,True,False
0.2071731591606723,-1.3356734691796368,-0.9445977584043854,-0.2985576917271264,0,6,0,0,0.0,0,0,6,0,0,0.0,0,0,1,1,0.0,0.0,0.0,0.0,0,True,False,False,False,False,False,False,False,False,False,False,False,False,False,False,False,False,False,False,False,False,False,True,True,True,False,False
-0.5540677512436588,-0.19817587333920963,0.20868816949623997,-0.562167955812708,2,7,11,6,12.0,0,5,9,9,8,12.75,0,0,1,0,0.8571428571428571,0.8888888888888888,1.5714285714285714,1.0,2,True,False,False,False,False,True,True,False,False,True,False,False,False,False,True,False,False,False,False,False,False,False,True,False,True,False,False
0.9684140695650034,0.5601558572210751,-0.18494834481714728,-0.562167955812708,0,7,9,5,12.32,0,0,7,9,5,11.9,0,0,0,0,0.7142857142857143,0.7142857142857143,1.2857142857142858,1.2857142857142858,1,True,False,False,True,False,False,False,False,False,False,True,False,True,False,True,False,False,False,False,True,False,False,True,False,True,False,True
-0.5540677512436588,0.5601558572210751,-1.5177877704747558,1.6785192889147356,0,7,11,6,12.35,0,0,7,12,5,12.5,0,1,1,0,0.8571428571428571,0.7142857142857143,1.5714285714285714,1.7142857142857142,2,True,False,False,True,False,False,False,True,False,False,False,False,False,False,False,False,False,False,False,False,False,False,True,False,True,True,False
-0.5540677512436588,0.03690696313447821,1.1755146958799976,3.6555962695565976,0,6,0,0,0.0,0,0,6,0,0,0.0,0,1,1,0,0.0,0.0,0.0,0.0,0,True,True,False,True,False,False,False,True,False,True,False,False,False,False,False,False,False,False,False,False,False,False,False,False,True,False,False
0.9684140695650034,-0.8806744308434659,-1.0412804110427605,-0.4303628237699172,0,6,7,6,11.333333333333334,0,0,6,10,4,10.571428571428571,0,0,1,0,1.0,0.6666666666666666,1.1666666666666667,1.6666666666666667,1,True,True,False,False,False,False,False,False,False,False,False,False,False,False,True,False,False,False,True,False,False,False,True,False,True,True,False
-0.5540677512436588,0.03690696313447821,-1.3451401764776563,0.7558833646152,0,6,6,0,0.0,0,0,5,5,0,0.0,0,1,1,1,0.0,0.0,1.0,1.0,0,True,True,True,False,False,True,False,True,False,False,False,False,False,False,True,False,False,False,True,False,False,False,False,True,False,False,False
-0.5540677512436588,-0.19817587333920963,0.029134671739256792,0.4922731005296184,3,6,8,5,11.6,0,2,6,9,5,12.0,0,1,1,1,0.8333333333333334,0.8333333333333334,1.3333333333333333,1.5,0,True,True,False,False,False,True,True,False,False,True,False,False,False,False,True,False,False,False,True,False,False,False,False,True,False,False,False
-0.5540677512436588,-0.19817587333920963,1.5208098838741968,1.2831038927863632,0,5,10,4,12.0,0,0,5,8,3,13.666666666666666,1,1,1,0,0.8,0.6,2.0,1.6,1,True,True,False,False,True,False,False,True,False,False,False,False,False,False,False,False,False,False,True,False,False,False,True,False,True,False,False
-0.5540677512436588,-0.9565076038994943,-0.48190220649215837,4.446427061813343,12,15,17,12,11.75,0,9,14,16,9,12.22222222222222,0,1,1,1,0.8,0.6428571428571429,1.1333333333333333,1.1428571428571428,0,False,True,False,False,False,False,True,False,True,False,False,False,False,False,False,False,False,False,False,False,False,False,False,False,False,False,False
-0.5540677512436588,-0.04650952722715268,1.1478910808404612,-0.4303628237699172,0,6,8,5,12.8,0,0,6,10,5,11.6,0,0,0,0,0.8333333333333334,0.8333333333333334,1.3333333333333333,1.6666666666666667,1,True,True,False,False,False,False,False,False,False,False,True,False,True,False,False,True,False,False,False,True,False,False,True,False,True,False,False
-0.5540677512436588,-2.473171065020064,-0.48190220649215837,0.3604679684868276,0,5,7,3,11.333333333333334,0,0,5,7,3,13.666666666666666,0,1,1,0,0.6,0.6,1.4,1.4,0,True,True,False,False,False,False,False,True,False,False,False,False,False,False,True,False,False,False,True,False,False,False,False,False,True,False,False
-0.5540677512436588,-0.19817587333920963,0.0705700942985603,0.4922731005296184,0,5,5,0,0.0,0,0,5,7,0,0.0,0,1,1,1,0.0,0.0,1.0,1.4,1,True,True,False,False,True,False,False,True,False,False,False,False,False,False,False,False,False,False,False,True,False,False,False,True,False,False,False
-0.5540677512436588,-0.2740090463952381,-0.6062084741700698,-0.562167955812708,0,5,5,5,10.8,0,0,5,5,4,12.25,0,0,1,0,1.0,0.8,1.0,1.0,2,True,True,False,False,False,False,False,False,False,False,False,False,False,False,True,False,False,False,False,False,False,False,False,False,True,False,False
-0.5540677512436588,2.0768193183416446,2.280459297461435,-0.034947427641544786,1,6,10,5,12.5,0,1,6,8,2,13.5,0,0,1,0,0.8333333333333334,0.3333333333333333,1.6666666666666667,1.3333333333333333,0,True,True,False,True,False,False,True,False,False,True,False,False,False,False,True,False,False,False,False,False,False,False,True,False,True,False,False
-0.5540677512436588,-0.9565076038994943,1.7556106117102526,0.4922731005296184,0,5,5,5,15.2,0,0,5,6,5,14.166666666666666,0,1,1,0,1.0,1.0,1.0,1.2,2,True,True,True,False,False,False,False,True,False,False,False,False,False,False,True,False,False,False,True,False,False,False,False,False,True,False,False
3.2521368007779965,-0.8048412577874374,-0.7167029343282142,-0.4303628237699172,0,7,7,7,13.314285714285717,0,0,8,8,8,12.575,0,0,1,1,1.0,1.0,1.0,1.0,2,True,True,False,True,False,False,False,False,False,False,False,False,False,False,False,True,False,False,True,False,False,False,True,True,True,True,False
-0.5540677512436588,0.7876553763891605,1.0097730056427816,-0.562167955812708,6,12,12,11,13.090909090909092,0,5,11,12,11,12.083333333333334,0,0,1,0,0.9166666666666666,1.0,1.0,1.0909090909090908,2,True,False,False,False,False,True,False,False,False,False,False,False,False,False,False,False,False,False,True,False,False,False,False,False,True,True,False
-0.5540677512436588,-1.714839334459779,-1.4832582516753359,-0.562167955812708,0,6,0,0,0.0,0,0,6,0,0,0.0,0,0,0,1,0.0,0.0,0.0,0.0,0,True,False,False,False,False,True,False,False,False,False,True,False,False,False,False,True,False,False,False,False,False,False,True,True,False,False,False
-0.5540677512436588,-0.6531749116753804,-0.7374206456078659,-0.4303628237699172,0,6,8,5,12.2,0,0,6,6,6,11.5,0,0,1,0,0.8333333333333334,1.0,1.3333333333333333,1.0,2,True,False,False,False,False,True,False,False,False,False,False,False,False,False,False,False,False,False,False,True,False,False,True,False,True,False,False
-0.5540677512436588,-1.714839334459779,-1.1724925824805565,1.2831038927863632,5,8,10,6,12.833333333333334,0,2,5,8,4,12.0,0,1,1,0,0.75,0.8,1.25,1.6,1,False,False,False,False,False,False,True,False,True,False,False,False,False,False,False,False,False,False,False,False,False,False,False,False,True,False,False
-0.5540677512436588,-0.19817587333920963,-0.5164317252915782,-0.16675255968433558,9,15,17,15,11.2,0,9,14,15,14,12.428571428571429,0,0,1,0,1.0,1.0,1.1333333333333333,1.0714285714285714,2,True,False,True,False,False,False,False,True,False,False,False,False,False,False,False,False,False,False,False,False,False,False,True,False,True,False,False
3.2521368007779965,0.48432268416504665,-0.1366070184979592,-0.6939730878554988,0,5,8,3,12.333333333333334,0,0,5,7,4,12.0,0,0,1,0,0.6,0.8,1.6,1.4,2,True,False,False,False,False,False,False,False,False,False,False,False,False,False,True,False,False,False,True,False,False,False,True,False,True,False,False
-0.5540677512436588,0.5601558572210751,2.280459297461435,0.4922731005296184,0,8,8,7,15.94285714285714,0,0,8,8,7,15.94285714285714,0,1,1,0,0.875,0.875,1.0,1.0,2,False,False,False,True,False,False,False,True,True,False,False,False,False,False,False,False,False,False,False,False,False,False,False,False,True,False,False
-0.5540677512436588,1.3184875877813598,1.5898689214730366,0.4922731005296184,0,5,0,0,0.0,0,0,5,0,0,0.0,0,1,1,0,0.0,0.0,0.0,0.0,0,True,False,True,False,False,False,False,True,False,False,False,False,False,False,False,False,False,False,False,False,False,False,False,False,True,False,False
-0.5540677512436588,-0.7290080847314089,-0.8271973944863575,-0.562167955812708,0,6,10,4,10.25,0,0,6,8,6,10.714285714285714,0,0,1,0,0.6666666666666666,1.0,1.6666666666666667,1.3333333333333333,2,True,False,False,False,False,True,False,False,False,False,False,False,False,False,False,False,False,False,False,False,False,False,True,False,True,False,False
-0.5540677512436588,-0.3498422194512666,0.09819370933809662,-0.4303628237699172,0,6,10,5,13.2,0,0,6,12,5,12.833333333333334,0,0,1,0,0.8333333333333334,0.8333333333333334,1.6666666666666667,2.0,1,True,False,False,False,False,True,False,False,False,False,False,False,False,False,False,False,False,False,False,False,False,False,True,False,True,True,False
-0.5540677512436588,-2.473171065020064,-0.9791272772038053,-0.034947427641544786,0,6,6,6,14.166666666666666,0,0,6,6,6,12.5,0,0,1,0,1.0,1.0,1.0,1.0,2,True,False,True,False,False,True,False,False,False,False,False,False,False,False,False,False,False,False,False,False,False,False,False,False,True,True,False
-0.5540677512436588,1.166821241669303,0.2777472070950798,-0.16675255968433558,18,23,23,20,14.575,3,18,23,23,20,14.575,3,0,1,0,0.8695652173913043,0.8695652173913043,1.0,1.0,2,True,False,False,True,False,False,False,True,False,False,False,False,False,False,False,False,False,True,False,True,False,False,True,False,True,True,False
0.2071731591606723,-0.19817587333920963,-0.371407746334015,-0.6939730878554988,0,6,9,1,10.0,1,0,6,6,0,0.0,0,0,1,0,0.16666666666666666,0.0,1.5,1.0,0,True,False,False,False,False,False,False,False,False,False,False,False,False,False,False,False,False,False,False,False,False,False,True,False,True,True,False
1.7296549799693344,-1.1081739500115513,-1.1724925824805565,-0.6939730878554988,0,6,7,6,12.285714285714286,0,0,6,8,6,11.428571428571429,0,0,1,0,1.0,1.0,1.1666666666666667,1.3333333333333333,2,True,False,False,False,False,True,False,False,False,False,False,False,False,False,False,False,False,False,False,False,False,False,False,False,True,True,False
-0.5540677512436588,-0.9565076038994943,1.486280365074777,1.0194936287007816,0,6,6,6,14.0,0,0,6,6,6,12.333333333333334,0,1,1,0,1.0,1.0,1.0,1.0,2,True,False,True,False,False,True,False,True,False,False,False,False,False,False,False,False,False,False,False,False,False,False,False,False,True,True,False
1.7296549799693344,-1.0323407769555228,-0.5993025704101862,-0.562167955812708,0,6,8,4,11.25,0,0,6,0,0,0.0,0,0,1,0,0.6666666666666666,0.0,1.3333333333333333,0.0,0,True,False,False,False,False,True,False,False,False,False,False,False,False,False,False,False,False,False,False,False,False,False,False,False,True,False,False
-0.5540677512436588,0.40848951110901816,0.6161364913293953,-0.562167955812708,0,6,11,5,11.6,0,0,6,11,6,11.666666666666666,0,0,1,0,0.8333333333333334,1.0,1.8333333333333333,1.8333333333333333,1,True,False,False,False,False,True,False,False,False,False,False,False,False,False,False,False,False,False,False,False,False,False,True,False,True,False,False
-0.5540677512436588,-0.425675392507295,-0.7719501644072858,0.09685770440124603,0,6,12,1,12.0,0,0,6,12,0,0.0,0,1,1,0,0.16666666666666666,0.0,2.0,2.0,0,True,False,True,False,False,True,False,False,False,False,False,False,False,False,True,False,False,False,False,False,False,False,False,False,True,False,False
-0.5540677512436588,0.10515681888490426,-0.39903136137355033,-0.562167955812708,0,7,10,7,13.47,0,0,8,8,8,13.32625,0,0,1,0,1.0,1.0,1.4285714285714286,1.0,2,True,False,False,True,False,False,False,False,False,False,False,False,False,False,False,True,False,False,False,False,False,False,False,False,True,False,False
1.7296549799693344,0.02932364582887579,0.6368542026090461,-0.562167955812708,0,5,6,5,12.4,0,0,5,5,5,12.8,0,0,1,0,1.0,1.0,1.2,1.0,2,True,False,False,False,False,False,False,False,False,False,False,False,False,False,True,False,False,False,True,False,False,False,True,False,True,False,False
-0.5540677512436588,0.03690696313447821,-1.8492711509491868,0.3604679684868276,0,6,9,3,11.75,0,0,6,11,4,11.5,3,1,1,1,0.5,0.6666666666666666,1.5,1.8333333333333333,0,True,False,False,False,False,False,False,True,False,False,False,False,False,False,False,False,False,False,False,False,False,False,True,False,False,False,False
-0.5540677512436588,3.593482779462214,1.7763283229899034,0.4922731005296184,0,0,0,0,0.0,0,0,0,0,0,0.0,0,1,1,1,0.0,0.0,0.0,0.0,0,True,True,False,False,False,True,False,False,False,False,False,False,False,False,False,False,False,False,False,False,False,False,True,True,False,False,True
1.7296549799693344,-0.2740090463952381,-0.26781918993575526,-0.562167955812708,0,6,7,6,12.0,0,0,6,7,6,12.428571428571429,0,0,1,0,1.0,1.0,1.1666666666666667,1.1666666666666667,2,True,False,False,False,False,True,False,False,False,False,False,False,False,False,True,False,False,False,False,False,False,False,True,False,True,False,False
-0.5540677512436588,-0.9565076038994943,0.20868816949623997,0.7558833646152,0,5,8,5,15.333333333333334,2,0,5,6,5,15.4,0,1,1,0,1.0,1.0,1.6,1.2,0,False,False,False,True,False,False,False,True,False,False,False,False,False,False,False,True,False,False,True,False,False,False,False,False,True,False,False
3.2521368007779965,0.6359890302771035,-0.1366070184979592,-0.6939730878554988,0,8,8,8,12.32,0,0,8,8,8,12.32,0,0,1,0,1.0,1.0,1.0,1.0,2,True,False,False,True,False,False,False,False,False,False,False,False,False,False,True,False,False,False,True,False,False,False,True,False,True,True,False
-0.5540677512436588,-1.1081739500115513,-0.9584095659241536,-0.562167955812708,0,7,7,7,13.79857142857143,0,0,8,8,8,14.75625,0,0,1,0,1.0,1.0,1.0,1.0,2,True,False,False,True,False,False,False,False,False,False,False,False,False,False,False,False,False,False,False,False,False,False,True,False,True,False,False
2.4908958903736655,-0.425675392507295,-0.4059372651334349,-0.6939730878554988,0,6,6,6,13.166666666666666,0,0,6,6,6,12.5,0,0,1,0,1.0,1.0,1.0,1.0,1,True,False,False,False,False,True,False,False,False,False,False,False,False,False,True,False,False,False,True,False,False,False,True,False,True,False,False
-0.5540677512436588,3.3659832602941284,2.439295083938767,-0.6939730878554988,0,5,6,5,16.333333333333332,0,0,5,5,5,15.4,0,0,1,0,1.0,1.0,1.2,1.0,2,True,False,False,False,False,False,False,False,False,False,False,False,False,False,False,True,False,False,False,False,False,False,False,False,True,True,False
-0.5540677512436588,-0.04650952722715268,0.34680624469391963,-0.562167955812708,0,0,0,0,0.0,0,0,0,0,0,0.0,0,0,1,0,0.0,0.0,0.0,0.0,0,True,False,False,False,False,True,False,True,False,False,False,False,False,False,False,True,False,False,True,False,False,False,True,False,True,False,False
1.7296549799693344,0.02932364582887579,0.25702949581542706,-0.562167955812708,0,7,7,7,14.757142857142856,0,0,8,9,8,15.366666666666667,0,0,0,0,1.0,1.0,1.0,1.125,2,True,False,False,True,False,False,False,False,False,False,True,False,True,False,True,False,False,False,True,False,False,False,True,False,True,False,False
1.7296549799693344,-0.6531749116753804,-0.32306642001482694,-0.562167955812708,0,6,7,6,11.666666666666666,0,0,6,6,6,12.333333333333334,0,0,1,0,1.0,1.0,1.1666666666666667,1.0,0,True,False,False,False,False,False,False,False,False,False,False,False,False,False,True,False,False,False,True,False,False,False,True,False,True,False,False
-0.5540677512436588,0.7876553763891605,1.182420599639881,-0.562167955812708,0,6,7,5,12.6,0,0,6,10,5,12.375,0,0,0,0,0.8333333333333334,0.8333333333333334,1.1666666666666667,1.6666666666666667,1,True,False,False,False,False,False,False,False,False,False,True,False,False,False,False,True,False,False,False,False,False,False,True,False,True,False,False
-0.5540677512436588,-0.3498422194512666,-0.6062084741700698,-0.562167955812708,0,6,6,6,11.666666666666666,0,0,6,6,6,11.5,0,0,1,0,1.0,1.0,1.0,1.0,2,True,False,False,False,False,True,False,False,False,False,False,False,False,False,False,False,False,False,False,False,False,False,False,False,True,False,False
-0.5540677512436588,0.40848951110901816,0.4503948010921794,-0.562167955812708,0,6,6,6,15.0,0,0,6,6,6,13.333333333333334,0,0,1,0,1.0,1.0,1.0,1.0,2,True,False,False,False,False,True,False,False,False,False,False,False,False,False,True,False,False,False,False,False,False,False,False,False,True,True,False
2.4908958903736655,0.8634885494451889,-0.012300750820047694,-0.6939730878554988,0,7,0,0,0.0,0,0,8,0,0,0.0,0,0,1,1,0.0,0.0,0.0,0.0,0,True,False,False,True,False,False,False,False,False,False,False,False,False,False,False,False,False,False,False,False,False,False,True,True,False,False,False
1.7296549799693344,-0.8048412577874374,-0.4128431688933185,-0.4303628237699172,0,6,7,6,13.571428571428571,0,0,6,6,6,13.333333333333334,0,0,1,0,1.0,1.0,1.1666666666666667,1.0,2,True,False,False,False,False,True,False,False,False,False,False,False,False,False,False,False,False,False,False,False,False,False,True,False,True,False,False
-0.5540677512436588,-1.6390061614037505,-0.6407379929694897,-0.4303628237699172,0,6,8,5,10.8,0,0,6,9,4,11.5,0,0,1,0,0.8333333333333334,0.6666666666666666,1.3333333333333333,1.5,2,True,False,False,False,False,False,False,False,False,False,False,False,False,False,False,True,False,False,False,False,False,False,False,False,True,False,False
-0.5540677512436588,0.03690696313447821,-0.8271973944863575,-0.2985576917271264,0,5,8,3,11.333333333333334,1,0,5,8,3,13.333333333333334,0,0,1,0,0.6,0.6,1.6,1.6,1,True,False,False,True,False,False,False,False,False,False,False,False,False,False,False,True,False,False,False,True,False,False,True,False,True,False,False
-0.5540677512436588,-0.9565076038994943,0.1534409394171673,1.0194936287007816,4,10,16,5,11.4,0,4,10,10,6,12.833333333333334,0,1,1,0,0.5,0.6,1.6,1.0,0,False,False,True,False,False,False,False,False,True,False,False,False,False,False,False,False,False,False,False,True,False,False,False,False,True,False,False
-0.5540677512436588,0.18098999194093274,-0.08135978841888752,-0.4303628237699172,0,7,14,7,10.642857142857142,0,0,8,8,8,11.55,0,0,1,0,1.0,1.0,2.0,1.0,2,True,False,False,True,False,False,False,False,False,False,False,False,False,False,False,False,False,False,False,False,False,False,False,False,True,True,False
2.4908958903736655,-0.577341738619352,-0.5923966666503017,-0.562167955812708,0,5,8,3,10.5,0,0,5,6,4,11.75,1,0,1,0,0.6,0.8,1.6,1.2,1,True,False,False,False,False,False,False,False,False,False,False,False,False,False,False,False,False,False,False,False,False,False,True,False,True,True,False
-0.5540677512436588,1.0909880686132745,1.037396620682318,-0.6939730878554988,0,7,7,6,14.65,0,0,7,7,6,14.65,0,0,1,0,0.8571428571428571,0.8571428571428571,1.0,1.0,2,True,False,False,True,False,False,False,False,False,False,False,False,False,False,False,False,False,False,False,False,False,False,True,False,True,False,False
0.9684140695650034,0.33265633805298966,-0.019206654579931284,-0.562167955812708,0,7,7,7,13.714285714285714,0,0,8,11,8,14.863636363636363,0,0,1,0,1.0,1.0,1.0,1.375,2,True,False,False,True,False,False,False,False,False,False,False,False,False,False,False,False,False,False,False,False,False,False,True,False,True,True,False
-0.5540677512436588,-1.1840071230675797,-1.2208339087997446,0.8876884966579909,9,16,19,15,12.266666666666667,0,11,13,14,13,12.071428571428571,0,1,1,0,0.9375,1.0,1.1875,1.0769230769230769,2,True,False,False,False,False,True,False,True,False,False,False,False,False,False,False,False,True,False,False,False,True,False,False,False,True,False,False
-0.5540677512436588,-0.5015085655633235,-0.6959852230485615,-0.2985576917271264,0,6,11,6,10.375,0,0,6,12,3,11.666666666666666,0,0,1,0,1.0,0.5,1.8333333333333333,2.0,1,True,False,False,False,False,True,False,False,False,False,False,False,False,False,False,False,False,False,False,False,False,False,True,False,True,False,False
-0.5540677512436588,-0.3498422194512666,-0.36450184257413043,-0.562167955812708,0,5,8,5,11.0,0,0,5,6,5,15.4,0,0,1,0,1.0,1.0,1.6,1.2,2,True,False,False,False,False,False,False,False,False,False,False,False,False,False,False,False,False,False,True,False,False,False,True,False,True,False,False
3.2521368007779965,-1.3356734691796368,-0.6821734155287943,-0.16675255968433558,0,5,5,5,13.8,0,0,5,5,5,13.0,0,0,1,1,1.0,1.0,1.0,1.0,2,True,False,False,False,False,False,False,False,False,False,False,False,False,False,True,False,False,False,False,False,False,False,True,True,True,False,False
-0.5540677512436588,-0.8806744308434659,-0.868632817045661,-0.6939730878554988,0,6,6,6,12.666666666666666,0,0,6,6,6,12.833333333333334,0,0,1,0,1.0,1.0,1.0,1.0,2,True,False,False,False,False,True,False,False,False,False,False,False,False,False,True,False,False,False,False,False,False,False,False,False,True,True,False
-0.5540677512436588,0.10515681888490426,0.41586528229275943,-0.6939730878554988,0,6,8,6,11.75,0,0,6,10,5,12.0,0,0,0,0,1.0,0.8333333333333334,1.3333333333333333,1.6666666666666667,2,True,False,False,False,False,True,False,False,False,False,True,False,False,False,False,True,False,False,True,False,False,False,True,False,True,False,False
0.9684140695650034,-0.5015085655633235,-0.5647730516107663,-0.562167955812708,0,8,8,7,12.785714285714286,0,0,8,8,7,12.785714285714286,0,0,1,0,0.875,0.875,1.0,1.0,2,True,False,False,True,False,False,False,False,False,False,False,False,False,False,False,False,False,False,False,False,False,False,True,False,True,True,False
-0.5540677512436588,1.3943207608373882,1.6589279590718764,-0.6939730878554988,0,6,11,6,14.444444444444445,0,0,6,6,6,13.333333333333334,0,0,0,0,1.0,1.0,1.8333333333333333,1.0,2,True,False,False,False,False,True,False,False,False,False,True,False,False,False,False,True,False,False,True,False,False,False,True,False,True,False,False
3.2521368007779965,-0.8048412577874374,-0.5095258215316947,-0.2985576917271264,0,7,8,6,13.25,0,0,8,8,8,13.8375,0,0,1,0,0.8571428571428571,1.0,1.1428571428571428,1.0,1,True,False,False,True,False,False,False,False,False,False,False,False,False,False,True,False,False,False,True,False,False,False,True,False,True,False,False
-0.5540677512436588,0.6359890302771035,0.5816069725299754,-0.6939730878554988,0,7,9,7,12.50625,0,0,8,15,5,13.2,0,0,0,0,1.0,0.625,1.2857142857142858,1.875,1,True,False,False,True,False,False,False,False,False,False,True,False,False,False,False,True,False,False,False,False,False,False,True,False,True,False,False
-0.5540677512436588,0.40848951110901816,1.582963017713153,-0.4303628237699172,0,0,0,0,0.0,0,0,0,0,0,0.0,0,0,0,0,0.0,0.0,0.0,0.0,2,True,False,False,False,False,True,False,False,False,False,False,False,True,False,True,False,False,False,False,True,False,False,True,False,True,False,False
-0.5540677512436588,0.02932364582887579,-0.4749963027322748,-0.6939730878554988,0,5,8,4,12.75,1,0,5,10,4,11.75,0,0,1,0,0.8,0.8,1.6,2.0,2,True,False,False,True,False,False,False,False,False,False,False,False,False,False,False,False,False,False,False,False,False,False,True,False,True,False,False
-0.5540677512436588,1.3184875877813598,3.1989444975260053,0.22866283644403682,1,6,7,6,16.857142857142858,0,1,6,6,6,16.5,0,1,0,0,1.0,1.0,1.1666666666666667,1.0,2,True,False,False,True,False,False,False,True,True,False,True,False,True,False,True,False,False,False,False,False,False,False,True,False,True,False,False
-0.5540677512436588,0.25682316499696123,-0.0537361733793512,-0.562167955812708,0,6,6,6,13.166666666666666,0,0,6,6,6,15.0,0,0,1,0,1.0,1.0,1.0,1.0,2,True,False,False,False,False,True,False,False,False,False,False,False,False,False,True,False,False,False,False,True,False,False,False,False,True,False,False
-0.5540677512436588,-0.2740090463952381,-0.005394847060163122,-0.562167955812708,0,6,9,5,12.2,0,0,6,10,4,11.5,0,0,1,0,0.8333333333333334,0.6666666666666666,1.5,1.6666666666666667,1,True,False,False,False,False,True,False,False,False,False,False,False,False,False,False,True,False,False,False,False,False,False,True,False,True,True,False
-0.5540677512436588,-0.3498422194512666,2.1009057997044516,0.3604679684868276,0,6,7,6,16.5,0,0,6,8,6,14.285714285714286,0,1,1,0,1.0,1.0,1.1666666666666667,1.3333333333333333,2,True,False,False,True,False,False,False,True,False,False,False,False,False,False,False,False,False,False,False,False,False,False,True,False,True,False,False
0.2071731591606723,-0.12234270028318116,-0.4680903989723902,-0.2985576917271264,0,5,10,4,11.75,0,0,5,6,5,11.6,0,0,1,0,0.8,1.0,2.0,1.2,2,True,False,False,False,False,False,False,False,False,False,False,False,False,False,True,False,False,False,True,False,False,False,True,False,True,False,False
-0.5540677512436588,-0.19817587333920963,-0.15041882601772735,-0.562167955812708,0,5,14,1,11.0,0,0,5,6,0,0.0,0,0,1,0,0.2,0.0,2.8,1.2,0,True,False,False,False,False,False,False,False,False,False,False,False,False,False,False,True,False,False,False,False,False,False,False,False,True,False,False
-0.5540677512436588,1.3184875877813598,0.2294058807758927,-0.562167955812708,0,8,8,7,15.114285714285714,0,0,8,8,7,15.114285714285714,0,0,1,0,0.875,0.875,1.0,1.0,2,True,False,False,True,False,False,False,False,False,False,False,False,False,False,False,False,False,False,False,False,False,False,False,False,True,True,False
-0.5540677512436588,2.4559851836217867,1.7556106117102526,-0.6939730878554988,0,6,8,6,15.5,0,0,6,7,6,14.285714285714286,0,0,1,0,1.0,1.0,1.3333333333333333,1.1666666666666667,2,True,False,False,False,False,True,False,False,False,False,False,False,False,False,False,False,False,False,False,False,False,False,True,False,True,True,False
-0.5540677512436588,0.03690696313447821,-0.9307859508846172,1.1512987607435725,3,10,12,7,11.142857142857142,0,4,10,10,8,12.0,0,1,1,0,0.7,0.8,1.2,1.0,2,False,False,True,False,False,False,False,True,False,False,False,False,False,False,False,False,False,False,False,False,False,False,False,False,True,True,False
-0.5540677512436588,-0.5015085655633235,-0.08826569217877112,-0.6939730878554988,0,6,6,6,11.333333333333334,0,0,6,8,6,11.333333333333334,0,0,0,0,1.0,1.0,1.0,1.3333333333333333,2,True,False,False,False,False,True,False,False,False,False,True,False,False,False,True,False,False,False,True,False,False,False,False,False,True,True,False
2.4908958903736655,-2.3973378919640354,-1.697341268231739,-0.4303628237699172,0,7,9,5,12.04,0,0,7,9,6,11.77142857142857,0,0,1,0,0.7142857142857143,0.8571428571428571,1.2857142857142858,1.2857142857142858,1,True,False,False,True,False,False,False,False,False,False,False,False,False,False,False,True,False,False,True,False,False,False,False,False,True,False,False
0.9684140695650034,-0.577341738619352,-0.08826569217877112,-0.4303628237699172,0,5,7,5,11.166666666666666,0,0,5,9,4,10.75,0,0,1,0,1.0,0.8,1.4,1.8,1,True,False,False,False,False,False,False,False,False,False,False,False,False,False,False,False,False,False,False,False,False,False,False,False,True,False,False
-0.5540677512436588,-2.473171065020064,-0.48190220649215837,2.073934685043108,0,5,6,5,10.6,0,0,5,7,4,10.75,0,1,1,1,1.0,0.8,1.2,1.4,2,False,False,False,False,False,False,False,True,False,False,False,False,False,False,True,False,False,False,False,False,False,False,False,True,True,True,False
-0.5540677512436588,-1.1840071230675797,-1.2208339087997446,-0.4303628237699172,0,5,10,4,12.5,0,0,5,12,2,13.0,0,0,1,0,0.8,0.4,2.0,2.4,1,True,False,False,False,False,True,False,False,False,False,False,False,False,False,False,False,False,False,False,False,False,False,True,False,True,False,False
-0.5540677512436588,2.000986145285616,2.4323891801788817,-0.6939730878554988,0,0,0,0,0.0,0,0,0,0,0,0.0,0,0,0,1,0.0,0.0,0.0,0.0,0,True,False,False,False,False,True,False,False,False,False,True,False,False,False,True,False,False,False,True,False,False,False,True,True,False,False,False
-0.5540677512436588,3.3659832602941284,1.9835054357864228,-0.6939730878554988,0,6,6,6,15.666666666666666,0,0,6,6,6,13.833333333333334,0,0,0,1,1.0,1.0,1.0,1.0,2,True,False,False,False,False,True,False,False,False,False,True,False,False,False,False,True,False,False,False,True,False,False,False,True,True,True,False
-0.5540677512436588,1.7734866261175306,1.4310331349957042,-0.2985576917271264,6,12,12,12,15.333333333333334,0,4,11,15,11,15.0,0,0,0,0,1.0,1.0,1.0,1.3636363636363635,2,True,False,False,False,False,True,False,False,False,False,True,False,True,False,False,True,False,False,False,True,False,False,True,False,True,False,False
2.4908958903736655,-0.577341738619352,-0.785761971927054,-0.6939730878554988,0,7,9,6,12.183333333333332,0,0,7,9,6,11.783333333333331,0,0,1,0,0.8571428571428571,0.8571428571428571,1.2857142857142858,1.2857142857142858,1,True,False,False,True,False,False,False,False,False,False,False,False,False,False,False,True,False,False,False,False,False,False,True,False,True,False,False
0.2071731591606723,-0.19817587333920963,-0.6338320892096062,-0.6939730878554988,0,5,8,2,10.0,0,0,5,9,3,11.333333333333334,0,0,1,0,0.4,0.6,1.6,1.8,1,True,False,False,False,False,False,False,False,False,False,False,False,False,False,False,False,False,False,False,False,False,False,False,False,True,False,False
-0.5540677512436588,-0.577341738619352,-0.1366070184979592,-0.2985576917271264,9,14,23,9,12.0,2,6,12,21,8,11.25,0,0,1,0,0.6428571428571429,0.6666666666666666,1.6428571428571428,1.75,2,True,False,False,False,False,True,False,True,False,False,False,False,False,False,True,False,False,False,False,False,False,False,True,False,True,False,False
-0.5540677512436588,-0.425675392507295,0.1948763619764728,-0.16675255968433558,0,5,8,3,10.333333333333334,0,0,5,11,2,10.0,0,0,1,0,0.6,0.4,1.6,2.2,0,True,False,False,False,False,False,False,False,False,False,False,False,False,False,True,False,False,False,True,False,False,False,True,False,True,False,False
-0.5540677512436588,-0.8806744308434659,-0.26781918993575526,-0.2985576917271264,0,6,11,6,11.166666666666666,0,0,6,14,3,14.666666666666666,0,0,1,0,1.0,0.5,1.8333333333333333,2.3333333333333335,1,True,True,False,False,False,False,False,False,False,False,False,False,False,False,True,False,False,False,True,False,False,False,True,False,True,False,False
-0.5540677512436588,0.18098999194093274,-0.28853690121540704,-0.4303628237699172,0,6,8,3,11.0,0,0,6,8,2,11.333333333333334,0,0,1,0,0.5,0.3333333333333333,1.3333333333333333,1.3333333333333333,1,True,True,False,False,False,True,False,True,False,False,False,False,False,False,False,False,False,False,False,False,False,False,True,False,True,True,False
0.2071731591606723,-0.577341738619352,-0.6683616080090261,-0.2985576917271264,0,0,0,0,0.0,0,0,0,0,0,0.0,0,0,1,0,0.0,0.0,0.0,0.0,2,True,True,False,False,False,True,False,False,False,False,False,False,False,False,False,False,False,False,False,False,False,False,True,False,True,True,False
-0.5540677512436588,0.40848951110901816,-0.03301846209969945,-0.4303628237699172,0,6,7,6,12.857142857142858,0,0,6,8,5,11.8,0,0,1,0,1.0,0.8333333333333334,1.1666666666666667,1.3333333333333333,2,True,False,False,False,False,False,False,False,False,False,False,False,False,False,False,False,False,False,False,False,False,False,True,False,True,True,True
1.7296549799693344,0.25682316499696123,-0.27472509369563886,-0.562167955812708,0,8,8,7,14.328571428571427,0,0,8,8,7,14.328571428571427,0,0,1,0,0.875,0.875,1.0,1.0,2,True,False,False,True,False,False,False,False,False,False,False,False,False,False,False,False,False,False,False,False,False,False,True,False,True,False,False
-0.5540677512436588,0.7118222033331321,0.04985238301890855,-0.4303628237699172,0,6,7,6,15.0,0,0,6,6,6,16.333333333333332,0,0,1,0,1.0,1.0,1.1666666666666667,1.0,2,True,False,False,False,False,True,False,False,False,False,False,False,False,False,True,False,False,False,False,False,False,False,False,False,True,True,False
-0.5540677512436588,-0.2740090463952381,-0.6545498004892579,-0.562167955812708,0,5,9,5,13.6,1,0,5,5,5,12.4,0,0,1,0,1.0,1.0,1.8,1.0,2,True,False,False,True,False,False,False,False,False,False,False,False,False,False,False,False,False,False,False,False,False,False,True,False,True,False,False
-0.5540677512436588,0.10515681888490426,0.09819370933809662,-0.6939730878554988,0,5,12,5,12.857142857142858,2,0,5,8,4,13.25,0,0,1,0,1.0,0.8,2.4,1.6,2,True,False,False,True,False,False,False,False,False,False,False,False,False,False,False,True,False,False,False,False,False,False,True,False,True,True,False
0.2071731591606723,-0.7290080847314089,-0.19876015233691544,-0.6939730878554988,0,6,7,2,14.5,0,0,6,6,1,10.0,0,0,0,0,0.3333333333333333,0.16666666666666666,1.1666666666666667,1.0,0,True,False,False,False,False,True,False,False,False,False,True,False,False,False,False,True,False,False,False,True,False,False,True,False,True,False,False
-0.5540677512436588,1.3184875877813598,0.9614316793235945,0.09685770440124603,0,5,7,3,10.666666666666666,0,0,5,7,3,10.5,0,1,1,0,0.6,0.6,1.4,1.4,0,True,False,True,False,False,False,False,True,False,False,False,False,False,False,False,False,False,False,False,False,False,False,False,False,True,False,False
-0.5540677512436588,-0.2740090463952381,-0.0537361733793512,-0.2985576917271264,0,6,7,6,13.428571428571429,0,0,6,8,6,11.333333333333334,0,0,1,1,1.0,1.0,1.1666666666666667,1.3333333333333333,0,True,False,False,False,False,False,False,False,False,False,False,False,False,False,True,False,False,False,False,True,False,False,False,True,False,True,False
0.9684140695650034,0.10515681888490426,-0.4473726876927384,-0.6939730878554988,0,7,12,7,11.716666666666663,0,0,8,13,4,10.868,0,0,1,0,1.0,0.5,1.7142857142857142,1.625,2,True,True,False,True,False,False,False,False,False,False,False,False,False,False,False,False,False,False,False,False,False,False,True,False,True,True,False
-0.5540677512436588,-0.425675392507295,-0.4059372651334349,-0.4303628237699172,0,5,11,4,12.0,0,0,5,5,5,12.8,0,0,1,0,0.8,1.0,2.2,1.0,2,True,True,False,False,False,False,False,False,False,False,False,False,False,False,True,False,False,False,False,False,False,False,True,False,True,True,False
0.2071731591606723,-0.7290080847314089,-0.22638376737645077,-0.4303628237699172,0,6,11,5,13.2,0,0,6,8,4,10.75,0,0,0,1,0.8333333333333334,0.6666666666666666,1.8333333333333333,1.3333333333333333,0,True,False,False,False,False,True,False,False,False,False,False,False,True,False,False,False,False,False,False,True,False,False,True,True,False,False,False
0.9684140695650034,-0.425675392507295,-0.6959852230485615,-0.6939730878554988,0,6,7,5,12.2,0,0,6,10,4,12.25,0,0,1,1,0.8333333333333334,0.6666666666666666,1.1666666666666667,1.6666666666666667,0,True,False,False,False,False,False,False,False,False,False,False,False,False,False,True,False,False,False,False,False,False,False,True,True,True,False,False
-0.5540677512436588,0.03690696313447821,-1.863082958468955,0.22866283644403682,0,7,11,5,12.58,0,0,7,9,6,12.157142857142857,0,1,1,0,0.7142857142857143,0.8571428571428571,1.5714285714285714,1.2857142857142858,2,True,False,False,True,False,False,False,True,False,False,False,False,False,False,False,False,False,False,False,False,False,False,True,False,True,True,False
2.4908958903736655,-0.12234270028318116,-0.4680903989723902,-0.562167955812708,0,6,9,5,11.333333333333334,0,0,6,6,6,10.833333333333334,0,0,1,0,0.8333333333333334,1.0,1.5,1.0,1,True,False,False,False,False,True,False,False,False,False,False,False,False,False,True,False,False,False,False,False,False,False,True,False,True,True,False
-0.5540677512436588,-0.9565076038994943,1.8522932643486287,1.546714156871945,0,7,9,0,0.0,0,0,7,8,0,0.0,0,1,1,1,0.0,0.0,1.2857142857142858,1.1428571428571428,0,False,True,False,False,True,False,False,True,False,False,False,False,False,False,False,False,False,False,True,False,False,False,False,True,True,False,False
1.7296549799693344,0.02932364582887579,-0.4749963027322748,-0.562167955812708,0,7,9,6,12.428571428571429,0,0,8,8,8,14.0,0,0,1,0,0.8571428571428571,1.0,1.2857142857142858,1.0,2,True,False,False,True,False,False,False,False,False,False,False,False,False,False,False,False,False,False,True,False,False,False,True,False,True,True,False
-0.5540677512436588,0.02932364582887579,0.07747599805844389,-0.6939730878554988,0,6,6,6,13.0,0,0,6,6,6,13.0,0,0,1,0,1.0,1.0,1.0,1.0,0,True,True,False,False,False,False,False,False,False,False,False,False,False,False,False,False,False,False,False,False,False,False,True,False,True,True,False
-0.5540677512436588,0.7876553763891605,-0.012300750820047694,-0.562167955812708,0,8,8,7,14.535714285714286,0,0,8,8,7,14.535714285714286,0,0,0,0,0.875,0.875,1.0,1.0,2,True,True,False,True,False,False,False,False,False,False,True,False,False,False,False,True,False,False,False,False,False,False,False,False,True,False,False
-0.5540677512436588,0.5601558572210751,-0.08826569217877112,-0.562167955812708,0,7,8,5,11.2,0,0,7,8,5,11.2,0,0,1,0,0.7142857142857143,0.7142857142857143,1.1428571428571428,1.1428571428571428,1,True,True,False,True,False,False,False,True,False,False,False,False,False,False,False,False,False,False,False,False,False,False,True,False,True,True,False
-0.5540677512436588,1.849319799173559,1.3274445785974445,-0.6939730878554988,0,6,6,6,16.0,0,0,6,6,6,13.666666666666666,0,0,0,0,1.0,1.0,1.0,1.0,2,True,True,False,False,False,True,False,False,False,False,True,False,True,False,False,True,False,False,False,True,False,False,False,False,True,False,False
-0.5540677512436588,0.03690696313447821,0.8992785454846383,0.09685770440124603,0,6,13,5,13.142857142857142,0,0,6,15,3,12.666666666666666,0,1,0,1,0.8333333333333334,0.5,2.1666666666666665,2.5,0,True,True,False,False,False,True,False,True,False,False,False,False,True,False,False,False,False,False,False,True,False,False,True,True,True,False,False
-0.5540677512436588,0.9393217225012175,0.5194538386910192,0.22866283644403682,8,14,23,11,11.6875,0,6,10,20,8,11.142857142857142,0,1,1,0,0.7857142857142857,0.8,1.6428571428571428,2.0,2,True,True,True,False,False,True,False,True,False,False,False,False,False,False,False,False,True,False,False,False,True,False,True,False,True,False,True
-0.5540677512436588,-0.19817587333920963,0.6921014326881187,0.6240782325724092,0,5,11,4,10.5,0,0,5,12,4,11.0,4,1,0,0,0.8,0.8,2.2,2.4,1,True,True,False,False,True,False,False,True,False,False,False,False,True,False,False,False,False,False,False,True,False,False,True,False,True,False,False
-0.5540677512436588,-1.6390061614037505,-1.3451401764776563,-0.562167955812708,0,6,9,6,13.833333333333334,0,0,6,12,5,13.666666666666666,0,0,1,0,1.0,0.8333333333333334,1.5,2.0,2,True,True,False,True,False,False,False,False,False,False,False,False,False,False,True,False,False,False,False,False,False,False,False,False,True,True,False
0.2071731591606723,-1.2598402961236081,-1.0205626997631088,-0.562167955812708,0,5,0,0,0.0,0,0,5,0,0,0.0,0,0,1,0,0.0,0.0,0.0,0.0,0,True,True,False,False,True,False,False,False,False,False,False,False,False,False,False,False,False,False,False,False,False,False,False,False,True,False,False
-0.5540677512436588,0.03690696313447821,0.08438190181832748,0.8876884966579909,0,5,13,0,0.0,3,0,5,5,0,0.0,5,1,1,1,0.0,0.0,2.6,1.0,0,True,True,False,False,False,True,False,True,False,False,False,False,False,False,False,False,False,True,False,False,False,True,False,False,False,True,False
-0.5540677512436588,0.18098999194093274,-0.012300750820047694,-0.562167955812708,0,7,9,0,0.0,0,0,7,8,0,0.0,0,0,1,0,0.0,0.0,1.2857142857142858,1.1428571428571428,0,True,True,False,True,False,False,False,False,False,False,False,False,False,False,True,False,False,False,True,False,False,False,True,False,True,False,False
-0.5540677512436588,0.9393217225012175,0.3537121484538032,-0.2985576917271264,0,5,10,1,10.0,0,0,5,5,0,0.0,0,0,1,0,0.2,0.0,2.0,1.0,0,True,True,False,False,False,False,False,False,False,False,False,False,False,False,True,False,False,False,True,False,False,False,True,False,True,False,False
-0.5540677512436588,-1.1081739500115513,-1.1724925824805565,-0.562167955812708,0,0,0,0,0.0,0,0,0,0,0,0.0,0,0,1,0,0.0,0.0,0.0,0.0,0,True,True,False,False,False,True,False,False,False,False,False,False,False,False,False,True,False,False,True,False,False,False,False,False,True,False,False
-0.5540677512436588,-0.19817587333920963,-1.863082958468955,0.7558833646152,0,6,9,0,0.0,0,0,6,6,0,0.0,0,1,1,1,0.0,0.0,1.5,1.0,0,True,True,False,False,False,True,False,True,False,False,False,False,False,False,False,False,False,False,True,False,False,False,False,False,False,False,False
-0.5540677512436588,-1.3356734691796368,-0.8755387208055456,-0.6939730878554988,0,6,7,4,12.6,0,0,6,6,4,13.0,0,0,1,0,0.6666666666666666,0.6666666666666666,1.1666666666666667,1.0,0,True,True,False,False,False,False,False,False,False,False,False,False,False,False,False,False,False,False,False,False,False,False,False,False,True,False,False
0.2071731591606723,-0.8048412577874374,-0.7305147418479814,-0.2985576917271264,0,5,10,3,11.25,0,0,5,9,3,11.0,0,0,1,0,0.6,0.6,2.0,1.8,1,True,True,False,False,False,False,False,False,False,False,False,False,False,False,True,False,False,False,True,False,False,False,False,False,True,False,False
-0.5540677512436588,-0.9565076038994943,-0.6959852230485615,-0.4303628237699172,6,7,13,7,12.375,0,4,7,8,4,11.25,0,0,0,0,1.0,0.5714285714285714,1.8571428571428572,1.1428571428571428,0,True,True,False,False,False,True,False,True,False,False,True,False,True,False,False,True,False,False,False,True,False,False,False,False,True,False,False
-0.5540677512436588,-0.9565076038994943,0.08438190181832748,0.09685770440124603,3,10,15,7,10.714285714285714,0,3,10,11,9,12.555555555555555,0,1,0,1,0.7,0.9,1.5,1.1,1,True,True,True,False,False,False,False,True,False,False,False,False,True,False,True,False,False,False,False,True,False,False,False,True,True,False,False
0.2071731591606723,-0.9565076038994943,0.001511056699720468,-0.6939730878554988,0,6,6,0,0.0,0,0,6,0,0,0.0,0,0,1,1,0.0,0.0,1.0,0.0,0,True,True,False,False,False,True,False,False,False,False,False,False,False,False,False,True,False,False,True,False,False,False,True,False,False,False,False
-0.5540677512436588,0.5601558572210751,0.8992785454846383,-0.034947427641544786,0,6,14,5,12.0,0,0,6,12,5,12.142857142857142,0,0,0,0,0.8333333333333334,0.8333333333333334,2.3333333333333335,2.0,1,True,True,False,False,False,True,False,True,False,False,False,False,True,False,True,False,False,False,False,True,False,False,True,False,True,False,False
3.2521368007779965,-0.425675392507295,-0.48190220649215837,-0.562167955812708,0,5,6,5,12.6,0,0,5,8,3,12.666666666666666,0,0,1,0,1.0,0.6,1.2,1.6,2,True,True,False,False,False,False,False,False,False,False,False,False,False,False,False,True,False,False,False,False,False,False,True,False,True,False,False
-0.5540677512436588,-1.714839334459779,-1.1724925824805565,1.546714156871945,0,6,7,0,0.0,0,0,6,6,0,0.0,0,1,1,0,0.0,0.0,1.1666666666666667,1.0,0,True,True,False,False,False,False,True,False,True,False,False,False,False,False,False,True,False,False,False,True,False,False,False,False,True,False,False
-0.5540677512436588,1.166821241669303,0.001511056699720468,-0.4303628237699172,0,8,8,7,12.84142857142857,0,0,8,8,7,12.84142857142857,0,0,1,0,0.875,0.875,1.0,1.0,2,True,True,False,True,False,False,False,False,False,False,False,False,False,False,False,False,False,False,False,False,False,False,True,False,True,False,False
-0.5540677512436588,2.8351510489019294,2.245929778662015,1.2831038927863632,0,6,6,0,0.0,0,0,5,5,0,0.0,0,1,1,0,0.0,0.0,1.0,1.0,0,False,True,False,False,False,True,False,True,False,True,False,False,False,False,False,False,False,False,False,False,False,False,False,False,True,False,False
-0.5540677512436588,1.015154895557246,0.5677951650102063,-0.6939730878554988,0,6,7,6,14.166666666666666,0,0,6,6,6,12.833333333333334,0,0,0,0,1.0,1.0,1.1666666666666667,1.0,2,True,True,False,False,False,True,False,False,False,False,False,False,True,False,True,False,False,False,False,True,False,False,True,False,True,False,False
-0.5540677512436588,-0.425675392507295,-0.28853690121540704,-0.4303628237699172,0,6,7,6,12.166666666666666,0,0,6,9,3,12.0,0,0,0,0,1.0,0.5,1.1666666666666667,1.5,1,True,True,False,False,False,True,False,False,False,False,True,False,True,False,True,False,False,False,True,False,False,False,True,False,True,False,False
-0.5540677512436588,-0.577341738619352,-0.620020281689838,-0.562167955812708,0,6,12,4,10.8,0,0,6,14,3,11.0,0,0,0,0,0.6666666666666666,0.5,2.0,2.3333333333333335,0,True,True,False,False,False,True,False,False,False,False,True,False,True,False,False,True,False,False,False,True,False,False,True,False,True,False,False
2.4908958903736655,0.48432268416504665,-0.23328967113633534,-0.6939730878554988,0,6,6,6,13.0,0,0,6,12,0,0.0,0,0,1,0,1.0,0.0,1.0,2.0,0,True,True,False,False,False,True,False,False,False,False,False,False,False,False,True,False,False,False,True,False,False,False,True,False,True,False,False
-0.5540677512436588,0.03690696313447821,-1.1034335448817167,0.6240782325724092,0,5,0,0,0.0,0,0,5,0,0,0.0,0,1,1,1,0.0,0.0,0.0,0.0,0,True,True,True,False,False,False,False,True,False,False,False,False,False,False,False,False,False,False,False,False,False,False,False,False,False,False,False
-0.5540677512436588,1.015154895557246,1.216950118439301,-0.6939730878554988,0,5,5,5,13.0,0,0,5,6,5,13.333333333333334,0,0,0,0,1.0,1.0,1.0,1.2,2,True,True,False,False,False,False,False,False,False,False,True,False,False,False,False,True,False,False,True,False,False,False,False,False,True,False,False
-0.5540677512436588,-1.7906725075158074,-1.0481863148026451,0.22866283644403682,0,6,8,6,11.571428571428571,0,0,6,9,6,11.571428571428571,0,1,0,1,1.0,1.0,1.3333333333333333,1.5,0,True,True,False,False,False,True,False,False,False,False,True,False,True,False,False,True,False,False,False,True,False,False,True,True,True,False,False
-0.5540677512436588,0.18098999194093274,-0.33687822753459506,-0.562167955812708,0,6,6,4,11.5,0,0,6,6,5,11.0,0,0,1,1,0.6666666666666666,0.8333333333333334,1.0,1.0,0,True,True,False,False,False,True,False,False,False,False,False,False,False,False,True,False,False,False,False,False,False,False,False,True,False,False,False
0.2071731591606723,-0.8048412577874374,-0.48880811025204196,-0.6939730878554988,0,6,8,5,11.0,0,0,6,6,4,10.75,0,0,1,0,0.8333333333333334,0.6666666666666666,1.3333333333333333,1.0,2,True,True,False,False,False,True,False,False,False,False,False,False,False,False,True,False,False,False,True,False,False,False,False,False,True,False,False
-0.5540677512436588,-0.19817587333920963,0.20868816949623997,0.7558833646152,1,6,10,6,17.11111111111111,0,2,6,9,6,15.571428571428571,0,1,0,0,1.0,1.0,1.6666666666666667,1.5,2,True,True,False,False,False,True,True,False,True,False,True,False,True,False,False,False,False,False,False,True,False,False,True,False,True,False,False
-0.5540677512436588,-0.6531749116753804,-0.5923966666503017,-0.6939730878554988,0,0,0,0,0.0,0,0,0,0,0,0.0,0,0,0,0,0.0,0.0,0.0,0.0,1,True,True,False,False,False,True,False,False,False,False,True,False,True,False,False,True,False,False,False,True,False,False,True,False,True,False,False
-0.5540677512436588,-1.3356734691796368,-0.9929390847235735,-0.4303628237699172,0,6,9,6,12.571428571428571,0,0,6,6,6,12.166666666666666,0,0,0,0,1.0,1.0,1.5,1.0,2,True,True,False,False,False,False,False,False,False,False,True,False,True,False,True,False,False,False,True,False,False,False,False,False,True,True,False
-0.5540677512436588,1.3184875877813598,1.5898689214730366,-0.4303628237699172,0,6,6,0,0.0,0,0,6,8,0,0.0,0,0,0,0,0.0,0.0,1.0,1.3333333333333333,0,True,True,False,False,False,True,True,False,False,True,True,False,False,False,False,True,False,False,False,False,False,False,False,False,True,False,False
1.7296549799693344,2.8351510489019294,2.681001715534707,-0.6939730878554988,0,6,7,6,14.5,0,0,6,6,6,15.166666666666666,0,0,0,0,1.0,1.0,1.1666666666666667,1.0,2,True,True,False,False,False,True,False,False,False,False,True,False,True,False,False,True,False,False,False,True,False,False,True,False,True,False,False
3.2521368007779965,-2.321504718908007,-1.7456825945509271,-0.2985576917271264,0,6,6,6,13.5,0,0,6,6,6,12.333333333333334,0,0,0,0,1.0,1.0,1.0,1.0,2,True,True,False,False,False,False,False,False,False,False,True,False,False,False,False,True,False,False,False,True,False,False,True,False,True,True,False
0.2071731591606723,0.5601558572210751,-0.18494834481714728,-0.6939730878554988,0,6,9,5,11.2,0,0,6,14,2,10.0,0,0,0,1,0.8333333333333334,0.3333333333333333,1.5,2.3333333333333335,0,True,True,False,False,False,False,False,False,False,False,True,False,True,False,False,True,False,False,False,True,False,False,False,False,False,False,False
2.4908958903736655,0.18098999194093274,-0.33687822753459506,-0.4303628237699172,0,5,10,3,10.666666666666666,0,0,5,5,4,12.25,0,0,1,0,0.6,0.8,2.0,1.0,2,True,True,False,False,True,False,False,False,False,False,False,False,False,False,False,False,False,True,False,False,False,True,True,False,True,False,False
-0.5540677512436588,1.166821241669303,0.5332656462107864,-0.034947427641544786,9,13,15,9,11.0,0,4,11,12,7,11.571428571428571,0,0,1,0,0.6923076923076923,0.6363636363636364,1.1538461538461537,1.0909090909090908,1,True,False,True,False,False,True,False,True,False,False,False,False,False,False,False,False,False,False,False,False,False,False,False,False,True,False,False
-0.5540677512436588,0.5601558572210751,1.9006345906678157,0.3604679684868276,0,1,2,0,0.0,0,0,5,8,0,0.0,0,1,1,0,0.0,0.0,2.0,1.6,0,True,False,True,False,False,False,False,True,False,False,False,False,False,False,False,False,False,False,False,False,False,False,False,False,True,False,False
0.9684140695650034,1.0909880686132745,0.12581732437763296,-0.562167955812708,0,5,5,1,10.0,0,0,5,5,0,0.0,0,0,1,1,0.2,0.0,1.0,1.0,0,True,False,False,False,False,False,False,False,False,False,False,False,False,False,False,False,False,False,False,False,False,False,False,True,True,False,False
-0.5540677512436588,0.5601558572210751,-1.448728732875916,0.09685770440124603,0,7,14,5,12.36,0,1,8,15,5,12.0,0,1,1,1,0.7142857142857143,0.625,2.0,1.875,0,True,False,False,True,False,False,False,True,False,False,False,False,False,False,False,False,False,False,False,False,False,False,True,True,False,True,False
-0.5540677512436588,1.849319799173559,1.3274445785974445,-0.4303628237699172,0,6,8,6,15.25,0,0,6,7,6,14.714285714285714,0,0,1,0,1.0,1.0,1.3333333333333333,1.1666666666666667,2,True,False,False,False,False,False,False,False,False,False,False,False,False,False,False,False,False,False,False,False,False,False,True,False,True,True,False
-0.5540677512436588,-0.9565076038994943,-0.6959852230485615,0.3604679684868276,0,5,5,0,0.0,0,0,5,6,0,0.0,0,1,0,1,0.0,0.0,1.0,1.2,0,True,False,True,False,False,False,False,False,False,False,False,False,True,False,False,False,False,False,False,True,False,False,True,True,False,False,False
-0.5540677512436588,0.03690696313447821,-0.6062084741700698,1.0194936287007816,0,5,8,1,13.0,2,0,5,9,4,12.25,0,1,1,0,0.2,0.8,1.6,1.8,0,True,False,False,False,False,False,False,True,False,True,False,False,False,False,False,False,False,False,False,False,False,False,False,False,True,False,False
-0.5540677512436588,0.5601558572210751,-1.4694464441555677,0.4922731005296184,0,8,8,8,13.81375,0,0,8,8,8,13.81375,0,1,1,0,1.0,1.0,1.0,1.0,2,False,False,False,True,False,False,False,True,False,False,False,False,False,False,False,False,False,False,False,False,False,False,True,False,True,False,False
-0.5540677512436588,-0.19817587333920963,-0.005394847060163122,0.09685770440124603,0,6,8,6,13.285714285714286,0,0,6,13,6,12.875,0,1,1,1,1.0,1.0,1.3333333333333333,2.1666666666666665,2,True,False,False,True,False,False,False,False,False,False,False,False,False,False,False,False,False,False,False,False,False,False,False,True,True,False,False
-0.5540677512436588,1.3184875877813598,1.5898689214730366,-0.034947427641544786,0,6,11,4,11.5,0,0,6,12,4,12.2,0,0,1,0,0.6666666666666666,0.6666666666666666,1.8333333333333333,2.0,1,True,False,False,True,False,False,True,False,False,True,False,False,False,False,False,False,False,False,False,False,False,False,True,False,True,False,False
0.2071731591606723,-1.3356734691796368,-1.2829870426387,-0.4303628237699172,0,7,8,7,11.9625,0,0,8,9,8,13.044444444444444,0,0,1,0,1.0,1.0,1.1428571428571428,1.125,2,True,False,False,True,False,False,False,False,False,False,False,False,False,False,False,False,False,False,False,False,False,False,True,False,True,True,False
3.2521368007779965,-1.1081739500115513,-0.8824446245654292,-0.4303628237699172,0,7,9,6,13.683333333333332,0,0,8,11,6,13.116666666666667,0,0,1,0,0.8571428571428571,0.75,1.2857142857142858,1.375,2,True,False,False,True,False,False,False,False,False,False,False,False,False,False,True,False,False,False,True,False,False,False,True,False,True,False,False
-0.5540677512436588,-0.19817587333920963,0.8992785454846383,0.09685770440124603,0,8,8,7,14.985714285714286,0,0,8,8,7,14.985714285714286,0,1,1,0,0.875,0.875,1.0,1.0,2,True,False,False,True,False,False,False,True,False,False,False,False,False,False,False,False,False,False,True,False,False,False,True,False,True,False,False
-0.5540677512436588,-0.19817587333920963,1.0719261394817379,2.073934685043108,0,5,8,4,11.25,0,0,5,8,4,11.5,0,1,1,0,0.8,0.8,1.6,1.6,1,False,False,False,False,False,False,False,True,False,False,False,False,False,False,False,False,False,False,False,False,False,False,False,False,True,False,False
0.2071731591606723,-0.19817587333920963,-0.03301846209969945,-0.6939730878554988,0,6,8,4,12.5,0,0,6,6,5,12.6,0,0,1,0,0.6666666666666666,0.8333333333333334,1.3333333333333333,1.0,2,True,False,False,False,False,True,False,False,False,False,False,False,False,False,False,True,False,False,False,False,False,False,True,False,True,False,False
0.9684140695650034,-0.9565076038994943,-1.082715833602065,-0.4303628237699172,0,6,0,0,0.0,0,0,6,0,0,0.0,0,0,1,0,0.0,0.0,0.0,0.0,0,True,False,False,True,False,False,False,False,False,False,False,False,False,False,False,False,False,False,False,False,False,False,False,False,True,False,False
0.2071731591606723,-0.19817587333920963,-0.1297011147380756,-0.6939730878554988,0,7,10,7,13.78,0,0,8,10,8,13.661,0,0,1,0,1.0,1.0,1.4285714285714286,1.25,2,True,False,False,True,False,False,False,False,False,False,False,False,False,False,True,False,False,False,False,True,False,False,True,False,True,False,False
0.2071731591606723,0.6359890302771035,-0.04683026961946761,-0.562167955812708,0,7,10,7,13.805,0,0,8,8,8,14.2725,0,0,1,0,1.0,1.0,1.4285714285714286,1.0,2,True,False,False,True,False,False,False,False,False,False,False,False,False,False,False,False,False,False,False,False,False,False,True,False,True,False,False
-0.5540677512436588,0.40848951110901816,1.051208428202085,-0.6939730878554988,0,5,7,5,13.8,0,0,5,5,5,12.6,0,0,1,0,1.0,1.0,1.4,1.0,2,True,False,False,True,False,False,False,False,False,False,False,False,False,False,True,False,False,False,False,False,False,False,True,False,True,False,False
-0.5540677512436588,-1.4873398152916937,-1.1586807749607886,-0.16675255968433558,0,5,7,3,12.666666666666666,0,0,5,6,4,12.0,0,0,1,0,0.6,0.8,1.4,1.2,1,True,False,False,False,False,False,False,False,False,False,False,False,False,False,False,False,False,False,False,False,False,False,True,False,True,False,False
1.7296549799693344,0.18098999194093274,0.001511056699720468,-0.6939730878554988,0,7,7,7,14.424285714285714,0,0,8,8,8,13.9375,0,0,1,0,1.0,1.0,1.0,1.0,2,True,False,False,True,False,False,False,False,False,False,False,False,False,False,True,False,False,False,True,False,False,False,True,False,True,False,False
-0.5540677512436588,0.33265633805298966,0.11200551685786381,-0.6939730878554988,0,6,7,6,13.166666666666666,0,0,6,6,6,12.5,0,0,0,0,1.0,1.0,1.1666666666666667,1.0,2,True,False,False,False,False,True,False,False,False,False,True,False,False,False,True,False,False,False,False,False,False,False,False,False,True,True,False
-0.5540677512436588,0.03690696313447821,0.23631178453577628,0.8876884966579909,0,5,10,3,10.666666666666666,0,0,5,8,5,10.4,0,1,1,0,0.6,1.0,2.0,1.6,1,False,False,True,False,False,False,False,True,False,False,False,False,False,False,False,False,False,False,False,False,False,False,False,False,True,False,False
-0.5540677512436588,-2.473171065020064,0.5125479349311356,1.414909024829154,9,16,20,14,12.071428571428571,1,11,13,13,11,12.272727272727272,0,1,1,0,0.875,0.8461538461538461,1.25,1.0,2,False,False,False,False,False,True,False,True,False,True,False,False,False,False,False,False,False,False,False,False,False,False,False,False,True,False,False
-0.5540677512436588,0.03690696313447821,-1.863082958468955,1.9421295530003173,0,6,10,3,10.25,0,0,6,7,1,12.0,0,1,1,0,0.5,0.16666666666666666,1.6666666666666667,1.1666666666666667,0,True,False,True,False,False,True,False,True,False,False,False,False,False,False,False,False,False,False,False,False,False,False,False,False,True,False,False
-0.5540677512436588,0.7118222033331321,0.41586528229275943,-0.562167955812708,0,8,8,8,14.11,0,0,8,8,8,14.11,0,0,1,0,1.0,1.0,1.0,1.0,2,True,False,False,True,False,False,False,False,False,False,False,False,False,False,False,False,False,False,False,False,False,False,True,False,True,True,False
0.9684140695650034,0.5601558572210751,-0.019206654579931284,-0.562167955812708,0,6,9,5,12.4,0,0,6,10,3,10.666666666666666,0,0,1,0,0.8333333333333334,0.5,1.5,1.6666666666666667,0,True,False,False,False,False,True,False,False,False,False,False,False,False,False,True,False,False,False,False,False,False,False,True,False,True,False,False
-0.5540677512436588,-0.2740090463952381,0.13962913189740012,-0.2985576917271264,0,6,7,6,12.0,0,0,6,6,6,12.0,0,0,1,1,1.0,1.0,1.1666666666666667,1.0,0,True,False,False,False,False,True,False,True,False,False,False,False,False,False,True,False,False,False,False,False,False,False,False,False,False,False,False
-0.5540677512436588,0.6359890302771035,0.46420660861194657,-0.6939730878554988,0,6,6,6,14.833333333333334,0,0,6,6,6,13.5,0,0,0,0,1.0,1.0,1.0,1.0,2,True,False,False,False,False,True,False,False,False,False,True,False,True,False,False,True,False,False,False,True,False,False,True,False,True,True,False
2.4908958903736655,-1.1081739500115513,-0.32997232377471053,-0.4303628237699172,0,6,7,6,15.428571428571429,0,0,6,7,6,13.5,0,0,1,0,1.0,1.0,1.1666666666666667,1.1666666666666667,2,True,False,False,True,False,False,False,False,False,False,False,False,False,False,True,False,False,False,False,False,False,False,True,False,True,True,False
2.4908958903736655,-0.12234270028318116,0.13272322813751652,-0.6939730878554988,0,5,7,5,11.6,0,0,5,11,5,11.4,4,0,1,0,1.0,1.0,1.4,2.2,2,True,False,False,False,False,False,False,False,False,False,False,False,False,False,True,False,False,False,True,False,False,False,False,False,True,True,False
0.9684140695650034,2.152652491397673,1.8937286869079322,-0.6939730878554988,0,6,6,6,14.166666666666666,0,0,6,6,6,14.0,0,0,1,0,1.0,1.0,1.0,1.0,2,True,False,False,False,False,True,False,False,False,False,False,False,False,False,True,False,False,False,True,False,False,False,True,False,True,False,False
-0.5540677512436588,-0.19817587333920963,0.20868816949623997,1.6785192889147356,0,7,9,1,9.8,0,0,7,7,0,0.0,0,1,1,0,0.14285714285714285,0.0,1.2857142857142858,1.0,0,True,False,False,True,False,False,True,False,True,False,False,False,False,False,False,False,False,False,False,False,False,False,True,False,True,True,False
1.7296549799693344,-0.8806744308434659,-0.9653154696840371,-0.6939730878554988,0,5,12,4,10.714285714285714,0,0,5,9,4,11.0,0,0,1,0,0.8,0.8,2.4,1.8,2,True,False,False,False,False,False,False,False,False,False,False,False,False,False,False,False,False,False,False,False,False,False,True,False,True,True,False
-0.5540677512436588,0.03690696313447821,-0.2540073824159871,-0.2985576917271264,0,5,7,0,0.0,0,0,5,5,0,0.0,0,0,1,0,0.0,0.0,1.4,1.0,0,True,False,False,False,False,True,False,True,False,True,False,False,False,False,True,False,False,False,False,False,False,True,True,False,True,True,False
-0.5540677512436588,-0.19817587333920963,0.20868816949623997,-0.2985576917271264,1,6,13,3,12.333333333333334,0,1,6,12,1,13.0,0,0,0,1,0.5,0.16666666666666666,2.1666666666666665,2.0,0,True,False,False,False,False,True,True,False,False,True,False,False,True,False,False,False,False,False,False,True,False,False,True,True,True,True,False
-0.5540677512436588,0.03690696313447821,-1.7733062095904633,-0.6939730878554988,0,6,13,6,13.0,0,0,6,15,6,12.25,0,0,0,0,1.0,1.0,2.1666666666666665,2.5,2,True,False,False,True,False,False,False,True,False,False,True,False,True,False,True,False,False,False,False,True,False,False,False,False,True,False,True
3.2521368007779965,-0.9565076038994943,-0.9169741433648491,-0.6939730878554988,0,5,7,4,11.4,0,0,5,5,4,11.25,0,0,1,0,0.8,0.8,1.4,1.0,2,True,False,False,False,False,False,False,False,False,False,False,False,False,False,True,False,False,False,True,False,False,False,True,False,True,False,False
0.2071731591606723,0.5601558572210751,0.8164077003660313,-0.562167955812708,0,7,7,6,12.766666666666666,0,0,7,7,6,12.766666666666666,0,0,1,0,0.8571428571428571,0.8571428571428571,1.0,1.0,2,True,False,False,True,False,False,False,False,False,False,False,False,False,False,False,False,False,False,False,False,False,False,True,False,True,False,False
-0.5540677512436588,0.03690696313447821,0.8992785454846383,0.7558833646152,0,6,11,5,12.6,0,0,6,6,6,12.666666666666666,0,1,1,1,0.8333333333333334,1.0,1.8333333333333333,1.0,2,False,False,False,False,False,True,False,True,False,False,False,False,False,False,False,False,False,False,True,False,False,False,False,True,True,False,False
-0.5540677512436588,-0.19817587333920963,0.20868816949623997,-0.4303628237699172,4,7,8,7,13.0,0,2,5,5,5,13.4,0,0,1,0,1.0,1.0,1.1428571428571428,1.0,2,True,False,False,False,False,False,True,False,False,True,False,False,False,False,False,False,False,False,False,True,False,False,False,False,True,True,False
0.2071731591606723,0.5601558572210751,0.38133576349333953,-0.6939730878554988,0,7,7,6,14.316666666666668,0,0,7,7,6,14.316666666666668,0,0,1,0,0.8571428571428571,0.8571428571428571,1.0,1.0,2,True,False,False,True,False,False,False,False,False,False,False,False,False,False,False,False,False,False,False,False,False,False,True,False,True,False,False
-0.5540677512436588,-0.6531749116753804,-0.6614557042491415,-0.562167955812708,0,5,7,4,12.75,0,0,5,5,5,12.0,0,0,0,0,0.8,1.0,1.4,1.0,2,True,False,False,True,False,False,False,False,False,False,True,False,False,False,True,False,False,False,False,False,False,False,True,False,True,False,False
0.9684140695650034,-1.3356734691796368,-1.1863043900003247,-0.562167955812708,0,5,5,5,13.4,0,0,5,5,5,12.6,0,0,1,0,1.0,1.0,1.0,1.0,2,True,False,False,False,False,False,False,False,False,False,False,False,False,False,False,True,False,False,False,False,False,False,True,False,True,True,False
-0.5540677512436588,-2.473171065020064,-0.7236088380880977,1.8103244209575264,0,6,6,0,0.0,0,0,5,5,0,0.0,0,1,0,1,0.0,0.0,1.0,1.0,0,True,False,True,False,False,True,False,True,False,False,False,False,True,False,False,False,False,False,True,False,False,False,False,True,False,False,False
0.2071731591606723,2.2284856644537014,2.639566292975401,-0.6939730878554988,0,5,6,4,15.75,0,0,5,5,5,13.8,0,0,1,0,0.8,1.0,1.2,1.0,2,True,False,False,True,False,False,False,False,False,False,False,False,False,False,False,False,False,False,False,False,False,False,True,False,True,True,False
-0.5540677512436588,-0.8806744308434659,-0.9653154696840371,-0.2985576917271264,0,6,9,5,12.4,0,0,6,11,1,11.0,0,0,1,0,0.8333333333333334,0.16666666666666666,1.5,1.8333333333333333,0,True,False,False,False,False,True,False,False,False,False,False,False,False,False,False,False,False,False,False,False,False,False,True,False,True,False,False
-0.5540677512436588,-0.577341738619352,-0.2540073824159871,-0.562167955812708,0,6,8,6,11.5,0,0,6,7,6,12.333333333333334,0,0,1,0,1.0,1.0,1.3333333333333333,1.1666666666666667,2,True,False,False,False,False,True,False,False,False,False,False,False,False,False,True,False,False,False,False,False,False,False,False,False,True,True,False
0.2071731591606723,-0.7290080847314089,-0.7097970305683295,-0.562167955812708,0,5,5,5,13.4,0,0,5,5,5,14.0,0,0,0,0,1.0,1.0,1.0,1.0,2,True,False,False,False,False,False,False,False,False,False,True,False,False,False,False,True,False,False,False,True,False,False,False,False,True,False,False
-0.5540677512436588,0.5601558572210751,-1.1724925824805565,1.546714156871945,0,5,9,3,11.666666666666666,0,0,5,7,5,11.8,0,1,1,0,0.6,1.0,1.8,1.4,1,False,False,True,False,False,False,False,True,False,True,False,False,False,False,False,False,False,False,True,False,False,False,False,False,True,True,False
-0.5540677512436588,0.03690696313447821,-0.5578671478508818,0.8876884966579909,0,7,0,0,0.0,0,0,8,0,0,0.0,0,1,1,0,0.0,0.0,0.0,0.0,0,False,False,False,True,False,False,False,True,False,False,False,False,False,False,False,False,False,False,False,False,False,False,False,False,True,False,False
0.2071731591606723,-0.9565076038994943,-1.614470423113132,0.4922731005296184,4,8,11,7,13.285714285714286,0,4,7,13,5,11.6,0,1,1,0,0.875,0.7142857142857143,1.375,1.8571428571428572,0,True,False,False,False,False,True,False,True,False,False,False,False,False,False,False,False,True,False,False,False,True,False,True,False,True,False,False
-0.5540677512436588,0.25682316499696123,-0.29544280497529063,2.8647654772998528,0,6,10,4,11.5,0,0,6,16,2,10.5,0,1,1,0,0.6666666666666666,0.3333333333333333,1.6666666666666667,2.6666666666666665,0,False,False,False,False,False,False,False,False,False,False,False,False,False,False,False,False,False,False,False,False,False,False,False,False,True,True,False
-0.5540677512436588,0.03690696313447821,-0.9307859508846172,3.5237911375138067,3,9,11,8,13.25,0,2,7,8,7,11.714285714285714,0,1,1,0,0.8888888888888888,1.0,1.2222222222222223,1.1428571428571428,2,False,False,True,False,False,True,False,True,False,False,False,False,False,False,False,False,False,False,False,False,False,False,False,False,True,True,False
-0.5540677512436588,-1.714839334459779,0.08438190181832748,2.3375449491286897,8,14,24,11,12.25,3,5,10,12,10,13.4,0,1,1,0,0.7857142857142857,1.0,1.7142857142857142,1.2,2,False,False,False,False,False,False,False,True,False,False,False,False,False,False,False,False,False,False,False,False,False,False,False,False,True,False,False
-0.5540677512436588,-0.9565076038994943,-0.48190220649215837,0.3604679684868276,0,7,8,6,12.0,0,0,7,8,6,12.0,0,1,1,0,0.8571428571428571,0.8571428571428571,1.1428571428571428,1.1428571428571428,1,True,False,False,True,False,False,False,True,False,False,False,False,False,False,False,False,False,False,False,False,False,False,True,False,True,False,False
-0.5540677512436588,0.03690696313447821,0.20868816949623997,2.732960345257062,0,6,10,1,12.0,0,0,6,6,0,0.0,0,1,1,0,0.16666666666666666,0.0,1.6666666666666667,1.0,0,True,False,False,False,False,True,False,True,False,False,False,False,False,False,False,False,False,False,False,False,False,False,False,False,True,False,False
-0.5540677512436588,-1.714839334459779,-1.1724925824805565,-0.034947427641544786,10,15,15,13,10.923076923076923,0,5,10,10,7,11.142857142857142,0,0,1,0,0.8666666666666667,0.7,1.0,1.0,2,False,False,False,False,False,False,True,False,True,False,False,False,False,False,False,False,False,False,False,False,False,False,False,False,True,False,False
-0.5540677512436588,-0.19817587333920963,-0.6407379929694897,1.414909024829154,10,12,12,10,12.0,0,5,10,11,5,11.0,0,1,1,0,0.8333333333333334,0.5,1.0,1.1,0,True,False,False,False,True,False,False,True,False,False,False,False,False,False,False,False,False,False,False,False,False,False,False,False,True,False,False
-0.5540677512436588,-2.321504718908007,-1.8907065735084914,-0.2985576917271264,0,5,10,5,13.714285714285714,0,0,5,7,5,14.4,0,0,1,0,1.0,1.0,2.0,1.4,2,True,False,False,False,False,False,False,False,False,False,False,False,False,False,False,False,False,False,False,False,False,False,True,False,True,True,False
0.9684140695650034,-0.425675392507295,-0.6269261854497216,-0.16675255968433558,0,5,8,1,10.0,0,0,5,8,2,13.0,0,0,0,0,0.2,0.4,1.6,1.6,0,True,False,False,False,False,False,False,True,False,False,True,False,False,False,False,True,False,False,False,True,False,False,True,False,True,False,True
-0.5540677512436588,0.03690696313447821,-0.9653154696840371,1.1512987607435725,0,6,18,2,10.333333333333334,0,0,6,7,6,11.5,0,1,1,0,0.3333333333333333,1.0,3.0,1.1666666666666667,2,False,False,True,False,False,True,False,True,False,False,False,False,False,False,False,False,False,False,False,False,False,False,False,False,True,True,False
0.2071731591606723,0.33265633805298966,-0.1780424410572627,-0.4303628237699172,0,7,8,7,12.728571428571428,0,0,8,8,8,14.625,0,0,1,0,1.0,1.0,1.1428571428571428,1.0,2,True,False,False,True,False,False,False,False,False,False,False,False,False,False,False,False,False,False,False,False,False,False,True,False,True,False,True
-0.5540677512436588,-0.19817587333920963,0.8992785454846383,4.710037325898924,10,15,22,12,13.333333333333334,0,8,8,8,8,12.875,0,1,1,1,0.8,1.0,1.4666666666666666,1.0,0,False,False,True,False,False,True,True,False,True,False,False,False,False,False,False,False,False,True,False,False,False,True,False,False,False,False,False
-0.5540677512436588,-0.19817587333920963,0.37442985973345594,0.8876884966579909,6,11,20,9,12.22222222222222,0,3,9,16,9,11.6,0,1,1,0,0.8181818181818182,1.0,1.8181818181818181,1.7777777777777777,1,False,False,False,False,False,False,True,False,False,True,False,False,False,False,False,False,False,False,True,False,False,False,False,False,True,False,False
1.7296549799693344,-0.12234270028318116,-0.20566605609679903,-0.6939730878554988,0,6,7,6,11.333333333333334,0,0,6,9,6,10.833333333333334,0,0,1,0,1.0,1.0,1.1666666666666667,1.5,2,True,False,False,False,False,False,False,False,False,False,False,False,False,False,False,False,False,False,False,False,False,False,True,False,True,True,False
-0.5540677512436588,2.2284856644537014,0.34680624469391963,0.22866283644403682,0,5,8,4,11.0,0,0,5,7,4,12.0,0,1,1,1,0.8,0.8,1.6,1.4,1,False,True,True,False,False,False,False,True,False,False,False,False,False,False,False,False,False,False,False,False,False,False,False,True,True,False,False
-0.5540677512436588,0.5601558572210751,1.5760571139532693,1.6785192889147356,0,5,5,5,13.8,0,0,5,6,5,13.8,0,1,1,0,1.0,1.0,1.0,1.2,2,False,True,True,False,False,False,False,True,False,False,False,False,False,False,True,False,False,False,True,False,False,False,False,False,True,False,False
-0.5540677512436588,2.0768193183416446,2.280459297461435,1.6785192889147356,0,7,16,1,12.0,0,0,7,13,0,0.0,1,1,1,0,0.14285714285714285,0.0,2.2857142857142856,1.8571428571428572,0,True,True,False,True,False,False,True,False,True,False,False,False,False,False,False,False,False,False,False,False,False,False,False,False,True,False,False
3.2521368007779965,-1.1840071230675797,-0.8548210095258938,-0.562167955812708,0,6,9,4,11.25,0,0,6,11,3,10.166666666666666,0,0,1,1,0.6666666666666666,0.5,1.5,1.8333333333333333,0,True,True,False,False,False,False,False,False,False,False,False,False,False,False,False,False,True,False,False,True,False,False,False,False,False,False,False
-0.5540677512436588,1.3184875877813598,-0.48190220649215837,0.22866283644403682,0,5,6,4,10.5,0,0,5,6,5,12.0,0,1,1,0,0.8,1.0,1.2,1.2,2,True,True,True,False,False,False,False,True,False,False,False,False,False,False,True,False,False,False,False,False,False,False,False,False,True,False,False
-0.5540677512436588,0.03690696313447821,-1.863082958468955,1.546714156871945,17,18,20,18,11.555555555555555,0,11,13,13,13,11.615384615384617,0,1,1,0,1.0,1.0,1.1111111111111112,1.0,2,True,True,False,False,False,True,False,True,False,False,False,False,False,False,False,False,False,False,False,False,False,False,False,False,True,False,False
-0.5540677512436588,-0.577341738619352,0.10509961309798022,-0.4303628237699172,0,6,13,1,14.0,0,0,6,7,0,0.0,0,0,1,0,0.16666666666666666,0.0,2.1666666666666665,1.1666666666666667,0,True,True,False,False,False,True,False,False,False,False,False,False,False,False,True,False,False,False,True,False,False,False,False,False,True,False,False
-0.5540677512436588,-0.19817587333920963,-0.9653154696840371,1.546714156871945,0,6,17,1,13.0,0,0,6,8,0,0.0,0,1,1,1,0.16666666666666666,0.0,2.8333333333333335,1.3333333333333333,0,True,True,False,False,False,True,False,True,False,False,False,False,False,False,False,False,False,False,False,False,False,False,True,False,False,False,False
-0.5540677512436588,2.8351510489019294,1.645116151552109,0.4922731005296184,0,6,13,2,11.0,0,0,6,14,1,11.0,0,1,1,0,0.3333333333333333,0.16666666666666666,2.1666666666666665,2.3333333333333335,0,True,False,False,False,False,True,False,False,False,False,False,False,False,False,False,False,True,False,False,False,True,False,True,False,True,False,False
0.9684140695650034,-0.04650952722715268,0.2639353995753126,-0.6939730878554988,0,8,8,7,13.68142857142857,0,0,8,8,7,13.68142857142857,0,0,0,0,0.875,0.875,1.0,1.0,1,True,False,False,True,False,False,False,False,False,False,False,False,True,False,False,False,False,False,True,False,False,False,True,False,True,False,False
-0.5540677512436588,0.03690696313447821,-0.8617269132857774,-0.034947427641544786,0,7,11,6,12.1,0,0,7,7,6,12.616666666666667,0,0,1,0,0.8571428571428571,0.8571428571428571,1.5714285714285714,1.0,1,True,False,False,True,False,False,False,True,False,False,False,False,False,False,False,False,False,False,False,False,False,False,False,False,True,False,False
0.2071731591606723,-0.9565076038994943,-0.8410092020061256,-0.562167955812708,0,6,8,4,10.5,0,0,6,8,4,11.25,0,0,1,0,0.6666666666666666,0.6666666666666666,1.3333333333333333,1.3333333333333333,2,True,False,True,False,False,True,False,False,False,False,False,False,False,False,True,False,False,False,False,False,False,False,True,False,True,False,False
0.2071731591606723,-0.5015085655633235,-0.0537361733793512,-0.6939730878554988,0,7,10,5,11.94,0,0,7,8,6,12.8,0,0,1,0,0.7142857142857143,0.8571428571428571,1.4285714285714286,1.1428571428571428,1,True,False,False,True,False,False,False,False,False,False,False,False,False,False,False,False,False,False,False,False,False,False,True,False,True,True,False
-0.5540677512436588,-0.19817587333920963,0.13962913189740012,0.3604679684868276,0,7,11,4,12.86,0,0,7,10,5,11.566666666666668,0,1,1,1,0.5714285714285714,0.7142857142857143,1.5714285714285714,1.4285714285714286,0,True,False,False,True,False,False,False,True,False,False,False,False,False,False,False,True,False,False,False,False,False,False,False,True,False,False,False
-0.5540677512436588,0.03690696313447821,-1.1379630636811366,-0.562167955812708,0,6,10,6,14.25,0,0,6,7,6,14.0,0,0,1,0,1.0,1.0,1.6666666666666667,1.1666666666666667,2,True,False,False,False,False,True,False,False,False,False,False,False,False,False,False,False,False,False,False,False,False,False,False,False,True,False,False
2.4908958903736655,0.6359890302771035,0.38133576349333953,-0.562167955812708,0,7,0,0,0.0,0,0,8,0,0,0.0,0,0,1,1,0.0,0.0,0.0,0.0,0,True,False,False,True,False,False,False,False,False,False,False,False,False,False,False,False,False,False,False,False,False,False,True,False,False,False,False
-0.5540677512436588,0.40848951110901816,0.25702949581542706,-0.6939730878554988,0,0,0,0,0.0,0,0,0,0,0,0.0,0,0,1,0,0.0,0.0,0.0,0.0,0,True,False,False,False,False,True,False,False,False,False,False,False,False,False,True,False,False,False,False,True,False,False,True,False,True,False,False
-0.5540677512436588,-0.19817587333920963,0.23631178453577628,-0.562167955812708,0,7,7,7,13.894285714285711,0,0,8,8,8,14.3625,0,0,1,0,1.0,1.0,1.0,1.0,2,True,False,False,True,False,False,False,False,False,False,False,False,False,False,False,False,False,False,False,False,False,False,True,False,True,True,False
-0.5540677512436588,-0.3498422194512666,-0.18494834481714728,-0.562167955812708,0,7,8,7,13.46875,0,0,8,8,8,13.31375,0,0,1,0,1.0,1.0,1.1428571428571428,1.0,2,True,False,False,True,False,False,False,False,False,False,False,False,False,False,False,False,False,False,False,False,False,False,True,False,True,True,False
1.7296549799693344,0.18098999194093274,0.3882416672532231,-0.562167955812708,0,5,5,5,13.6,0,0,5,5,5,14.6,0,0,1,0,1.0,1.0,1.0,1.0,2,True,False,False,True,False,False,False,False,False,False,False,False,False,False,False,False,False,False,False,False,False,False,True,False,True,True,False
-0.5540677512436588,1.3184875877813598,1.3619740973968644,-0.2985576917271264,3,6,6,6,14.666666666666666,0,2,6,6,6,13.833333333333334,0,0,1,0,1.0,1.0,1.0,1.0,2,True,False,True,False,False,True,True,False,False,True,False,False,False,False,False,False,False,False,False,False,False,False,False,False,True,True,False
0.9684140695650034,0.18098999194093274,0.21559407325612354,-0.6939730878554988,0,6,6,6,13.666666666666666,0,0,6,7,6,13.0,0,0,1,0,1.0,1.0,1.0,1.1666666666666667,2,True,False,False,False,False,True,False,False,False,False,False,False,False,False,False,True,False,False,True,False,False,False,True,False,True,False,False
-0.5540677512436588,-0.9565076038994943,-0.48190220649215837,1.2831038927863632,9,12,22,10,13.3,0,9,11,11,11,13.727272727272728,0,1,1,0,0.8333333333333334,1.0,1.8333333333333333,1.0,2,False,False,False,False,False,False,False,True,True,False,False,False,False,False,False,False,False,False,False,True,False,False,True,False,True,False,False
-0.5540677512436588,-0.9565076038994943,-0.39212545761366674,1.1512987607435725,7,11,13,11,13.454545454545457,0,5,11,13,7,12.428571428571429,0,1,1,0,1.0,0.6363636363636364,1.1818181818181819,1.1818181818181819,2,True,False,True,False,False,True,True,False,True,False,False,False,False,False,True,False,False,False,False,True,False,False,False,False,True,False,False
3.2521368007779965,0.5601558572210751,0.4365829935724122,-0.8257782198982896,0,8,8,8,13.41625,0,0,8,8,8,13.41625,0,0,1,0,1.0,1.0,1.0,1.0,2,True,False,False,True,False,False,False,False,False,False,False,False,False,False,False,True,False,False,True,False,False,False,True,False,True,True,False
-0.5540677512436588,0.5601558572210751,-1.1379630636811366,1.0194936287007816,0,7,0,0,0.0,0,0,8,0,0,0.0,0,1,1,0,0.0,0.0,0.0,0.0,0,False,False,False,True,False,False,False,True,False,False,False,False,False,False,False,False,False,False,False,False,False,False,False,False,True,False,False
-0.5540677512436588,0.5601558572210751,-1.6904353644718553,1.1512987607435725,0,6,6,6,11.333333333333334,0,0,6,8,5,13.0,0,1,1,0,1.0,0.8333333333333334,1.0,1.3333333333333333,2,False,False,True,False,False,True,False,True,False,False,False,False,False,False,False,False,False,False,False,False,False,False,False,False,True,True,False
0.2071731591606723,1.7734866261175306,1.6520220553119929,-0.6939730878554988,0,6,8,6,16.0,0,0,6,10,6,14.625,0,0,0,0,1.0,1.0,1.3333333333333333,1.6666666666666667,0,True,False,False,True,False,False,False,False,False,False,True,False,True,False,False,True,False,False,False,False,False,False,True,False,True,False,False
-0.5540677512436588,0.03690696313447821,-1.4072933103166125,1.0194936287007816,2,6,8,5,11.0,0,4,6,12,6,10.166666666666666,0,1,1,1,0.8333333333333334,1.0,1.3333333333333333,2.0,1,True,False,False,False,False,True,False,True,False,True,False,False,False,False,False,True,False,False,False,False,False,False,False,True,True,False,False
-0.5540677512436588,-0.9565076038994943,-0.5993025704101862,-0.4303628237699172,0,6,8,6,12.857142857142858,0,0,6,9,5,12.4,0,0,1,0,1.0,0.8333333333333334,1.3333333333333333,1.5,1,True,True,False,False,False,False,False,False,False,False,False,False,False,False,False,False,False,False,False,False,False,False,False,False,True,False,False
-0.5540677512436588,-2.473171065020064,-0.6269261854497216,2.205739817085899,0,5,5,0,0.0,0,0,5,6,0,0.0,0,1,0,1,0.0,0.0,1.0,1.2,0,True,True,True,False,False,False,False,True,False,False,True,False,False,False,False,True,False,False,False,True,False,False,False,False,False,False,False
-0.5540677512436588,-0.9565076038994943,0.5539833574904391,1.1512987607435725,0,5,5,5,14.8,0,0,5,5,5,14.2,0,1,1,0,1.0,1.0,1.0,1.0,2,False,True,True,False,False,False,False,False,False,False,False,False,False,False,False,False,False,False,False,False,False,False,True,False,True,False,False
-0.5540677512436588,-0.9565076038994943,-0.48190220649215837,2.205739817085899,1,5,7,1,13.0,0,2,5,5,2,14.0,0,1,1,1,0.2,0.4,1.4,1.0,0,True,True,False,False,True,False,True,False,True,False,False,False,False,False,False,True,False,False,False,True,False,False,False,False,False,False,False
-0.5540677512436588,2.9868173950139862,2.770778464413197,-0.6939730878554988,0,0,0,0,0.0,0,0,0,0,0,0.0,0,0,1,0,0.0,0.0,0.0,0.0,2,True,True,False,False,False,True,False,False,False,False,False,False,False,False,True,False,False,False,False,False,False,False,False,False,True,True,False
-0.5540677512436588,-0.9565076038994943,-0.7719501644072858,0.6240782325724092,4,9,14,4,10.0,0,1,6,6,1,10.0,0,1,1,1,0.4444444444444444,0.16666666666666666,1.5555555555555556,1.0,0,True,True,True,False,False,False,False,True,False,False,False,False,False,False,False,False,False,False,False,False,False,False,False,True,False,False,False
0.2071731591606723,0.33265633805298966,0.9821493906032452,-0.562167955812708,0,6,11,5,11.2,0,0,6,7,6,12.0,0,0,1,1,0.8333333333333334,1.0,1.8333333333333333,1.1666666666666667,2,True,True,False,False,False,True,True,False,False,False,False,False,False,False,False,True,False,False,False,True,False,False,True,True,True,False,False
-0.5540677512436588,-1.1840071230675797,-0.5923966666503017,-0.562167955812708,0,6,8,6,11.833333333333334,0,0,6,11,3,13.0,0,0,1,0,1.0,0.5,1.3333333333333333,1.8333333333333333,2,True,True,False,False,False,True,False,False,False,False,False,False,False,False,True,False,False,False,False,False,False,False,False,False,True,True,False
3.2521368007779965,0.7118222033331321,0.5056420311712521,-0.2985576917271264,0,5,0,0,0.0,0,0,5,0,0,0.0,0,0,1,0,0.0,0.0,0.0,0.0,0,True,True,False,False,False,False,False,False,False,False,False,False,False,False,False,False,False,False,False,False,False,False,False,False,True,False,False
1.7296549799693344,0.18098999194093274,0.1189114206177474,-0.16675255968433558,0,5,8,2,10.5,0,0,5,10,0,0.0,0,0,1,0,0.4,0.0,1.6,2.0,0,True,True,False,False,False,False,False,False,False,False,False,False,False,False,False,False,True,False,True,False,False,False,True,False,True,False,False
0.9684140695650034,-1.3356734691796368,-0.7512324531276341,-0.6939730878554988,0,5,8,5,12.5,0,0,5,7,5,13.571428571428571,0,0,0,1,1.0,1.0,1.6,1.4,0,True,True,False,False,True,False,False,False,False,False,True,False,False,False,False,True,False,False,False,True,False,False,True,False,False,False,False
-0.5540677512436588,-1.714839334459779,-1.863082958468955,0.4922731005296184,0,0,0,0,0.0,0,0,0,0,0,0.0,0,1,0,0,0.0,0.0,0.0,0.0,0,True,True,False,False,False,True,False,True,False,False,False,False,True,False,True,False,False,False,False,True,False,False,True,False,True,False,False
-0.5540677512436588,-0.7290080847314089,-0.5647730516107663,-0.562167955812708,4,10,10,5,11.0,0,2,7,8,2,10.0,0,0,0,0,0.5,0.2857142857142857,1.0,1.1428571428571428,1,True,True,False,False,False,True,False,False,False,False,False,False,True,False,False,True,False,False,False,True,False,False,False,False,True,False,False
-0.5540677512436588,0.5601558572210751,0.20868816949623997,0.8876884966579909,6,10,14,9,12.333333333333334,0,7,10,12,8,12.0,0,1,1,0,0.9,0.8,1.4,1.2,2,False,True,True,False,False,False,False,True,False,False,False,False,False,False,False,False,False,False,False,False,False,False,True,False,True,False,False
-0.5540677512436588,1.3184875877813598,1.5898689214730366,0.6240782325724092,0,6,9,0,0.0,0,0,6,8,1,10.0,1,1,0,0,0.0,0.16666666666666666,1.5,1.3333333333333333,0,True,True,False,False,False,True,False,True,False,True,False,False,True,False,True,False,False,False,False,True,False,False,False,False,True,False,False
-0.5540677512436588,-0.9565076038994943,-0.7581383568875176,1.414909024829154,0,5,14,1,17.0,0,0,5,10,2,11.0,0,1,1,1,0.2,0.4,2.8,2.0,1,False,True,False,False,True,False,False,True,False,False,False,False,False,False,False,False,False,False,False,False,False,False,False,True,True,True,False
-0.5540677512436588,-1.714839334459779,-1.9321419960677948,-0.2985576917271264,0,5,5,5,11.0,0,0,5,11,3,11.428571428571429,0,0,1,0,1.0,0.6,1.0,2.2,1,True,True,False,False,False,False,False,False,False,False,False,False,False,False,True,False,False,False,True,False,False,False,False,False,True,False,False
-0.5540677512436588,0.02932364582887579,0.34680624469391963,-0.4303628237699172,0,6,11,5,11.142857142857142,0,0,6,9,6,11.571428571428571,0,0,1,0,0.8333333333333334,1.0,1.8333333333333333,1.5,2,True,True,False,False,False,True,False,False,False,False,False,False,False,False,False,False,False,False,False,False,False,False,False,False,True,True,False
-0.5540677512436588,-1.714839334459779,-0.1366070184979592,1.0194936287007816,3,8,19,5,12.166666666666666,0,3,7,12,5,12.0,0,1,1,1,0.625,0.7142857142857143,2.375,1.7142857142857142,0,True,True,False,False,False,False,False,True,False,False,False,False,False,False,False,False,False,False,False,False,False,False,False,False,False,False,False
-0.5540677512436588,-0.5015085655633235,-0.7443265493677496,-0.2985576917271264,0,5,9,2,11.0,0,0,5,8,2,11.5,2,0,1,1,0.4,0.4,1.8,1.6,0,True,True,False,False,True,False,False,False,False,False,False,False,False,False,False,False,False,False,False,False,False,False,False,True,False,False,False
0.2071731591606723,0.03690696313447821,-1.863082958468955,0.4922731005296184,0,5,8,1,11.0,0,0,5,6,3,10.666666666666666,1,1,1,1,0.2,0.6,1.6,1.2,0,True,True,False,False,False,False,False,True,False,False,False,False,False,False,False,False,True,False,False,False,True,False,True,False,False,False,False
3.2521368007779965,0.25682316499696123,0.40895937853287584,-0.562167955812708,0,6,10,4,13.25,0,0,6,13,5,11.8,0,0,1,0,0.6666666666666666,0.8333333333333334,1.6666666666666667,2.1666666666666665,2,True,True,False,False,False,True,False,False,False,False,False,False,False,False,False,False,False,False,False,False,False,False,True,False,True,False,False
1.7296549799693344,-0.2740090463952381,0.38133576349333953,-0.2985576917271264,0,6,7,0,0.0,0,0,6,11,1,10.0,0,0,0,0,0.0,0.16666666666666666,1.1666666666666667,1.8333333333333333,1,True,True,False,False,False,True,False,False,False,False,True,False,False,False,False,True,False,False,False,False,False,False,True,False,True,False,False
-0.5540677512436588,0.5601558572210751,0.8992785454846383,-0.2985576917271264,0,6,17,2,12.5,0,0,6,10,0,0.0,0,0,1,1,0.3333333333333333,0.0,2.8333333333333335,1.6666666666666667,0,True,True,False,False,False,True,True,False,False,True,False,False,False,False,True,False,False,False,True,False,False,False,True,False,False,False,False
-0.5540677512436588,2.0768193183416446,-1.8561770547090715,1.546714156871945,6,10,10,7,12.142857142857142,0,4,9,9,4,12.25,0,1,1,1,0.7,0.4444444444444444,1.0,1.0,0,True,True,False,False,False,False,False,True,False,False,False,False,False,False,False,False,False,True,False,False,False,True,False,False,False,False,False
-0.5540677512436588,0.03690696313447821,0.08438190181832748,0.6240782325724092,0,5,8,3,12.0,0,0,5,10,3,11.333333333333334,0,1,1,0,0.6,0.6,1.6,2.0,0,True,True,False,True,False,False,False,True,False,False,False,False,False,False,False,False,False,True,False,False,False,False,False,False,True,False,False
-0.5540677512436588,0.5601558572210751,0.4434888973322958,0.09685770440124603,0,6,6,4,11.25,0,0,6,9,4,10.428571428571429,0,1,1,0,0.6666666666666666,0.6666666666666666,1.0,1.5,1,True,True,False,False,False,False,False,False,False,False,False,False,False,False,True,False,False,False,False,True,False,False,False,False,True,False,False
0.9684140695650034,0.7118222033331321,0.6299482988491625,-0.562167955812708,0,4,8,0,0.0,1,0,6,0,0,0.0,0,0,1,1,0.0,0.0,2.0,0.0,0,True,True,False,False,False,True,False,False,False,False,False,False,False,False,True,False,False,False,False,False,False,False,True,False,False,False,False
-0.5540677512436588,0.40848951110901816,-0.27472509369563886,-0.4303628237699172,0,6,7,5,12.4,0,0,6,8,4,13.0,0,0,1,1,0.8333333333333334,0.6666666666666666,1.1666666666666667,1.3333333333333333,1,True,True,False,False,False,False,False,False,False,False,False,False,False,False,True,False,False,False,False,False,False,False,False,True,False,False,False
-0.5540677512436588,-0.12234270028318116,0.2294058807758927,-0.4303628237699172,0,6,6,6,12.833333333333334,0,0,6,8,6,12.666666666666666,2,0,0,0,1.0,1.0,1.0,1.3333333333333333,2,True,True,False,False,False,True,False,False,False,False,True,False,False,False,True,False,False,False,True,False,False,False,True,False,True,True,False
-0.5540677512436588,2.0768193183416446,1.8453873605887432,-0.562167955812708,0,5,7,1,13.0,0,0,5,7,2,10.0,0,0,1,0,0.2,0.4,1.4,1.4,1,True,True,False,False,True,False,False,False,False,False,False,False,False,False,False,False,False,False,False,False,False,False,False,False,True,False,False
-0.5540677512436588,-1.714839334459779,1.0719261394817379,1.8103244209575264,5,7,7,5,12.0,0,3,7,7,3,11.666666666666666,0,1,0,1,0.7142857142857143,0.42857142857142855,1.0,1.0,0,True,True,False,True,False,False,False,True,False,False,True,False,False,False,True,False,False,False,False,False,False,False,False,True,False,False,False
-0.5540677512436588,-0.6531749116753804,-0.8548210095258938,-0.562167955812708,0,6,13,2,12.0,0,0,6,12,1,13.0,0,0,1,0,0.3333333333333333,0.16666666666666666,2.1666666666666665,2.0,0,True,True,False,False,False,False,False,False,False,False,False,False,False,False,False,False,False,False,False,False,False,False,True,False,True,False,False
-0.5540677512436588,-0.9565076038994943,-1.2760811388788165,1.6785192889147356,0,7,18,0,0.0,0,0,7,7,0,0.0,0,1,1,0,0.0,0.0,2.5714285714285716,1.0,0,True,True,False,True,False,False,False,True,False,False,False,False,False,False,False,False,False,False,False,False,False,False,False,False,True,False,False
-0.5540677512436588,0.03690696313447821,0.8992785454846383,0.7558833646152,0,5,0,0,0.0,0,0,5,0,0,0.0,0,1,1,0,0.0,0.0,0.0,0.0,0,True,True,False,False,False,False,False,True,False,True,False,False,False,False,False,False,False,False,False,False,False,False,False,False,True,False,False
-0.5540677512436588,0.03690696313447821,-0.48190220649215837,0.8876884966579909,0,6,10,6,11.375,0,0,6,10,5,11.6,0,1,1,0,1.0,0.8333333333333334,1.6666666666666667,1.6666666666666667,2,True,True,False,False,False,True,False,True,False,False,False,False,False,False,False,False,False,False,True,False,False,False,False,False,True,False,False
-0.5540677512436588,0.03690696313447821,-0.48190220649215837,1.1512987607435725,1,6,15,2,12.0,0,0,6,7,0,0.0,0,1,0,1,0.3333333333333333,0.0,2.5,1.1666666666666667,0,True,True,False,False,False,False,False,True,False,False,True,False,False,False,False,True,False,False,False,False,False,False,False,True,True,False,False
-0.5540677512436588,-0.7290080847314089,0.04294647925902397,0.3604679684868276,0,6,6,6,11.833333333333334,0,0,6,6,6,11.666666666666666,0,1,0,0,1.0,1.0,1.0,1.0,1,True,True,True,False,False,True,False,False,False,False,True,False,False,False,False,True,False,False,False,False,False,False,True,False,True,False,False
-0.5540677512436588,0.5601558572210751,0.8992785454846383,1.8103244209575264,0,6,17,1,12.0,0,0,6,23,2,10.5,1,1,1,0,0.16666666666666666,0.3333333333333333,2.8333333333333335,3.8333333333333335,0,False,True,False,False,False,True,True,False,False,True,False,False,False,False,True,False,False,False,False,False,False,False,False,False,True,False,False
-0.5540677512436588,0.4615727322482372,-1.082715833602065,0.4922731005296184,1,6,7,3,12.0,0,2,6,7,2,11.0,0,1,1,0,0.5,0.3333333333333333,1.1666666666666667,1.1666666666666667,0,True,True,False,False,True,False,False,True,False,False,False,False,False,False,True,False,False,False,False,True,False,False,False,False,True,False,False
-0.5540677512436588,-0.12234270028318116,0.2777472070950798,-0.6939730878554988,0,6,7,6,12.714285714285714,0,0,6,8,5,11.833333333333334,0,0,1,0,1.0,0.8333333333333334,1.1666666666666667,1.3333333333333333,2,True,True,False,False,False,True,False,False,False,False,False,False,False,False,True,False,False,False,False,False,False,False,True,False,True,True,False
-0.5540677512436588,1.2426544147253313,0.8647490266852184,-0.6939730878554988,0,8,8,8,15.3,0,0,8,8,8,15.3,0,0,1,0,1.0,1.0,1.0,1.0,2,True,True,False,True,False,False,False,False,False,False,False,False,False,False,False,False,False,False,False,False,False,False,False,False,True,True,False
0.2071731591606723,0.03690696313447821,-1.1724925824805565,1.1512987607435725,2,8,12,2,11.5,2,0,7,9,0,0.0,0,1,1,1,0.25,0.0,1.5,1.2857142857142858,0,False,True,False,False,False,True,False,True,False,False,False,False,False,False,True,False,False,False,False,True,False,False,False,False,False,False,False
-0.5540677512436588,-0.19817587333920963,0.20868816949623997,-0.4303628237699172,0,5,12,1,13.0,0,0,5,8,3,12.6,0,0,0,0,0.2,0.6,2.4,1.6,1,True,True,False,False,True,False,True,False,False,True,True,False,False,False,False,True,False,False,True,False,False,False,False,False,True,False,False
-0.5540677512436588,-0.9565076038994943,-0.8271973944863575,-0.16675255968433558,0,6,12,0,0.0,0,0,6,10,0,0.0,0,0,0,0,0.0,0.0,2.0,1.6666666666666667,0,True,True,False,False,False,True,False,True,False,False,True,False,True,False,False,True,False,False,False,True,False,False,False,False,True,False,False
-0.5540677512436588,0.03690696313447821,1.8868227831480486,1.1512987607435725,0,7,0,0,0.0,0,0,8,0,0,0.0,0,1,1,0,0.0,0.0,0.0,0.0,0,False,False,False,True,False,False,False,True,False,False,False,False,False,False,False,True,False,False,False,True,False,False,False,False,True,False,False
-0.5540677512436588,0.7876553763891605,0.5539833574904391,-0.2985576917271264,0,5,8,4,11.0,0,0,5,8,5,12.0,0,0,1,0,0.8,1.0,1.6,1.6,1,True,False,False,False,False,False,False,False,False,False,False,False,False,False,False,False,False,False,False,False,False,False,True,False,True,False,False
1.7296549799693344,-0.5015085655633235,-0.8133855869665894,-0.562167955812708,0,6,7,3,12.666666666666666,0,0,6,10,5,13.125,0,0,1,1,0.5,0.8333333333333334,1.1666666666666667,1.6666666666666667,0,True,False,False,False,False,False,False,False,False,False,False,False,False,False,True,False,False,False,False,False,False,False,False,False,False,False,False
-0.5540677512436588,-0.577341738619352,0.25012359205554346,-0.6939730878554988,0,6,6,6,13.5,0,0,6,6,6,14.0,0,0,1,0,1.0,1.0,1.0,1.0,2,True,False,False,False,False,True,False,False,False,False,False,False,False,False,False,False,False,False,False,False,False,False,True,False,True,True,False
1.7296549799693344,-0.7290080847314089,-0.6614557042491415,-0.6939730878554988,0,5,7,5,12.0,0,0,5,10,5,11.4,0,0,1,0,1.0,1.0,1.4,2.0,2,True,False,False,False,False,False,False,False,False,False,False,False,False,False,False,False,False,False,False,False,False,False,True,False,True,True,False
-0.5540677512436588,1.3184875877813598,1.5898689214730366,1.9421295530003173,0,5,6,0,0.0,0,0,5,5,0,0.0,0,1,0,1,0.0,0.0,1.2,1.0,0,True,False,False,False,False,False,True,False,True,False,True,False,False,False,False,True,False,False,True,False,False,False,True,True,False,False,False
0.9684140695650034,-0.04650952722715268,0.29846491837473255,-0.2985576917271264,0,6,8,5,11.8,0,0,6,8,4,10.5,0,0,1,0,0.8333333333333334,0.6666666666666666,1.3333333333333333,1.3333333333333333,0,True,False,False,False,False,True,False,False,False,False,False,False,False,False,False,False,True,False,False,False,True,False,True,False,True,False,False
-0.5540677512436588,0.02932364582887579,-0.454278591452622,-0.2985576917271264,0,6,12,2,11.5,0,0,6,13,1,13.0,0,0,1,1,0.3333333333333333,0.16666666666666666,2.0,2.1666666666666665,0,True,False,False,False,False,True,False,False,False,False,False,False,False,False,True,False,False,False,True,False,False,False,False,False,False,False,False
-0.5540677512436588,-0.8048412577874374,-0.9238800471247336,0.3604679684868276,0,5,11,2,11.5,0,0,5,10,3,12.0,0,1,1,0,0.4,0.6,2.2,2.0,1,True,True,True,False,False,False,False,False,False,False,False,False,False,False,False,False,False,False,False,True,False,False,False,False,True,False,False
1.7296549799693344,0.33265633805298966,-0.1366070184979592,-0.562167955812708,0,7,7,6,14.616666666666667,0,0,7,7,6,14.616666666666667,0,0,1,0,0.8571428571428571,0.8571428571428571,1.0,1.0,2,True,False,False,True,False,False,False,False,False,False,False,False,False,False,False,False,False,False,False,True,False,False,True,False,True,False,False
3.2521368007779965,0.9393217225012175,0.36752395597357235,-0.562167955812708,0,8,8,7,14.06,0,0,8,8,7,14.06,0,0,1,0,0.875,0.875,1.0,1.0,1,True,False,False,True,False,False,False,False,False,False,False,False,False,False,False,False,False,False,False,False,False,False,True,False,True,True,False
-0.5540677512436588,1.3184875877813598,1.085737947001505,-0.6939730878554988,0,6,9,4,11.0,0,0,6,12,3,11.333333333333334,0,0,1,1,0.6666666666666666,0.5,1.5,2.0,0,True,False,False,False,False,False,False,False,False,False,False,False,False,False,False,False,False,False,False,False,False,False,False,True,True,False,False
-0.5540677512436588,-0.19817587333920963,0.20868816949623997,0.22866283644403682,0,5,0,0,0.0,0,0,5,0,0,0.0,0,1,1,0,0.0,0.0,0.0,0.0,0,True,False,False,False,False,False,True,False,True,False,False,False,False,False,False,False,False,False,False,False,False,False,False,False,True,False,False
3.2521368007779965,0.25682316499696123,-0.4266549764130867,-0.562167955812708,6,14,22,7,12.192307692307692,5,6,14,22,7,12.192307692307692,5,0,1,0,0.5,0.5,1.5714285714285714,1.5714285714285714,2,True,False,False,True,False,False,False,False,False,False,False,False,False,False,True,False,False,False,True,False,False,False,True,False,True,False,False
0.2071731591606723,-0.12234270028318116,0.2294058807758927,-0.6939730878554988,0,6,6,6,12.833333333333334,0,0,6,7,6,12.333333333333334,0,0,1,0,1.0,1.0,1.0,1.1666666666666667,2,True,False,False,False,False,False,False,False,False,False,False,False,False,False,False,False,False,False,False,False,False,False,True,False,True,True,False
-0.5540677512436588,-0.19817587333920963,-0.48880811025204196,-0.562167955812708,0,5,8,5,12.875,0,0,5,6,5,11.833333333333334,0,0,1,0,1.0,1.0,1.6,1.2,2,True,False,False,False,False,False,False,False,False,False,False,False,False,False,False,False,False,False,False,False,False,False,False,False,True,True,False
-0.5540677512436588,-1.866505680571836,-1.1379630636811366,-0.16675255968433558,0,6,6,6,12.166666666666666,0,0,6,6,6,12.5,0,0,1,0,1.0,1.0,1.0,1.0,2,True,False,False,False,False,True,False,False,False,False,False,False,False,False,False,False,False,False,False,False,False,False,True,False,True,True,False
-0.5540677512436588,2.0768193183416446,2.280459297461435,-0.2985576917271264,0,6,11,6,13.428571428571429,0,0,6,12,6,12.857142857142858,0,0,1,0,1.0,1.0,1.8333333333333333,2.0,2,True,False,False,False,False,True,True,False,False,True,False,False,False,False,False,False,False,False,False,False,False,False,True,False,True,False,False
-0.5540677512436588,-1.4873398152916937,-0.5785848591305345,-0.2985576917271264,0,6,6,6,14.5,0,0,6,8,6,14.666666666666666,0,0,1,0,1.0,1.0,1.0,1.3333333333333333,2,True,False,False,True,False,False,False,False,False,False,False,False,False,False,False,False,False,False,False,False,False,False,True,False,True,True,False
-0.5540677512436588,-1.4873398152916937,-1.0136567960032252,-0.4303628237699172,0,7,7,7,12.142857142857142,0,0,7,7,7,12.857142857142858,0,0,1,0,1.0,1.0,1.0,1.0,2,True,False,False,False,False,True,False,False,False,False,False,False,False,False,False,True,False,False,False,False,False,False,False,False,True,True,False
-0.5540677512436588,0.33265633805298966,-0.1780424410572627,-0.562167955812708,0,5,6,4,11.25,0,0,5,10,3,11.714285714285714,0,0,1,0,0.8,0.6,1.2,2.0,1,False,False,False,False,False,False,False,False,False,False,False,False,False,False,False,False,False,False,False,False,False,False,False,False,True,False,False
1.7296549799693344,1.166821241669303,-0.1366070184979592,-0.6939730878554988,0,7,7,6,13.9,0,0,7,7,6,13.9,0,0,1,0,0.8571428571428571,0.8571428571428571,1.0,1.0,2,True,False,False,True,False,False,False,False,False,False,False,False,False,False,False,False,False,False,False,True,False,False,True,False,True,False,False
-0.5540677512436588,-0.19817587333920963,-1.4625405403956842,0.3604679684868276,0,7,12,3,13.766666666666666,0,0,7,11,3,12.066666666666668,0,1,1,0,0.42857142857142855,0.42857142857142855,1.7142857142857142,1.5714285714285714,0,True,False,False,True,False,False,False,True,False,False,False,False,False,False,False,False,False,False,False,False,False,False,False,False,True,False,False
-0.5540677512436588,0.03690696313447821,-0.3783136500938986,1.0194936287007816,13,15,17,13,11.615384615384617,0,11,14,14,11,12.545454545454543,0,1,1,0,0.8666666666666667,0.7857142857142857,1.1333333333333333,1.0,0,True,False,False,False,False,False,True,False,True,False,False,False,False,False,False,False,True,False,False,False,True,False,True,False,True,False,False
-0.5540677512436588,0.40848951110901816,0.49873612741136647,-0.6939730878554988,0,6,6,6,15.166666666666666,0,0,6,7,6,14.142857142857142,0,0,1,0,1.0,1.0,1.0,1.1666666666666667,2,True,False,False,False,False,True,False,False,False,False,False,False,False,False,False,False,False,False,False,False,False,False,True,False,True,True,False
-0.5540677512436588,-0.19817587333920963,0.20868816949623997,1.546714156871945,0,5,5,0,0.0,0,0,5,5,0,0.0,0,1,1,0,0.0,0.0,1.0,1.0,0,False,False,False,False,False,False,True,False,True,False,False,False,False,False,True,False,False,False,True,False,False,False,False,False,True,False,False
-0.5540677512436588,-0.425675392507295,-0.28853690121540704,-0.562167955812708,0,5,10,2,14.5,1,0,5,9,3,11.333333333333334,0,0,1,0,0.4,0.6,2.0,1.8,1,True,False,False,True,False,False,False,False,False,False,False,False,False,False,False,False,False,False,False,False,False,False,True,False,True,False,False
-0.5540677512436588,-1.3356734691796368,-1.2622693313590483,-0.562167955812708,0,6,9,5,10.8,0,0,6,8,6,10.714285714285714,0,0,1,0,0.8333333333333334,1.0,1.5,1.3333333333333333,2,True,False,False,False,False,True,False,False,False,False,False,False,False,False,False,False,False,False,False,False,False,False,False,False,True,True,False
0.2071731591606723,1.0909880686132745,0.671383721408466,-0.6939730878554988,0,7,7,7,13.995714285714287,0,0,8,9,8,14.955555555555556,0,0,0,0,1.0,1.0,1.0,1.125,2,True,False,False,True,False,False,False,False,False,False,True,False,False,False,True,False,False,False,False,True,False,False,False,False,True,False,False
-0.5540677512436588,-0.04650952722715268,-0.5440553403311146,-0.4303628237699172,0,6,8,6,13.285714285714286,0,0,6,16,6,11.8,0,0,1,0,1.0,1.0,1.3333333333333333,2.6666666666666665,2,True,False,False,True,False,False,False,False,False,False,False,False,False,False,True,False,False,False,False,False,False,False,False,False,True,False,False
1.7296549799693344,1.015154895557246,1.6796456703515292,-0.562167955812708,6,12,12,12,12.75,0,4,11,16,11,13.25,0,0,1,0,1.0,1.0,1.0,1.4545454545454546,2,True,False,False,False,False,True,False,False,False,False,False,False,False,False,False,False,False,False,True,False,False,False,True,False,True,True,False
-0.5540677512436588,-1.7906725075158074,-1.2898929463985846,-0.2985576917271264,0,6,15,2,10.5,0,0,6,8,5,12.4,0,0,1,0,0.3333333333333333,0.8333333333333334,2.5,1.3333333333333333,1,True,False,False,False,False,True,False,True,False,False,False,False,False,False,True,False,False,False,True,False,False,False,False,False,True,True,False
-0.5540677512436588,0.02932364582887579,0.029134671739256792,-0.6939730878554988,0,7,7,7,12.714285714285714,0,0,7,7,7,12.285714285714286,0,0,1,1,1.0,1.0,1.0,1.0,2,True,False,False,False,False,True,False,False,False,False,False,False,False,False,False,False,False,False,False,False,False,False,False,True,True,True,False
-0.5540677512436588,-0.6531749116753804,-0.20566605609679903,-0.034947427641544786,0,8,8,8,12.88625,0,0,8,8,8,12.88625,0,0,1,0,1.0,1.0,1.0,1.0,2,True,False,False,True,False,False,False,True,False,False,False,False,False,False,True,False,False,False,False,False,False,False,False,False,True,False,False
-0.5540677512436588,0.03690696313447821,1.9351641094672356,-0.2985576917271264,0,6,7,5,13.0,0,0,6,6,6,12.666666666666666,0,0,1,0,0.8333333333333334,1.0,1.1666666666666667,1.0,2,True,False,False,False,False,True,False,False,False,False,False,False,False,False,False,False,False,False,False,False,False,False,False,False,True,True,False
-0.5540677512436588,-0.8806744308434659,-0.8962564320851973,-0.562167955812708,0,5,7,5,12.2,0,0,5,6,5,11.2,0,0,1,0,1.0,1.0,1.4,1.2,2,True,False,False,False,False,False,False,False,False,False,False,False,False,False,False,False,False,False,False,False,False,False,False,False,True,True,False
0.2071731591606723,-0.2740090463952381,-0.5578671478508818,-0.562167955812708,0,5,8,4,12.8,0,0,5,10,3,14.5,0,0,1,0,0.8,0.6,1.6,2.0,1,True,False,False,False,False,False,False,False,False,False,False,False,False,False,False,True,False,False,False,False,False,False,True,False,True,False,False
-0.5540677512436588,2.0768193183416446,2.280459297461435,-0.4303628237699172,7,11,15,11,13.785714285714286,0,4,9,9,9,13.88888888888889,0,0,1,0,1.0,1.0,1.3636363636363635,1.0,2,True,False,False,True,False,False,True,False,False,True,False,False,False,False,True,False,False,False,False,False,False,False,True,False,True,False,False
-0.5540677512436588,-0.12234270028318116,-0.06064207713923577,-0.6939730878554988,0,5,5,0,0.0,0,0,5,9,4,13.25,2,0,0,0,0.0,0.8,1.0,1.8,1,True,False,False,False,False,False,False,True,False,False,True,False,False,False,False,True,False,False,False,False,False,False,False,False,True,False,False
-0.5540677512436588,1.3184875877813598,0.6575719138886988,-0.6939730878554988,0,8,8,8,14.50125,0,0,8,8,8,14.50125,0,0,1,0,1.0,1.0,1.0,1.0,2,True,False,False,True,False,False,False,False,False,False,False,False,False,False,False,False,False,False,False,False,False,False,True,False,True,True,False
2.4908958903736655,-0.19817587333920963,-0.32306642001482694,-0.562167955812708,0,7,7,6,14.35,0,0,7,7,6,14.35,0,0,1,0,0.8571428571428571,0.8571428571428571,1.0,1.0,2,False,False,False,True,False,False,False,False,False,False,False,False,False,False,True,False,False,False,True,False,False,False,False,False,True,False,False
-0.5540677512436588,0.03690696313447821,0.0705700942985603,-0.2985576917271264,0,6,6,6,11.5,0,0,6,6,6,12.333333333333334,0,0,1,0,1.0,1.0,1.0,1.0,2,True,False,False,False,False,True,False,False,False,False,False,False,False,False,True,False,False,False,True,False,False,False,False,False,True,True,False
-0.5540677512436588,1.6218202800054737,2.0387526658654953,-0.6939730878554988,0,6,8,6,11.714285714285714,0,0,6,6,6,14.666666666666666,0,0,1,0,1.0,1.0,1.3333333333333333,1.0,2,True,False,False,False,False,True,False,False,False,False,False,False,False,False,False,False,False,False,False,False,False,False,True,False,True,True,False
-0.5540677512436588,-0.5015085655633235,-0.08826569217877112,-0.4303628237699172,0,6,9,6,13.571428571428571,0,0,6,10,5,13.6,0,0,1,0,1.0,0.8333333333333334,1.5,1.6666666666666667,1,True,False,False,False,False,False,False,False,False,False,False,False,False,False,False,False,False,False,False,False,False,False,False,False,True,False,False
-0.5540677512436588,1.3184875877813598,1.1064556582811578,-0.6939730878554988,0,6,6,5,13.0,0,0,6,6,6,13.666666666666666,0,0,1,0,0.8333333333333334,1.0,1.0,1.0,2,True,False,False,False,False,True,False,False,False,False,False,False,False,False,False,False,False,False,True,False,False,False,False,False,True,False,False
2.4908958903736655,0.6359890302771035,0.33990034093403604,-0.6939730878554988,0,7,8,7,13.56875,0,0,8,8,8,14.02625,0,0,1,0,1.0,1.0,1.1428571428571428,1.0,2,True,False,False,True,False,False,False,False,False,False,False,False,False,False,False,False,False,False,False,False,False,False,True,False,True,True,False
-0.5540677512436588,0.10515681888490426,-0.9169741433648491,1.1512987607435725,1,5,5,5,10.2,0,0,5,9,4,11.25,0,1,1,0,1.0,0.8,1.0,1.8,1,False,False,True,False,False,False,False,True,False,False,False,False,False,False,False,False,False,False,False,False,False,False,False,False,True,False,False
0.2071731591606723,1.015154895557246,1.9420700132271194,-0.6939730878554988,0,0,0,0,0.0,0,0,0,0,0,0.0,0,0,0,0,0.0,0.0,0.0,0.0,2,True,False,False,False,False,True,False,False,False,False,True,False,True,False,False,True,False,False,False,True,False,False,True,False,True,False,False
0.9684140695650034,0.10515681888490426,-0.4059372651334349,-0.562167955812708,0,6,8,5,12.2,0,0,6,8,5,11.8,0,0,1,0,0.8333333333333334,0.8333333333333334,1.3333333333333333,1.3333333333333333,1,True,False,False,False,False,True,True,False,False,False,False,False,False,False,False,False,False,False,False,False,False,False,True,False,True,False,False
0.9684140695650034,0.48432268416504665,0.2294058807758927,-0.6939730878554988,0,8,8,8,14.15375,0,0,8,8,8,14.15375,0,0,1,0,1.0,1.0,1.0,1.0,2,True,False,False,True,False,False,False,False,False,False,False,False,False,False,False,False,False,False,False,True,False,False,True,False,True,True,False
3.2521368007779965,0.25682316499696123,-0.2540073824159871,-0.6939730878554988,0,8,8,0,0.0,8,0,8,8,0,0.0,8,0,1,1,0.0,0.0,1.0,1.0,0,True,False,False,True,False,False,False,False,False,False,False,False,False,False,True,False,False,False,True,False,False,False,False,False,False,False,False
2.4908958903736655,-1.714839334459779,-0.6614557042491415,-0.4303628237699172,0,6,7,6,13.833333333333334,0,0,6,6,6,12.833333333333334,0,0,1,0,1.0,1.0,1.1666666666666667,1.0,2,True,False,False,False,False,True,False,False,False,False,False,False,False,False,False,True,False,False,True,False,False,False,True,False,True,False,False
-0.5540677512436588,0.18098999194093274,0.919996256764291,-0.562167955812708,0,6,7,6,13.428571428571429,0,0,6,6,4,14.0,0,0,1,0,1.0,0.6666666666666666,1.1666666666666667,1.0,1,True,False,False,False,False,False,True,False,False,False,False,False,False,False,True,False,False,False,True,False,False,False,True,False,True,False,False
1.7296549799693344,-0.2740090463952381,-0.48190220649215837,-0.562167955812708,0,8,8,7,12.454285714285716,0,0,8,8,7,12.454285714285716,0,0,1,0,0.875,0.875,1.0,1.0,2,True,False,False,True,False,False,False,False,False,False,False,False,False,False,False,False,False,False,True,False,False,False,True,False,True,False,False
-0.5540677512436588,0.48432268416504665,0.4434888973322958,-0.6939730878554988,0,5,9,1,11.0,1,0,5,10,0,0.0,0,0,1,0,0.2,0.0,1.8,2.0,1,True,False,False,False,False,False,False,False,False,False,False,False,False,False,False,False,False,False,True,False,False,False,False,False,True,False,False
1.7296549799693344,0.33265633805298966,-0.019206654579931284,-0.6939730878554988,0,7,0,0,0.0,0,0,8,0,0,0.0,0,0,1,0,0.0,0.0,0.0,0.0,0,True,False,False,True,False,False,False,False,False,False,False,False,False,False,True,False,False,False,False,False,False,False,True,False,True,False,False
0.9684140695650034,0.40848951110901816,0.16034684317705286,-0.6939730878554988,0,7,8,6,13.271666666666668,0,0,8,11,7,12.94375,0,0,1,0,0.8571428571428571,0.875,1.1428571428571428,1.375,2,True,False,False,True,False,False,False,False,False,False,False,False,False,False,False,False,False,False,False,False,False,False,True,False,True,True,False
3.2521368007779965,0.25682316499696123,-0.08826569217877112,-0.4303628237699172,0,7,8,6,13.548333333333334,0,0,8,11,6,14.775,0,0,0,0,0.8571428571428571,0.75,1.1428571428571428,1.375,1,True,False,False,True,False,False,False,False,False,False,True,False,False,False,False,True,False,False,False,False,False,False,True,False,True,False,False
-0.5540677512436588,0.7876553763891605,1.2307619259590703,-0.562167955812708,0,6,6,6,12.166666666666666,0,0,6,6,6,12.5,0,0,0,0,1.0,1.0,1.0,1.0,1,True,False,False,False,False,True,False,False,False,False,True,False,True,False,False,True,False,False,True,False,False,False,False,False,True,False,False
-0.5540677512436588,0.03690696313447821,-1.9597656111073312,-0.2985576917271264,0,6,16,2,11.0,0,0,6,12,0,0.0,0,0,1,0,0.3333333333333333,0.0,2.6666666666666665,2.0,0,True,False,False,False,False,False,False,False,False,False,False,False,False,False,False,True,False,False,False,True,False,False,False,False,True,False,False
-0.5540677512436588,0.25682316499696123,-0.005394847060163122,-0.562167955812708,0,7,7,7,13.285714285714286,0,0,7,7,7,14.428571428571429,0,0,1,0,1.0,1.0,1.0,1.0,2,True,False,False,False,False,True,False,False,False,False,False,False,False,False,False,False,False,False,False,False,False,False,True,False,True,True,False
-0.5540677512436588,0.48432268416504665,1.3619740973968644,-0.4303628237699172,0,6,6,6,13.333333333333334,0,0,6,7,6,14.0,0,0,1,0,1.0,1.0,1.0,1.1666666666666667,2,True,False,False,False,False,True,False,False,False,False,False,False,False,False,True,False,False,False,False,False,False,False,True,False,True,True,False
-0.5540677512436588,-0.577341738619352,-0.6890793192886778,-0.2985576917271264,0,8,8,8,13.2575,0,0,8,8,8,13.2575,0,0,1,0,1.0,1.0,1.0,1.0,2,True,False,False,True,False,False,False,False,False,False,False,False,False,False,False,False,False,False,True,False,False,False,False,False,True,True,False
-0.5540677512436588,-0.19817587333920963,0.20868816949623997,-0.034947427641544786,0,6,7,0,0.0,0,0,6,7,0,0.0,0,0,1,0,0.0,0.0,1.1666666666666667,1.1666666666666667,0,True,False,False,True,False,False,True,False,False,True,False,False,False,False,False,False,False,False,False,False,False,False,True,False,True,False,False
-0.5540677512436588,0.33265633805298966,-0.08135978841888752,-0.6939730878554988,0,6,10,6,12.666666666666666,0,0,6,6,2,11.5,0,0,1,1,1.0,0.3333333333333333,1.6666666666666667,1.0,0,True,False,False,False,False,True,False,False,False,False,False,False,False,False,True,False,False,False,False,False,False,False,False,False,False,True,False
-0.5540677512436588,-0.19817587333920963,2.280459297461435,0.8876884966579909,0,5,5,5,14.6,0,0,5,5,5,15.4,0,1,0,0,1.0,1.0,1.0,1.0,0,False,False,True,False,False,False,False,True,True,False,True,False,False,False,False,True,False,False,False,False,False,False,False,False,True,False,False
-0.5540677512436588,-0.19817587333920963,0.49873612741136647,-0.4303628237699172,0,5,13,0,0.0,5,0,5,5,0,0.0,5,0,1,0,0.0,0.0,2.6,1.0,0,True,False,False,True,False,False,False,False,False,False,False,False,False,False,True,False,False,False,False,True,False,False,True,False,True,False,False
0.2071731591606723,2.0768193183416446,-2.1393191088643144,0.7558833646152,3,5,7,3,12.333333333333334,0,0,5,8,0,0.0,0,1,1,1,0.6,0.0,1.4,1.6,0,False,False,False,False,False,False,False,True,False,False,False,False,False,False,False,False,False,False,False,False,False,False,False,False,False,False,False
-0.5540677512436588,-2.473171065020064,-1.7387766907910434,0.09685770440124603,0,5,5,5,10.8,0,0,5,11,2,11.0,0,1,1,0,1.0,0.4,1.0,2.2,1,True,False,False,False,False,False,False,False,False,False,False,False,False,False,True,False,False,False,True,False,False,False,True,False,True,False,False
-0.5540677512436588,0.25682316499696123,-0.12279521097819103,-0.4303628237699172,0,6,7,6,11.666666666666666,0,0,6,10,6,11.333333333333334,0,0,1,0,1.0,1.0,1.1666666666666667,1.6666666666666667,2,True,False,False,False,False,True,False,False,False,False,False,False,False,False,True,False,False,False,False,True,False,False,True,False,True,False,False
-0.5540677512436588,-1.1840071230675797,-1.863082958468955,0.4922731005296184,0,6,6,4,12.5,0,0,6,6,6,14.333333333333334,0,1,1,0,0.6666666666666666,1.0,1.0,1.0,0,True,False,True,False,False,True,False,True,False,False,False,False,False,False,False,False,False,False,False,False,False,False,False,False,True,False,False
-0.5540677512436588,0.5601558572210751,0.8992785454846383,-0.034947427641544786,0,5,0,0,0.0,0,0,5,0,0,0.0,0,0,1,0,0.0,0.0,0.0,0.0,0,False,False,False,False,False,False,True,False,True,False,False,False,False,False,False,False,False,False,False,False,False,False,False,False,True,False,False
-0.5540677512436588,-0.04650952722715268,-0.48190220649215837,-0.034947427641544786,0,6,6,6,15.333333333333334,0,0,6,6,6,14.166666666666666,0,0,1,0,1.0,1.0,1.0,1.0,2,True,False,False,False,False,True,False,True,False,False,False,False,False,False,True,False,False,False,True,False,False,False,False,False,True,True,False
0.9684140695650034,1.0909880686132745,0.5056420311712521,-0.6939730878554988,0,8,8,7,14.2,0,0,8,8,7,14.2,0,0,1,0,0.875,0.875,1.0,1.0,2,True,False,False,True,False,False,False,False,False,False,False,False,False,False,True,False,False,False,True,False,False,False,True,False,True,False,False
-0.5540677512436588,1.9251529722295875,1.2238560221991848,-0.562167955812708,0,6,6,6,14.833333333333334,0,0,6,6,6,14.666666666666666,0,0,1,0,1.0,1.0,1.0,1.0,2,True,False,False,False,False,True,False,False,False,False,False,False,False,False,False,False,False,False,False,False,False,False,True,False,True,True,False
3.2521368007779965,0.7118222033331321,0.33990034093403604,-0.562167955812708,0,7,7,7,13.642857142857142,0,0,8,8,8,14.3875,0,0,1,0,1.0,1.0,1.0,1.0,0,True,False,False,True,False,False,False,False,False,False,False,False,False,False,True,False,False,False,False,False,False,False,True,False,True,False,False
-0.5540677512436588,0.7876553763891605,0.671383721408466,-0.6939730878554988,0,6,6,6,13.833333333333334,0,0,6,6,6,14.0,0,0,1,0,1.0,1.0,1.0,1.0,0,True,False,False,False,False,True,False,False,False,False,False,False,False,False,False,False,False,False,False,False,False,False,True,False,True,True,False
0.2071731591606723,0.18098999194093274,0.1948763619764728,-0.562167955812708,0,6,6,6,11.833333333333334,0,0,6,7,6,13.0,0,0,1,0,1.0,1.0,1.0,1.1666666666666667,2,True,False,False,False,False,True,False,False,False,False,False,False,False,False,True,False,False,False,False,False,False,False,True,False,True,False,False
-0.5540677512436588,2.0768193183416446,1.348162289877097,-0.6939730878554988,0,6,7,6,13.428571428571429,0,0,6,10,6,13.5,0,0,1,0,1.0,1.0,1.1666666666666667,1.6666666666666667,2,True,False,False,False,False,True,False,False,False,False,False,False,False,False,True,False,False,False,False,False,False,False,False,False,True,True,False
-0.5540677512436588,-0.9565076038994943,-0.30925461249505876,0.7558833646152,8,13,16,8,10.5,0,8,12,19,9,10.333333333333334,0,1,1,0,0.6153846153846154,0.75,1.2307692307692308,1.5833333333333333,1,True,False,True,False,False,False,False,True,False,False,False,False,False,False,False,False,False,False,False,False,False,False,True,False,True,False,False
0.2071731591606723,0.03690696313447821,-0.6338320892096062,0.09685770440124603,0,7,10,6,11.416666666666666,0,0,8,9,8,11.9625,0,1,1,0,0.8571428571428571,1.0,1.4285714285714286,1.125,2,True,False,False,True,False,False,False,True,False,False,False,False,False,False,False,True,False,False,False,False,False,False,False,False,True,False,False
0.2071731591606723,0.03690696313447821,-1.448728732875916,-0.562167955812708,0,7,16,2,12.75,0,0,7,12,2,11.0,0,0,1,0,0.2857142857142857,0.2857142857142857,2.2857142857142856,1.7142857142857142,0,True,False,False,True,False,False,False,False,False,False,False,False,False,False,False,False,False,False,False,False,False,False,True,False,True,False,False
-0.5540677512436588,0.02932364582887579,-0.5509612440909982,-0.562167955812708,0,7,10,6,11.15,0,0,7,7,7,12.814285714285717,0,0,1,0,0.8571428571428571,1.0,1.4285714285714286,1.0,1,True,False,False,True,False,False,False,False,False,False,False,False,False,False,True,False,False,False,False,False,False,False,False,False,True,False,False
-0.5540677512436588,-0.9565076038994943,-0.8202914907264739,-0.562167955812708,0,6,8,3,11.666666666666666,0,0,6,11,5,13.625,0,0,1,0,0.5,0.8333333333333334,1.3333333333333333,1.8333333333333333,1,True,False,False,False,False,False,False,False,False,False,False,False,False,False,True,False,False,False,False,False,False,False,False,False,True,False,False
1.7296549799693344,-2.0181720266838927,-0.6959852230485615,-0.4303628237699172,0,6,7,6,11.5,0,0,6,8,5,12.4,0,0,1,0,1.0,0.8333333333333334,1.1666666666666667,1.3333333333333333,2,True,False,False,False,False,False,False,False,False,False,False,False,False,False,False,False,False,False,False,False,False,False,True,False,True,False,False
0.2071731591606723,1.166821241669303,1.0166789094026651,-0.6939730878554988,0,6,6,6,13.833333333333334,0,0,6,6,6,12.666666666666666,0,0,1,0,1.0,1.0,1.0,1.0,2,True,False,False,False,False,True,False,False,False,False,False,False,False,False,False,False,False,False,False,False,False,False,False,False,True,False,False
0.2071731591606723,0.10515681888490426,0.04985238301890855,-0.6939730878554988,1,6,8,6,11.714285714285714,1,0,6,11,4,11.333333333333334,0,0,1,1,1.0,0.6666666666666666,1.3333333333333333,1.8333333333333333,0,True,False,False,False,False,True,False,False,False,False,False,False,False,False,False,True,False,False,False,True,False,False,True,False,False,False,False
2.4908958903736655,-0.19817587333920963,-0.33687822753459506,-0.562167955812708,0,7,8,7,11.678571428571429,0,0,8,10,7,13.0375,0,0,1,0,1.0,0.875,1.1428571428571428,1.25,2,True,False,False,True,False,False,False,False,False,False,False,False,False,False,False,False,False,False,True,False,False,False,True,False,True,True,False
-0.5540677512436588,1.3184875877813598,1.831575553068976,-0.562167955812708,0,6,7,6,15.714285714285714,0,0,6,6,6,14.666666666666666,0,0,0,0,1.0,1.0,1.1666666666666667,1.0,0,True,False,False,True,False,False,True,False,False,False,True,False,True,False,False,True,False,False,False,True,False,False,True,False,True,False,False
-0.5540677512436588,0.6359890302771035,0.9959611981230144,-0.6939730878554988,0,0,0,0,0.0,0,0,0,0,0,0.0,0,0,1,0,0.0,0.0,0.0,0.0,2,True,False,False,False,False,True,False,False,False,False,False,False,False,False,True,False,False,False,False,False,False,False,True,False,True,True,False
-0.5540677512436588,0.5601558572210751,0.6092305875695118,-0.562167955812708,0,6,6,6,13.0,0,0,6,7,6,13.0,0,0,1,0,1.0,1.0,1.0,1.1666666666666667,2,True,False,False,False,False,True,False,False,False,False,False,False,False,False,False,False,False,False,False,False,False,False,True,False,True,True,False
0.2071731591606723,0.40848951110901816,0.03604057549914038,-0.6939730878554988,0,7,7,7,14.485714285714286,0,0,8,9,8,14.58888888888889,0,0,0,0,1.0,1.0,1.0,1.125,2,True,False,False,True,False,False,False,False,False,False,True,False,True,False,False,True,False,False,False,True,False,False,True,False,True,True,False
-0.5540677512436588,-0.19817587333920963,1.7003633816311798,0.09685770440124603,0,5,9,5,12.285714285714286,0,0,5,8,5,12.125,0,1,1,0,1.0,1.0,1.8,1.6,1,True,False,True,False,False,False,False,True,False,False,False,False,False,False,False,False,False,False,False,False,False,False,False,False,True,False,False
-0.5540677512436588,0.03690696313447821,-0.3852195538537822,0.6240782325724092,0,7,12,4,13.375,0,0,7,7,5,13.5,0,1,1,1,0.5714285714285714,0.7142857142857143,1.7142857142857142,1.0,1,True,False,False,True,False,False,False,True,False,False,False,False,False,False,True,False,False,False,False,False,False,False,False,True,True,False,False
-0.5540677512436588,0.02932364582887579,-1.863082958468955,-0.4303628237699172,1,8,8,7,11.571428571428571,0,1,8,8,7,11.571428571428571,0,0,1,0,0.875,0.875,1.0,1.0,2,True,False,False,True,False,False,False,True,False,False,False,False,False,False,True,False,False,False,True,False,False,False,False,False,True,False,False
3.2521368007779965,1.3184875877813598,0.31227672589449973,-0.562167955812708,0,8,8,7,12.657142857142857,0,0,8,8,7,12.657142857142857,0,0,1,0,0.875,0.875,1.0,1.0,2,True,False,False,True,False,False,False,False,False,False,False,False,False,False,False,False,False,False,False,False,False,False,True,False,True,True,False
-0.5540677512436588,-1.1840071230675797,-1.2208339087997446,-0.16675255968433558,0,5,9,2,10.0,1,0,5,11,1,10.0,0,0,1,1,0.4,0.2,1.8,2.2,0,True,False,False,False,False,False,False,False,False,False,False,False,False,False,False,False,False,False,False,False,False,False,False,False,False,False,False
-0.5540677512436588,0.9393217225012175,0.06366419053867671,-0.562167955812708,0,6,7,6,13.714285714285714,0,0,6,6,6,13.166666666666666,0,0,1,0,1.0,1.0,1.1666666666666667,1.0,2,True,False,False,False,False,True,False,False,False,False,False,False,False,False,False,False,False,False,True,False,False,False,True,False,True,False,False
-0.5540677512436588,0.5601558572210751,0.8992785454846383,1.6785192889147356,10,14,21,13,13.071428571428571,0,4,11,16,11,13.0,0,1,1,0,0.9285714285714286,1.0,1.5,1.4545454545454546,2,True,False,False,False,False,True,True,False,True,False,False,False,False,False,False,False,False,False,False,False,False,False,True,False,True,False,False
-0.5540677512436588,2.0768193183416446,2.280459297461435,-0.562167955812708,0,6,7,6,15.333333333333334,0,0,6,9,6,14.0,0,0,1,0,1.0,1.0,1.1666666666666667,1.5,2,True,False,False,False,False,True,True,False,False,True,False,False,False,False,False,False,False,False,False,False,False,False,False,False,True,True,False
-0.5540677512436588,-0.577341738619352,-0.4957140140119265,-0.6939730878554988,0,6,9,5,11.571428571428571,0,0,6,8,6,12.142857142857142,0,0,0,0,0.8333333333333334,1.0,1.5,1.3333333333333333,2,True,False,False,False,False,True,False,False,False,False,True,False,True,False,False,True,False,False,False,True,False,False,False,False,True,False,False
1.7296549799693344,0.03690696313447821,1.797046034269556,2.205739817085899,0,5,10,0,0.0,0,0,5,5,0,0.0,0,1,1,1,0.0,0.0,2.0,1.0,0,False,False,True,False,False,False,False,True,False,True,False,False,False,False,False,False,False,False,False,False,False,False,False,False,False,False,False
0.2071731591606723,0.48432268416504665,-0.1366070184979592,-0.562167955812708,0,7,7,6,12.9,0,0,7,7,6,12.9,0,0,1,0,0.8571428571428571,0.8571428571428571,1.0,1.0,2,True,False,False,True,False,False,False,False,False,False,False,False,False,False,False,False,False,False,False,False,False,False,True,False,True,True,False
-0.5540677512436588,-0.19817587333920963,-1.6075645193532473,1.9421295530003173,1,8,12,5,13.126,1,1,8,12,5,13.126,1,1,1,0,0.625,0.625,1.5,1.5,1,False,False,False,True,False,False,False,True,False,False,False,False,False,False,False,False,False,False,False,False,False,False,False,False,True,False,False
-0.5540677512436588,-0.9565076038994943,-0.48190220649215837,1.1512987607435725,4,10,20,4,11.5,2,3,9,13,3,11.666666666666666,2,1,1,0,0.4,0.3333333333333333,2.0,1.4444444444444444,0,True,False,False,True,False,False,True,False,True,False,False,False,False,False,False,False,False,False,False,False,False,False,False,False,True,False,False
-0.5540677512436588,2.0768193183416446,1.3136327710776772,-0.562167955812708,0,6,11,3,10.333333333333334,0,0,6,10,5,11.8,0,0,1,0,0.5,0.8333333333333334,1.8333333333333333,1.6666666666666667,1,True,False,False,False,False,True,False,False,False,False,False,False,False,False,False,False,False,False,False,False,False,False,True,False,True,False,False
0.9684140695650034,-0.9565076038994943,-0.6959852230485615,-0.562167955812708,0,6,6,6,13.5,0,0,6,7,6,13.428571428571429,0,0,0,0,1.0,1.0,1.0,1.1666666666666667,2,True,False,False,False,False,True,False,False,False,False,True,False,False,False,True,False,False,False,True,False,False,False,True,False,True,False,False
-0.5540677512436588,-0.19817587333920963,-0.6269261854497216,1.546714156871945,0,1,1,0,0.0,1,0,5,0,0,0.0,0,1,1,0,0.0,0.0,1.0,0.0,0,False,False,False,False,False,False,False,True,False,False,False,False,False,False,False,False,False,False,False,False,False,False,False,False,True,False,False
-0.5540677512436588,-0.6531749116753804,0.11200551685786381,-0.4303628237699172,0,5,5,4,12.0,0,0,4,4,2,11.5,0,0,1,0,0.8,0.5,1.0,1.0,1,True,False,False,False,False,False,False,False,False,False,False,False,False,False,False,True,False,False,False,False,False,False,True,False,True,False,False
-0.5540677512436588,1.3184875877813598,0.5539833574904391,0.7558833646152,2,8,10,7,11.142857142857142,0,2,8,11,8,11.375,0,1,1,0,0.875,1.0,1.25,1.375,2,True,False,False,False,False,True,False,False,False,False,False,False,False,False,False,True,False,False,True,False,False,False,False,False,True,False,False
-0.5540677512436588,0.5601558572210751,-0.1642306335374955,0.7558833646152,0,5,11,5,11.4,0,0,5,10,4,10.25,0,1,1,0,1.0,0.8,2.2,2.0,1,True,False,True,False,False,False,False,False,False,False,False,False,False,False,False,False,False,False,False,False,False,False,False,False,True,False,False
2.4908958903736655,0.18098999194093274,-0.20566605609679903,-0.562167955812708,0,8,8,7,12.771428571428572,1,0,8,8,7,12.771428571428572,1,0,1,0,0.875,0.875,1.0,1.0,1,True,False,False,True,False,False,False,False,False,False,False,False,False,False,False,False,False,False,False,False,False,False,True,False,True,True,False
3.2521368007779965,0.7876553763891605,0.17415865069682004,-0.6939730878554988,0,8,8,7,13.79857142857143,0,0,8,8,7,13.79857142857143,0,0,1,0,0.875,0.875,1.0,1.0,2,True,False,False,True,False,False,False,False,False,False,False,False,False,False,False,False,False,False,False,False,False,False,True,False,True,True,False
-0.5540677512436588,-2.473171065020064,-1.082715833602065,0.22866283644403682,0,6,7,6,13.333333333333334,0,0,6,6,6,13.5,0,1,1,1,1.0,1.0,1.1666666666666667,1.0,2,False,False,True,False,False,True,False,True,False,False,False,False,False,False,False,False,True,False,False,False,False,False,False,True,False,False,False
-0.5540677512436588,0.03690696313447821,-2.2083781464631542,3.5237911375138067,0,6,11,0,0.0,0,0,5,6,0,0.0,0,1,1,1,0.0,0.0,1.8333333333333333,1.2,0,False,False,True,False,False,True,False,True,False,False,False,False,False,False,False,False,False,False,False,False,False,False,False,True,False,False,False
-0.5540677512436588,0.03690696313447821,0.33299443717415245,0.09685770440124603,14,15,17,14,11.357142857142858,0,13,14,15,13,12.846153846153848,0,1,1,0,0.9333333333333333,0.9285714285714286,1.1333333333333333,1.0714285714285714,0,False,False,False,False,False,False,False,False,False,False,False,False,False,False,False,False,True,False,False,False,True,False,False,False,True,False,False
2.4908958903736655,-0.04650952722715268,-0.5440553403311146,-0.6939730878554988,0,5,11,0,0.0,0,0,5,8,0,0.0,0,0,1,0,0.0,0.0,2.2,1.6,0,True,False,False,False,True,False,False,False,False,False,False,False,False,False,True,False,False,False,False,True,False,False,False,False,True,False,False
-0.5540677512436588,-0.12234270028318116,-0.10898340345842286,-0.4303628237699172,0,6,13,6,15.692307692307692,0,0,6,13,5,14.428571428571429,0,0,1,0,1.0,0.8333333333333334,2.1666666666666665,2.1666666666666665,2,True,False,False,True,False,False,False,False,False,False,False,False,False,False,False,False,False,False,False,False,False,False,True,False,True,False,False
-0.5540677512436588,1.0909880686132745,0.9476198718038253,-0.4303628237699172,13,18,19,18,15.052631578947368,0,11,13,13,13,14.538461538461538,0,0,1,1,1.0,1.0,1.0555555555555556,1.0,2,True,False,False,False,False,True,True,False,False,False,False,False,False,False,True,False,False,False,False,False,False,False,True,True,True,True,False
-0.5540677512436588,0.6359890302771035,0.33990034093403604,-0.2985576917271264,6,10,20,6,11.5,0,5,10,17,5,12.4,0,0,1,0,0.6,0.5,2.0,1.7,0,True,False,True,False,False,False,False,True,False,False,False,False,False,False,False,False,False,False,False,False,False,False,False,False,True,False,False
-0.5540677512436588,2.0768193183416446,-0.20566605609679903,0.6240782325724092,2,8,15,7,11.0,0,0,6,17,1,10.0,0,1,1,1,0.875,0.16666666666666666,1.875,2.8333333333333335,1,True,True,False,False,False,True,False,True,False,False,False,False,False,False,False,False,False,False,False,True,False,False,False,True,True,False,False
-0.5540677512436588,0.18098999194093274,0.8440313154055656,-0.562167955812708,0,6,6,6,13.0,0,0,6,6,6,13.166666666666666,0,0,1,0,1.0,1.0,1.0,1.0,2,True,True,False,False,False,False,False,False,False,False,False,False,False,False,False,False,False,False,False,False,False,False,False,False,True,True,False
-0.5540677512436588,0.02932364582887579,-0.35759593881424684,-0.6939730878554988,0,8,8,8,12.93875,0,0,8,8,8,12.93875,0,0,1,0,1.0,1.0,1.0,1.0,2,True,True,False,True,False,False,False,False,False,False,False,False,False,False,False,False,False,False,False,False,False,False,False,False,True,True,False
-0.5540677512436588,0.7118222033331321,0.40895937853287584,-0.16675255968433558,0,0,0,0,0.0,0,0,0,0,0,0.0,0,0,1,0,0.0,0.0,0.0,0.0,2,True,True,False,False,False,True,False,False,False,False,False,False,False,False,False,False,False,False,False,False,False,False,False,False,True,False,False
-0.5540677512436588,-0.19817587333920963,0.20868816949623997,0.22866283644403682,0,6,6,0,0.0,0,0,6,8,0,0.0,0,1,1,0,0.0,0.0,1.0,1.3333333333333333,0,True,True,False,False,False,True,True,False,False,True,False,False,False,False,False,False,False,False,False,False,False,False,False,False,True,False,False
-0.5540677512436588,0.03690696313447821,0.21559407325612354,1.8103244209575264,0,7,10,5,13.0,0,0,7,9,5,12.88,0,1,1,1,0.7142857142857143,0.7142857142857143,1.4285714285714286,1.2857142857142858,0,False,True,False,True,False,False,False,True,False,False,False,False,False,False,False,False,False,False,False,False,False,False,False,False,False,False,False
-0.5540677512436588,0.03690696313447821,-0.1711365372973791,1.9421295530003173,0,7,11,5,12.18,0,0,7,11,4,11.8125,0,1,1,1,0.7142857142857143,0.5714285714285714,1.5714285714285714,1.5714285714285714,0,True,True,False,True,False,False,False,True,False,False,False,False,False,False,False,False,False,False,False,False,False,False,False,False,False,False,False
-0.5540677512436588,-0.19817587333920963,2.439295083938767,1.6785192889147356,0,6,13,3,11.333333333333334,0,0,6,12,5,11.4,0,1,1,0,0.5,0.8333333333333334,2.1666666666666665,2.0,0,False,True,False,False,False,False,False,True,False,False,False,False,False,False,False,False,False,False,False,False,False,False,False,False,True,False,False
0.2071731591606723,1.2426544147253313,0.7473486627671915,-0.6939730878554988,0,8,8,7,13.0,0,0,8,8,7,13.0,0,0,1,0,0.875,0.875,1.0,1.0,2,True,True,False,True,False,False,False,False,False,False,False,False,False,False,False,False,False,False,False,False,False,False,True,False,True,False,False
-0.5540677512436588,-0.19817587333920963,-0.5164317252915782,-0.562167955812708,0,5,5,0,0.0,0,0,6,0,0,0.0,0,0,1,1,0.0,0.0,1.0,0.0,0,True,True,False,False,False,False,False,False,False,False,False,False,False,False,False,False,True,False,False,False,True,False,False,False,False,False,False
-0.5540677512436588,1.3184875877813598,-1.1724925824805565,0.09685770440124603,0,5,13,2,12.5,2,0,5,8,3,12.333333333333334,0,1,1,1,0.4,0.6,2.6,1.6,0,True,True,False,False,False,True,False,True,False,False,False,False,False,False,True,False,False,False,False,False,False,False,False,True,True,False,False
-0.5540677512436588,-2.0181720266838927,-1.5177877704747558,-0.4303628237699172,0,6,9,5,11.0,0,0,6,9,5,12.166666666666666,0,0,1,0,0.8333333333333334,0.8333333333333334,1.5,1.5,2,True,True,False,False,False,True,False,False,False,False,False,False,False,False,False,True,False,False,False,True,False,False,False,False,True,False,False
-0.5540677512436588,2.2284856644537014,1.0926438507613905,-0.2985576917271264,0,0,0,0,0.0,0,0,0,0,0,0.0,0,0,1,0,0.0,0.0,0.0,0.0,0,True,True,False,False,False,True,False,False,False,False,False,False,False,False,False,False,False,False,False,False,False,False,True,False,True,False,False
0.9684140695650034,-0.9565076038994943,0.08438190181832748,1.1512987607435725,0,5,5,0,0.0,0,0,5,5,0,0.0,0,1,1,0,0.0,0.0,1.0,1.0,0,False,True,True,False,False,False,False,True,False,False,False,False,False,False,False,False,False,False,False,False,False,False,True,False,True,False,False
-0.5540677512436588,0.03690696313447821,-0.48190220649215837,2.073934685043108,0,5,9,0,0.0,0,0,5,5,1,10.0,0,1,1,0,0.0,0.2,1.8,1.0,0,False,True,True,False,False,False,False,True,False,False,False,False,False,False,False,False,False,False,False,False,False,False,False,False,True,False,False
-0.5540677512436588,-0.19817587333920963,0.20868816949623997,1.2831038927863632,0,5,6,0,0.0,0,0,5,5,0,0.0,0,1,1,1,0.0,0.0,1.2,1.0,0,True,True,False,False,True,False,True,False,True,False,False,False,False,False,False,False,False,False,False,False,False,False,False,False,False,False,False
0.2071731591606723,-0.3498422194512666,-0.36450184257413043,-0.4303628237699172,0,5,5,5,12.4,0,0,5,5,4,10.75,0,0,1,0,1.0,0.8,1.0,1.0,2,True,True,False,False,False,False,False,False,False,False,False,False,False,False,True,False,False,False,False,False,False,False,False,False,True,True,False
-0.5540677512436588,-0.6531749116753804,-0.7581383568875176,-0.562167955812708,0,6,8,6,15.5,0,0,6,10,6,14.1,0,0,1,0,1.0,1.0,1.3333333333333333,1.6666666666666667,2,True,True,False,False,False,True,False,False,False,False,False,False,False,False,False,False,False,False,False,False,False,False,False,False,True,False,False
-0.5540677512436588,0.03690696313447821,0.4296770898125266,2.6011552132142715,0,5,13,2,11.5,0,0,5,12,3,10.8,0,1,1,1,0.4,0.6,2.6,2.4,0,False,True,True,False,False,False,False,True,False,False,False,False,False,False,True,False,False,False,False,False,False,False,False,False,False,False,False
-0.5540677512436588,-1.4115066422356652,-0.7097970305683295,3.3919860054710163,0,5,7,4,13.333333333333334,0,0,5,9,4,11.6,1,1,1,0,0.8,0.8,1.4,1.8,0,False,True,True,False,False,False,False,True,False,False,False,False,False,False,False,False,False,False,False,False,False,False,False,False,True,False,False
0.2071731591606723,0.5601558572210751,-0.03992436585958304,-0.6939730878554988,0,6,8,6,12.666666666666666,0,0,6,6,6,13.5,0,0,1,0,1.0,1.0,1.3333333333333333,1.0,2,True,True,False,False,False,True,False,False,False,False,False,False,False,False,True,False,False,False,False,False,False,False,True,False,True,True,False
-0.5540677512436588,2.0768193183416446,0.8992785454846383,0.4922731005296184,0,6,6,0,0.0,0,0,6,6,0,0.0,0,1,1,0,0.0,0.0,1.0,1.0,1,True,True,False,False,False,True,False,True,False,False,False,False,False,False,False,False,False,False,False,False,False,False,False,False,True,False,False
-0.5540677512436588,-0.8048412577874374,-0.4611844952125066,-0.562167955812708,0,5,8,5,12.6,0,0,5,9,5,13.6,0,0,1,0,1.0,1.0,1.6,1.8,0,True,True,False,False,False,False,False,False,False,False,False,False,False,False,False,False,False,False,False,False,False,False,True,False,True,True,False
-0.5540677512436588,0.5601558572210751,-0.620020281689838,2.8647654772998528,0,6,6,6,13.5,0,0,6,6,0,0.0,0,1,1,1,1.0,0.0,1.0,1.0,0,True,True,False,False,False,True,False,True,False,False,False,False,False,False,False,False,False,False,False,False,False,False,False,True,True,True,False
-0.5540677512436588,2.0768193183416446,1.5553394026736167,-0.562167955812708,0,6,6,6,13.0,0,0,6,8,6,13.0,0,0,1,1,1.0,1.0,1.0,1.3333333333333333,2,True,True,False,False,False,False,False,True,False,False,False,False,False,False,False,False,False,False,False,False,False,False,True,False,False,False,False
-0.5540677512436588,-0.19817587333920963,0.20868816949623997,-0.2985576917271264,0,6,15,6,11.714285714285714,0,0,6,8,4,11.75,0,0,0,0,1.0,0.6666666666666666,2.5,1.3333333333333333,2,True,True,False,False,False,True,True,False,False,True,False,False,True,False,False,False,False,False,False,False,False,False,False,False,True,True,False
-0.5540677512436588,0.6359890302771035,-0.04683026961946761,-0.6939730878554988,0,6,8,6,12.166666666666666,0,0,6,7,5,13.0,0,0,1,0,1.0,0.8333333333333334,1.3333333333333333,1.1666666666666667,2,True,True,False,False,False,False,False,False,False,False,False,False,False,False,True,False,False,False,False,False,False,False,False,False,True,True,False
0.9684140695650034,-0.425675392507295,-0.7443265493677496,-0.6939730878554988,0,5,10,0,0.0,1,0,5,13,0,0.0,0,0,1,0,0.0,0.0,2.0,2.6,0,True,True,False,False,False,False,False,False,False,False,False,False,False,False,True,False,False,False,False,False,False,False,False,False,True,False,False
-0.5540677512436588,-0.5015085655633235,-0.06754798089911936,0.7558833646152,0,6,12,0,0.0,0,0,6,6,0,0.0,6,1,1,1,0.0,0.0,2.0,1.0,0,True,True,False,False,False,False,False,False,False,False,False,False,False,False,True,False,False,False,False,True,False,False,False,False,False,False,False
-0.5540677512436588,-0.12234270028318116,-0.32306642001482694,-0.562167955812708,0,5,6,5,11.5,0,0,5,5,5,11.6,0,0,1,0,1.0,1.0,1.2,1.0,2,True,True,False,False,False,False,False,False,False,False,False,False,False,False,True,False,False,False,False,False,False,False,False,False,True,False,False
-0.5540677512436588,-0.19817587333920963,-0.5164317252915782,-0.6939730878554988,0,5,7,4,11.25,0,0,5,6,4,12.25,0,0,1,0,0.8,0.8,1.4,1.2,1,True,True,False,False,False,False,False,False,False,False,False,False,False,False,False,False,False,False,False,False,False,False,True,False,True,True,False
-0.5540677512436588,-0.19817587333920963,0.33299443717415245,-0.16675255968433558,2,7,7,7,12.285714285714286,0,5,9,10,8,12.375,0,0,1,0,1.0,0.8888888888888888,1.0,1.1111111111111112,2,True,True,False,False,False,True,True,False,False,True,False,False,False,False,False,False,False,False,False,False,False,False,False,False,True,True,False
3.2521368007779965,0.5601558572210751,0.25702949581542706,-0.6939730878554988,0,7,7,7,12.718571428571428,0,0,8,11,8,12.805555555555555,0,0,1,0,1.0,1.0,1.0,1.375,0,True,True,False,True,False,False,False,False,False,False,False,False,False,False,True,False,False,False,False,True,False,False,True,False,True,True,False
-0.5540677512436588,0.5601558572210751,0.8992785454846383,-0.4303628237699172,2,6,12,5,12.4,0,1,6,11,2,15.0,0,0,1,0,0.8333333333333334,0.3333333333333333,2.0,1.8333333333333333,1,True,True,False,False,False,True,True,False,False,True,False,False,False,False,True,False,False,False,False,False,False,False,False,False,True,False,False
-0.5540677512436588,0.5601558572210751,0.17415865069682004,-0.4303628237699172,0,0,0,0,0.0,0,0,0,0,0,0.0,0,0,1,0,0.0,0.0,0.0,0.0,0,True,True,False,False,False,True,False,False,False,False,False,False,False,False,False,True,False,False,False,True,False,False,True,False,True,False,False
-0.5540677512436588,0.03690696313447821,0.20868816949623997,0.7558833646152,0,6,16,1,14.0,0,0,6,7,0,0.0,0,1,1,1,0.16666666666666666,0.0,2.6666666666666665,1.1666666666666667,0,False,True,False,False,False,False,False,True,False,False,False,False,False,False,False,False,False,False,False,False,False,False,False,True,True,True,False
-0.5540677512436588,-0.9565076038994943,-0.8962564320851973,0.7558833646152,0,5,10,3,11.666666666666666,0,0,5,8,4,11.25,0,1,1,0,0.6,0.8,2.0,1.6,0,True,True,False,False,False,False,False,True,False,False,False,False,False,False,False,False,False,True,True,False,False,False,True,False,True,False,False
-0.5540677512436588,-0.8806744308434659,-0.4128431688933185,-0.034947427641544786,0,6,15,1,13.0,0,0,6,8,4,11.25,0,0,1,0,0.16666666666666666,0.6666666666666666,2.5,1.3333333333333333,1,True,True,False,False,False,True,False,True,False,False,False,False,False,False,True,False,False,False,True,False,False,False,True,False,True,False,False
-0.5540677512436588,-0.7290080847314089,-0.7305147418479814,-0.562167955812708,0,0,0,0,0.0,0,0,0,0,0,0.0,0,0,0,1,0.0,0.0,0.0,0.0,0,True,True,False,False,False,True,False,False,False,False,True,False,False,False,False,True,False,False,False,False,False,False,True,True,True,False,False
-0.5540677512436588,0.25682316499696123,-0.36450184257413043,-0.6939730878554988,0,5,10,0,0.0,0,0,5,11,1,12.0,3,0,1,0,0.0,0.2,2.0,2.2,0,True,True,False,False,True,False,False,False,False,False,False,False,False,False,False,False,False,False,False,False,False,False,True,False,True,False,False
-0.5540677512436588,0.25682316499696123,0.20868816949623997,-0.16675255968433558,2,6,13,4,11.5,0,2,6,12,2,12.5,0,0,0,0,0.6666666666666666,0.3333333333333333,2.1666666666666665,2.0,0,False,True,False,False,False,False,False,True,False,False,True,False,True,False,False,True,False,False,False,True,False,False,True,False,True,False,False
-0.5540677512436588,-0.9565076038994943,-0.48190220649215837,1.414909024829154,6,10,10,7,11.714285714285714,0,4,10,10,6,11.5,0,1,1,1,0.7,0.6,1.0,1.0,0,True,True,True,False,False,False,False,True,False,False,False,False,False,False,False,False,False,False,False,False,False,False,True,True,True,False,False
-0.5540677512436588,2.0768193183416446,-0.1366070184979592,0.3604679684868276,0,5,7,5,12.6,0,0,5,7,5,13.714285714285714,0,1,0,0,1.0,1.0,1.4,1.4,2,True,True,True,False,False,False,False,True,True,False,True,False,True,False,False,True,False,False,False,True,False,False,False,False,True,False,False
-0.5540677512436588,-0.577341738619352,0.4918302236514829,0.09685770440124603,12,17,19,13,11.642857142857142,0,12,17,25,12,11.25,0,1,1,0,0.7647058823529411,0.7058823529411765,1.1176470588235294,1.4705882352941178,0,True,True,False,False,False,True,False,False,False,False,False,False,False,False,False,False,False,False,False,False,False,False,True,False,True,False,False
-0.5540677512436588,1.015154895557246,1.5553394026736167,-0.8257782198982896,0,6,8,6,14.875,0,0,6,8,6,13.428571428571429,0,0,1,0,1.0,1.0,1.3333333333333333,1.3333333333333333,2,True,True,False,False,False,False,False,False,False,False,False,False,False,False,False,False,False,False,False,False,False,False,True,False,True,True,False
1.7296549799693344,-1.1840071230675797,-0.951503662164269,-0.2985576917271264,0,5,11,2,10.0,0,0,5,10,3,10.333333333333334,0,0,0,0,0.4,0.6,2.2,2.0,1,True,True,False,False,False,False,False,True,False,False,True,False,True,False,True,False,False,False,True,False,False,False,False,False,True,False,False
-0.5540677512436588,1.3184875877813598,1.3136327710776772,1.414909024829154,0,5,5,5,14.2,0,0,5,5,5,14.6,0,1,0,0,1.0,1.0,1.0,1.0,1,False,True,True,False,False,False,False,True,False,False,False,False,True,False,True,False,False,False,False,True,False,False,False,False,True,False,False
-0.5540677512436588,0.5601558572210751,0.8992785454846383,-0.562167955812708,0,6,8,6,12.714285714285714,0,0,6,9,6,13.5,0,0,1,0,1.0,1.0,1.3333333333333333,1.5,2,True,True,False,False,False,True,True,False,False,True,False,False,False,False,False,False,False,False,False,False,False,False,True,False,True,False,False
-0.5540677512436588,-1.6390061614037505,2.446200987698651,3.3919860054710163,4,12,16,5,11.6,0,2,7,7,5,11.2,0,1,0,1,0.4166666666666667,0.7142857142857143,1.3333333333333333,1.0,0,False,True,False,False,False,True,False,True,False,False,False,False,True,False,True,False,False,False,False,True,False,False,False,True,False,False,False
-0.5540677512436588,-0.9565076038994943,0.6644778176485825,-0.034947427641544786,0,7,14,5,11.94,0,0,7,14,6,12.2,0,0,0,0,0.7142857142857143,0.8571428571428571,2.0,2.0,0,True,True,False,True,False,False,False,True,False,False,True,False,True,False,True,False,False,False,True,False,False,False,False,False,True,False,False
0.9684140695650034,-1.6390061614037505,-1.1034335448817167,-0.6939730878554988,0,5,10,4,11.6,0,0,5,9,3,14.2,0,0,1,0,0.8,0.6,2.0,1.8,0,True,True,False,False,True,False,False,False,False,False,False,False,False,False,False,False,False,False,False,False,False,False,True,False,True,False,False
-0.5540677512436588,-1.1081739500115513,-0.7788560681671695,-0.4303628237699172,0,7,9,5,12.7,0,0,8,9,7,13.475,0,0,1,0,0.7142857142857143,0.875,1.2857142857142858,1.125,1,True,True,False,True,False,False,False,False,False,False,False,False,False,False,True,False,False,False,False,False,False,False,False,False,True,False,False
0.9684140695650034,-2.0181720266838927,-1.4694464441555677,-0.562167955812708,0,6,6,6,13.333333333333334,0,0,6,9,5,13.8,0,0,0,0,1.0,0.8333333333333334,1.0,1.5,2,True,True,False,False,False,False,False,False,False,False,True,False,False,False,False,True,False,False,False,True,False,False,True,False,True,False,False
-0.5540677512436588,-0.9565076038994943,0.08438190181832748,0.09685770440124603,4,9,13,8,13.333333333333334,0,5,10,12,9,13.11111111111111,0,1,0,0,0.8888888888888888,0.9,1.4444444444444444,1.2,1,True,True,False,False,False,True,False,True,False,True,True,False,False,False,False,True,False,False,False,False,False,False,True,False,True,False,False
-0.5540677512436588,1.3943207608373882,0.6921014326881187,-0.6939730878554988,0,5,5,5,13.4,0,0,5,5,5,15.0,0,0,1,0,1.0,1.0,1.0,1.0,2,True,True,False,False,False,False,False,False,False,False,False,False,False,False,True,False,False,False,False,False,False,False,True,False,True,False,False
-0.5540677512436588,0.03690696313447821,-0.48190220649215837,2.8647654772998528,0,6,12,0,0.0,0,0,6,12,0,0.0,0,1,1,1,0.0,0.0,2.0,2.0,0,False,True,False,False,False,False,False,True,False,False,False,False,False,False,False,False,True,False,False,False,True,False,False,True,False,False,False
-0.5540677512436588,-0.9565076038994943,-0.4473726876927384,0.8876884966579909,0,5,5,2,11.0,0,0,5,5,0,0.0,0,1,1,0,0.4,0.0,1.0,1.0,0,True,True,True,False,False,False,False,True,False,False,False,False,False,False,False,False,True,False,False,False,True,False,True,False,True,False,False
-0.5540677512436588,-0.9565076038994943,-0.6131143779299544,0.6240782325724092,13,15,17,13,12.0,0,9,13,13,9,11.333333333333334,0,1,0,0,0.8666666666666667,0.6923076923076923,1.1333333333333333,1.0,0,True,True,True,False,False,False,False,True,False,True,False,False,True,False,True,False,False,False,False,False,False,False,False,False,True,False,False
-0.5540677512436588,-1.714839334459779,0.8302195078857985,2.205739817085899,0,5,0,0,0.0,0,0,5,0,0,0.0,0,1,1,0,0.0,0.0,0.0,0.0,0,True,True,True,False,False,False,False,True,False,False,False,False,False,False,False,False,False,False,False,False,False,False,False,False,True,False,False
0.2071731591606723,0.03690696313447821,-0.7374206456078659,1.1512987607435725,0,5,5,0,0.0,0,0,5,9,0,0.0,0,1,1,1,0.0,0.0,1.0,1.8,0,True,True,False,False,False,False,False,True,False,False,False,False,False,False,True,False,False,False,False,False,False,False,False,False,False,False,False
2.4908958903736655,-1.1081739500115513,-0.4473726876927384,-0.562167955812708,0,6,12,4,12.5,0,0,6,12,4,10.25,0,0,1,0,0.6666666666666666,0.6666666666666666,2.0,2.0,0,True,True,False,False,False,False,False,False,False,False,False,False,False,False,True,False,False,False,True,False,False,False,True,False,True,False,False
-0.5540677512436588,0.48432268416504665,0.5470774537305555,-0.4303628237699172,0,6,7,6,13.666666666666666,0,0,6,7,6,12.166666666666666,1,0,1,0,1.0,1.0,1.1666666666666667,1.1666666666666667,2,True,True,False,False,False,True,False,False,False,False,False,False,False,False,False,True,False,False,False,False,False,False,True,False,True,False,False
-0.5540677512436588,-0.19817587333920963,-0.27472509369563886,-0.6939730878554988,0,5,10,1,10.0,0,0,5,7,0,0.0,0,0,0,0,0.2,0.0,2.0,1.4,0,True,True,False,False,True,False,False,False,False,False,False,False,True,False,True,False,False,False,False,True,False,False,False,False,True,False,False
-0.5540677512436588,-0.04650952722715268,-0.28163099745552245,-0.4303628237699172,0,6,6,6,11.5,0,0,6,9,2,13.0,0,0,1,1,1.0,0.3333333333333333,1.0,1.5,0,True,True,False,False,False,False,False,False,False,False,False,False,False,False,False,False,False,False,False,False,False,False,False,False,False,False,False
-0.5540677512436588,-2.473171065020064,0.8992785454846383,2.073934685043108,0,5,7,4,12.25,0,0,5,7,4,12.75,0,1,1,0,0.8,0.8,1.4,1.4,1,True,True,True,False,False,False,False,True,False,False,False,False,False,False,False,False,False,False,True,False,False,False,False,False,True,False,False
-0.5540677512436588,-0.9565076038994943,-0.30925461249505876,-0.562167955812708,0,6,11,5,13.6,0,0,6,11,5,13.666666666666666,0,0,1,1,0.8333333333333334,0.8333333333333334,1.8333333333333333,1.8333333333333333,1,True,True,False,True,False,False,False,False,False,False,False,False,False,False,True,False,False,False,False,False,False,False,False,False,False,False,False
-0.5540677512436588,0.03690696313447821,-0.3783136500938986,1.9421295530003173,0,5,11,2,10.5,0,0,5,9,3,11.333333333333334,1,1,1,0,0.4,0.6,2.2,1.8,1,True,True,True,False,False,False,False,True,False,True,False,False,False,False,False,False,False,False,False,False,False,False,False,False,True,False,False
0.9684140695650034,1.7734866261175306,0.36752395597357235,-0.6939730878554988,0,7,7,6,13.266666666666666,0,0,7,7,6,13.266666666666666,0,0,1,0,0.8571428571428571,0.8571428571428571,1.0,1.0,2,True,True,False,True,False,False,False,False,False,False,False,False,False,False,True,False,False,False,False,False,False,False,True,False,True,True,False
1.7296549799693344,0.7876553763891605,0.31227672589449973,-0.6939730878554988,0,7,8,7,12.5125,0,0,8,8,8,14.1875,0,0,1,0,1.0,1.0,1.1428571428571428,1.0,2,True,True,False,True,False,False,False,False,False,False,False,False,False,False,False,False,False,False,False,False,False,False,True,False,True,True,False
-0.5540677512436588,0.03690696313447821,0.08438190181832748,0.6240782325724092,0,5,9,0,0.0,0,0,5,5,0,0.0,0,1,1,0,0.0,0.0,1.8,1.0,0,False,True,False,False,False,True,False,True,False,False,False,False,False,False,False,False,True,False,False,False,True,False,False,False,True,False,False
-0.5540677512436588,0.5601558572210751,1.451750846275357,1.0194936287007816,0,6,14,0,0.0,0,0,6,6,0,0.0,0,1,1,1,0.0,0.0,2.3333333333333335,1.0,0,True,True,False,False,False,False,False,True,False,False,False,False,False,False,False,False,False,False,False,False,False,False,True,False,False,False,False
-0.5540677512436588,-0.425675392507295,-0.3783136500938986,-0.034947427641544786,0,7,7,6,13.483333333333334,0,0,7,7,6,13.483333333333334,0,0,0,0,0.8571428571428571,0.8571428571428571,1.0,1.0,2,True,True,False,True,False,False,False,False,False,False,True,False,False,False,False,True,False,False,False,False,False,False,False,False,True,False,False
-0.5540677512436588,0.18098999194093274,0.5816069725299754,-0.2985576917271264,0,7,9,6,12.565,0,0,8,12,5,12.16,0,0,1,0,0.8571428571428571,0.625,1.2857142857142858,1.5,1,True,True,False,True,False,False,False,False,False,False,False,False,False,False,False,False,False,False,False,False,False,False,True,False,True,False,False
-0.5540677512436588,0.03690696313447821,0.8302195078857985,1.2831038927863632,0,6,8,0,0.0,0,0,5,6,0,0.0,0,1,1,1,0.0,0.0,1.3333333333333333,1.2,0,True,True,False,False,False,True,False,True,False,False,False,False,False,False,False,False,False,False,False,False,False,False,False,True,False,False,False
-0.5540677512436588,-0.9565076038994943,-0.9376918546445008,-0.16675255968433558,0,5,9,3,13.0,0,0,5,9,3,11.666666666666666,0,0,1,0,0.6,0.6,1.8,1.8,0,True,True,False,False,False,False,False,True,False,False,False,False,False,False,True,False,False,False,False,True,False,False,False,False,True,False,False
-0.5540677512436588,1.3184875877813598,1.5898689214730366,-0.4303628237699172,0,5,6,5,16.5,0,0,5,7,5,17.714285714285715,0,0,1,1,1.0,1.0,1.2,1.4,0,True,True,False,False,True,False,True,False,False,True,False,False,False,False,False,False,False,False,False,False,False,False,True,True,True,False,False
-0.5540677512436588,-0.7290080847314089,-0.34378413129447866,-0.562167955812708,0,6,7,6,13.166666666666666,0,0,6,9,5,13.2,0,0,1,1,1.0,0.8333333333333334,1.1666666666666667,1.5,1,True,True,False,False,False,False,False,False,False,False,False,False,False,False,False,True,False,False,False,True,False,False,False,True,True,False,False
-0.5540677512436588,1.3184875877813598,1.5898689214730366,-0.4303628237699172,1,6,11,6,13.8,0,1,6,7,6,13.142857142857142,0,0,1,0,1.0,1.0,1.8333333333333333,1.1666666666666667,2,True,True,False,True,False,False,True,False,False,True,False,False,False,False,True,False,False,False,False,True,False,False,True,False,True,False,False
-0.5540677512436588,0.03690696313447821,-0.5302435328113464,0.22866283644403682,0,6,7,6,11.166666666666666,0,0,6,11,4,11.8,0,1,1,0,1.0,0.6666666666666666,1.1666666666666667,1.8333333333333333,1,True,True,False,False,False,False,False,True,False,True,False,False,False,False,True,False,False,False,False,False,False,False,True,False,True,False,False
-0.5540677512436588,-0.19817587333920963,0.8992785454846383,0.22866283644403682,0,6,0,0,0.0,0,0,6,0,0,0.0,0,1,1,1,0.0,0.0,0.0,0.0,0,True,True,False,False,False,True,False,True,False,False,False,False,False,False,False,False,False,False,True,False,False,False,False,False,False,False,False
1.7296549799693344,0.5601558572210751,-0.1366070184979592,-0.562167955812708,0,6,7,6,12.666666666666666,0,0,6,8,6,12.142857142857142,0,0,0,0,1.0,1.0,1.1666666666666667,1.3333333333333333,1,True,True,False,False,False,True,False,False,False,False,True,False,False,False,False,True,False,False,False,False,False,False,True,False,True,False,False
-0.5540677512436588,0.6359890302771035,0.9476198718038253,-0.4303628237699172,0,5,5,5,12.6,0,0,5,6,4,14.5,1,0,0,0,1.0,0.8,1.0,1.2,2,True,True,False,False,False,False,False,False,False,False,True,False,False,False,False,True,False,False,True,False,False,False,True,False,True,False,False
-0.5540677512436588,0.03690696313447821,-1.863082958468955,1.2831038927863632,0,7,7,5,13.06,0,0,7,9,0,0.0,0,1,1,0,0.7142857142857143,0.0,1.0,1.2857142857142858,1,False,True,False,True,False,False,False,True,False,False,False,False,False,False,True,False,False,False,True,False,False,False,False,False,True,False,False
2.4908958903736655,1.015154895557246,1.3619740973968644,-0.562167955812708,0,6,7,6,13.833333333333334,0,0,6,8,6,13.625,0,0,1,0,1.0,1.0,1.1666666666666667,1.3333333333333333,2,True,True,False,False,False,True,False,False,False,False,False,False,False,False,True,False,False,False,True,False,False,False,True,False,True,False,False
-0.5540677512436588,0.03690696313447821,-2.1393191088643144,1.0194936287007816,0,5,5,0,0.0,0,0,5,5,0,0.0,0,1,1,0,0.0,0.0,1.0,1.0,0,True,True,False,False,False,True,False,True,False,False,False,False,False,False,False,False,False,True,False,False,False,True,False,False,True,False,False
-0.5540677512436588,2.0768193183416446,2.280459297461435,0.09685770440124603,2,6,6,2,16.0,0,2,7,7,2,16.0,0,1,0,1,0.3333333333333333,0.2857142857142857,1.0,1.0,0,True,True,False,False,True,False,True,False,False,True,True,False,False,False,False,True,False,False,False,True,False,False,False,True,False,False,False
-0.5540677512436588,-0.19817587333920963,0.20868816949623997,-0.034947427641544786,0,5,5,0,0.0,0,0,5,5,0,0.0,0,0,0,1,0.0,0.0,1.0,1.0,0,True,True,False,False,True,False,True,False,False,True,False,False,True,False,False,True,False,False,True,False,False,False,False,True,False,False,False
-0.5540677512436588,2.0768193183416446,0.20868816949623997,0.3604679684868276,0,5,12,3,10.666666666666666,0,0,5,11,3,10.666666666666666,0,1,0,1,0.6,0.6,2.4,2.2,0,False,True,True,False,False,False,False,True,False,False,False,False,True,False,False,True,False,False,False,True,False,False,False,False,False,True,False
-0.5540677512436588,0.5601558572210751,0.8992785454846383,1.9421295530003173,14,18,18,18,14.5,0,13,18,18,18,14.5,0,1,1,0,1.0,1.0,1.0,1.0,2,False,True,False,False,False,True,False,True,True,False,False,False,False,False,False,False,False,False,False,False,False,False,True,False,True,False,False
3.2521368007779965,-0.5015085655633235,-0.7167029343282142,-0.4303628237699172,0,5,6,5,14.0,0,0,5,7,5,13.8,0,0,1,0,1.0,1.0,1.2,1.4,2,True,True,False,False,True,False,False,False,False,False,False,False,False,False,False,False,False,False,False,True,False,False,True,False,True,True,False
2.4908958903736655,-1.1081739500115513,-0.4473726876927384,-0.4303628237699172,0,5,10,3,13.333333333333334,0,0,5,11,5,13.571428571428571,0,0,1,0,0.6,1.0,2.0,2.2,2,True,True,False,False,True,False,False,False,False,False,False,False,False,False,False,False,False,False,False,False,False,False,True,False,True,False,False
-0.5540677512436588,0.03690696313447821,-1.6559058456724354,0.22866283644403682,0,6,0,0,0.0,0,0,6,0,0,0.0,0,1,0,0,0.0,0.0,0.0,0.0,0,True,True,False,True,False,False,False,True,False,False,True,False,False,False,False,True,False,False,True,False,False,False,False,False,True,False,False
0.2071731591606723,-0.8806744308434659,-1.0412804110427605,-0.562167955812708,0,6,9,5,12.0,0,0,6,10,4,11.2,0,0,1,0,0.8333333333333334,0.6666666666666666,1.5,1.6666666666666667,2,True,True,False,False,False,True,False,False,False,False,False,False,False,False,True,False,False,False,True,False,False,False,True,False,True,False,False
-0.5540677512436588,1.166821241669303,1.500092172594544,-0.6939730878554988,0,5,6,5,16.2,0,0,5,8,5,16.0,0,0,1,0,1.0,1.0,1.2,1.6,2,True,True,False,False,True,False,False,False,False,False,False,False,False,False,True,False,False,False,True,False,False,False,False,False,True,False,False
-0.5540677512436588,0.03690696313447821,-0.48190220649215837,0.6240782325724092,7,13,13,7,10.285714285714286,0,5,11,13,5,10.6,0,1,1,0,0.5384615384615384,0.45454545454545453,1.0,1.1818181818181819,0,True,True,True,False,False,False,False,True,False,True,False,False,False,False,False,False,False,False,False,False,False,False,False,False,True,False,False
0.2071731591606723,0.5601558572210751,-0.08826569217877112,-0.6939730878554988,0,5,5,0,0.0,0,0,5,5,0,0.0,0,0,1,0,0.0,0.0,1.0,1.0,1,True,True,False,False,True,False,False,False,False,False,False,False,False,False,False,False,False,False,False,False,False,False,True,False,True,False,False
-0.5540677512436588,-0.04650952722715268,-0.4749963027322748,-0.4303628237699172,0,6,7,6,13.571428571428571,0,0,6,8,6,13.166666666666666,0,0,1,0,1.0,1.0,1.1666666666666667,1.3333333333333333,2,True,True,False,False,False,False,False,False,False,False,False,False,False,False,False,False,False,False,False,False,False,False,True,False,True,True,False
-0.5540677512436588,0.5601558572210751,0.05675828677879213,-0.6939730878554988,0,6,7,6,14.285714285714286,0,0,6,9,6,14.857142857142858,0,0,0,0,1.0,1.0,1.1666666666666667,1.5,2,True,True,False,False,False,True,False,False,False,False,True,False,True,False,False,True,False,False,False,True,False,False,False,False,True,False,False
0.9684140695650034,-1.5631729883477221,-1.4211051178363796,-0.562167955812708,0,5,7,5,10.2,0,0,5,6,4,10.5,0,0,1,0,1.0,0.8,1.4,1.2,2,True,True,False,False,False,False,False,False,False,False,False,False,False,False,False,True,False,False,False,True,False,False,True,False,True,False,False
-0.5540677512436588,-2.473171065020064,-1.863082958468955,0.09685770440124603,0,8,16,2,10.25,1,0,8,16,2,10.25,1,1,1,1,0.25,0.25,2.0,2.0,0,True,True,False,True,False,False,False,True,False,False,False,False,False,False,False,False,False,False,False,False,False,False,False,True,True,False,False
1.7296549799693344,-0.5015085655633235,-0.21257195985668262,-0.2985576917271264,0,6,0,0,0.0,0,0,6,0,0,0.0,0,0,0,0,0.0,0.0,0.0,0.0,0,True,True,False,True,False,False,False,False,False,False,False,False,True,False,True,False,False,False,True,False,False,False,True,False,True,False,False
-0.5540677512436588,1.3184875877813598,0.8647490266852184,-0.4303628237699172,0,6,7,6,14.833333333333334,0,0,6,6,6,14.833333333333334,0,0,0,0,1.0,1.0,1.1666666666666667,1.0,2,True,True,False,False,False,False,False,False,False,False,True,False,False,False,True,False,False,False,False,False,False,False,False,False,True,True,False
-0.5540677512436588,1.3184875877813598,1.5898689214730366,-0.2985576917271264,0,6,12,5,13.625,0,0,6,6,5,12.6,0,0,1,0,0.8333333333333334,0.8333333333333334,2.0,1.0,2,True,True,False,False,False,True,True,False,False,True,False,False,False,False,False,False,False,False,False,False,False,False,True,False,True,False,False
-0.5540677512436588,0.8634885494451889,0.8854667379648711,0.09685770440124603,0,7,7,7,12.271428571428572,0,0,8,10,7,13.657142857142857,0,1,1,1,1.0,0.875,1.0,1.25,2,False,True,False,True,False,False,False,False,False,False,False,False,False,False,False,False,False,False,True,False,False,False,False,True,True,False,False
-0.5540677512436588,0.03690696313447821,1.8937286869079322,0.4922731005296184,0,5,0,0,0.0,0,0,5,0,0,0.0,0,1,1,0,0.0,0.0,0.0,0.0,0,True,True,True,False,False,False,False,True,False,False,False,False,False,False,False,False,False,False,False,False,False,False,False,False,True,False,False
3.2521368007779965,-0.9565076038994943,-0.7926678756869375,-0.562167955812708,0,5,8,4,12.5,0,0,5,9,5,10.5,0,0,1,1,0.8,1.0,1.6,1.8,1,True,True,False,False,False,False,False,False,False,False,False,False,False,False,False,False,False,False,False,False,False,False,True,True,False,False,False
-0.5540677512436588,0.03690696313447821,-0.5509612440909982,2.073934685043108,3,9,10,9,13.22222222222222,0,2,7,8,7,13.142857142857142,0,1,0,0,1.0,1.0,1.1111111111111112,1.1428571428571428,2,True,True,True,False,False,True,False,True,False,False,True,False,False,False,True,False,False,False,False,False,False,False,False,False,True,False,False
-0.5540677512436588,0.03690696313447821,-2.132413205104431,0.22866283644403682,0,7,13,2,15.0,0,0,7,12,2,11.5,0,1,1,0,0.2857142857142857,0.2857142857142857,1.8571428571428572,1.7142857142857142,0,True,True,False,False,True,False,False,True,False,False,False,False,False,False,False,False,False,False,False,False,False,False,False,False,True,False,False
-0.5540677512436588,-0.19817587333920963,0.20868816949623997,-0.6939730878554988,0,0,0,0,0.0,0,0,0,0,0,0.0,0,0,0,1,0.0,0.0,0.0,0.0,0,True,True,False,False,False,True,True,False,True,False,False,False,True,False,False,False,False,False,False,True,False,False,False,False,False,False,False
-0.5540677512436588,0.02932364582887579,0.12581732437763296,-0.562167955812708,6,12,12,12,13.166666666666666,0,6,12,12,12,13.0,0,0,0,0,1.0,1.0,1.0,1.0,2,True,True,False,False,False,True,False,True,False,False,False,False,True,False,False,False,False,False,False,True,False,False,False,False,True,False,False
-0.5540677512436588,-0.6531749116753804,-0.012300750820047694,-0.2985576917271264,0,6,8,5,13.833333333333334,0,0,6,6,4,14.0,0,0,1,0,0.8333333333333334,0.6666666666666666,1.3333333333333333,1.0,2,True,True,False,False,False,True,False,False,False,False,False,False,False,False,False,False,False,False,False,False,False,False,False,False,True,True,False
-0.5540677512436588,-0.19817587333920963,0.20868816949623997,0.4922731005296184,0,5,0,0,0.0,0,0,5,0,0,0.0,0,1,0,0,0.0,0.0,0.0,0.0,0,True,True,True,False,False,False,True,False,True,False,False,False,True,False,True,False,False,False,False,True,False,False,False,False,True,False,False
0.9684140695650034,-0.6531749116753804,-0.7097970305683295,-0.562167955812708,0,5,6,0,0.0,0,0,5,6,0,0.0,0,0,1,0,0.0,0.0,1.2,1.2,1,True,True,False,False,False,False,False,False,False,False,False,False,False,False,True,False,False,False,False,True,False,False,True,False,True,False,False
0.9684140695650034,-0.04650952722715268,-0.10207749969853928,-0.6939730878554988,0,8,8,7,13.154285714285717,0,0,8,8,7,13.154285714285717,0,0,0,0,0.875,0.875,1.0,1.0,1,True,True,False,True,False,False,False,False,False,False,True,False,False,False,False,True,False,False,False,False,False,False,True,False,True,False,False
-0.5540677512436588,-1.714839334459779,-1.1724925824805565,0.4922731005296184,7,12,12,9,12.333333333333334,0,6,11,11,6,13.166666666666666,0,1,0,0,0.75,0.5454545454545454,1.0,1.0,0,True,True,False,False,False,False,True,False,True,False,False,True,False,False,False,True,False,False,False,True,False,False,True,False,True,False,False
0.9684140695650034,-0.425675392507295,0.46420660861194657,-0.6939730878554988,0,6,6,6,13.0,0,0,6,7,5,11.8,0,0,1,1,1.0,0.8333333333333334,1.0,1.1666666666666667,0,True,True,False,False,False,True,False,False,False,False,False,False,False,False,False,False,False,False,False,True,False,False,True,True,True,False,False
-0.5540677512436588,-0.19817587333920963,-0.6476438967293743,-0.562167955812708,0,5,14,2,11.5,2,0,5,8,5,11.4,3,0,0,0,0.4,1.0,2.8,1.6,1,True,True,False,False,False,True,False,False,False,False,True,False,True,False,False,False,False,False,False,True,False,False,False,False,True,False,False
-0.5540677512436588,0.5601558572210751,0.8992785454846383,-0.562167955812708,0,6,15,3,13.25,0,0,6,9,1,12.0,0,0,1,0,0.5,0.16666666666666666,2.5,1.5,0,True,True,False,False,False,True,True,False,False,True,False,False,False,False,False,False,False,False,False,False,False,False,False,False,True,False,False
-0.5540677512436588,1.3184875877813598,1.5898689214730366,-0.16675255968433558,0,6,12,3,13.333333333333334,0,0,6,12,3,12.75,0,0,1,0,0.5,0.5,2.0,2.0,1,True,True,False,False,False,True,True,False,False,True,False,False,False,False,False,True,False,False,False,True,False,False,False,False,True,False,False
0.2071731591606723,0.02932364582887579,0.46420660861194657,-0.6939730878554988,0,6,6,6,13.5,0,0,6,6,6,12.166666666666666,0,0,1,0,1.0,1.0,1.0,1.0,2,True,False,False,False,False,True,True,False,False,False,False,False,False,False,True,False,False,False,True,False,False,False,True,False,True,False,False
1.7296549799693344,-1.7906725075158074,0.6921014326881187,-0.6939730878554988,0,6,7,6,12.666666666666666,0,0,6,8,5,12.8,0,0,1,0,1.0,0.8333333333333334,1.1666666666666667,1.3333333333333333,2,True,False,False,False,False,True,True,False,False,False,False,False,False,False,False,False,False,False,False,True,False,False,True,False,True,True,False
-0.5540677512436588,0.03690696313447821,0.08438190181832748,-0.034947427641544786,7,11,18,11,15.090909090909092,1,2,6,7,6,14.5,0,0,0,0,1.0,1.0,1.6363636363636365,1.1666666666666667,0,True,False,False,False,False,False,False,True,False,False,True,False,False,False,False,True,False,False,False,True,False,False,False,False,True,False,False
1.7296549799693344,0.02932364582887579,0.1534409394171673,-0.4303628237699172,0,0,0,0,0.0,0,0,0,0,0,0.0,0,0,0,1,0.0,0.0,0.0,0.0,0,True,True,False,False,False,True,False,False,False,False,False,False,True,False,False,False,False,False,True,False,False,False,True,True,False,False,False
0.9684140695650034,0.10515681888490426,0.17415865069682004,-0.6939730878554988,0,6,7,6,13.166666666666666,0,0,6,7,6,12.666666666666666,0,0,0,0,1.0,1.0,1.1666666666666667,1.1666666666666667,2,True,True,False,False,False,True,False,False,False,False,True,False,False,False,False,True,False,False,False,True,False,False,True,False,True,False,False
1.7296549799693344,-0.577341738619352,0.18106455445670364,-0.6939730878554988,0,6,6,6,12.833333333333334,0,0,6,8,6,12.833333333333334,0,0,1,0,1.0,1.0,1.0,1.3333333333333333,2,True,True,False,False,False,True,False,False,False,False,False,False,False,False,False,False,False,False,False,False,False,False,True,False,True,False,False
0.9684140695650034,0.18098999194093274,-0.36450184257413043,-0.6939730878554988,0,5,7,5,11.8,0,0,5,9,3,12.0,0,0,1,0,1.0,0.6,1.4,1.8,1,True,True,False,False,True,False,False,False,False,False,False,False,False,False,True,False,False,False,False,False,False,False,True,False,True,False,False
0.2071731591606723,-0.04650952722715268,1.0235848131625507,-0.4303628237699172,0,6,6,6,11.833333333333334,0,0,6,6,6,12.166666666666666,0,0,1,0,1.0,1.0,1.0,1.0,2,True,True,False,False,False,True,False,False,False,False,False,False,False,False,False,False,False,False,False,False,False,False,True,False,True,False,False
0.9684140695650034,0.18098999194093274,0.1948763619764728,-0.4303628237699172,0,6,6,5,12.8,0,0,6,11,3,12.75,0,0,0,0,0.8333333333333334,0.5,1.0,1.8333333333333333,2,True,True,False,False,False,True,False,False,False,False,True,False,False,False,False,True,False,False,True,False,False,False,True,False,True,False,False
-0.5540677512436588,-2.473171065020064,-1.448728732875916,-0.2985576917271264,2,7,7,5,11.8,0,5,9,9,5,11.0,0,0,1,0,0.7142857142857143,0.5555555555555556,1.0,1.0,0,True,True,False,False,False,True,True,False,False,True,False,False,False,False,True,False,False,False,True,False,False,False,False,False,True,False,False
-0.5540677512436588,0.8634885494451889,-0.371407746334015,-0.16675255968433558,0,0,0,0,0.0,0,0,0,0,0,0.0,0,0,1,0,0.0,0.0,0.0,0.0,1,True,True,False,False,False,True,False,True,False,False,False,False,False,False,False,False,False,False,True,False,False,False,False,False,True,False,False
-0.5540677512436588,-0.577341738619352,-0.3783136500938986,-0.4303628237699172,0,5,7,5,15.8,0,0,5,7,5,14.571428571428571,0,0,1,0,1.0,1.0,1.4,1.4,0,True,True,False,False,True,False,False,False,False,False,False,False,False,False,True,False,False,False,True,False,False,False,True,False,True,False,False
-0.5540677512436588,0.03690696313447821,-0.6890793192886778,-0.562167955812708,0,0,0,0,0.0,0,0,0,0,0,0.0,0,0,1,1,0.0,0.0,0.0,0.0,1,True,True,False,False,False,True,False,False,False,False,False,False,False,False,False,False,False,False,False,False,False,False,False,True,True,False,False
-0.5540677512436588,-0.19817587333920963,0.20868816949623997,-0.562167955812708,0,5,9,2,12.5,0,0,5,10,3,11.6,0,0,1,0,0.4,0.6,1.8,2.0,1,True,True,False,False,True,False,True,False,False,True,False,False,False,False,False,False,False,False,True,False,False,False,True,False,True,False,False
-0.5540677512436588,-1.1840071230675797,-0.6407379929694897,-0.4303628237699172,0,6,9,6,14.666666666666666,0,0,6,7,6,13.857142857142858,0,0,1,0,1.0,1.0,1.5,1.1666666666666667,2,True,True,False,False,False,False,False,False,False,False,False,False,False,False,True,False,False,False,True,False,False,False,True,False,True,False,False
-0.5540677512436588,0.5601558572210751,0.8992785454846383,-0.562167955812708,2,6,10,4,12.5,0,1,6,16,2,12.0,0,0,1,0,0.6666666666666666,0.3333333333333333,1.6666666666666667,2.6666666666666665,0,True,True,False,True,False,False,True,False,False,True,False,False,False,False,True,False,False,False,False,False,False,False,True,False,True,False,False
-0.5540677512436588,-0.04650952722715268,0.422771186052643,-0.562167955812708,0,5,7,3,12.0,0,0,6,10,2,10.5,0,0,1,0,0.6,0.3333333333333333,1.4,1.6666666666666667,0,True,True,False,False,True,False,False,False,False,False,False,False,False,False,False,True,False,False,False,True,False,False,True,False,True,False,False
-0.5540677512436588,0.03690696313447821,-1.863082958468955,0.09685770440124603,2,8,8,7,13.142857142857142,0,1,6,8,6,11.833333333333334,0,1,0,1,0.875,1.0,1.0,1.3333333333333333,1,True,True,False,False,True,False,False,True,False,False,True,False,True,False,False,True,False,False,False,True,False,False,False,True,True,False,True
-0.5540677512436588,-0.04650952722715268,-0.5440553403311146,-0.6939730878554988,0,6,6,3,12.666666666666666,0,0,6,11,4,11.142857142857142,0,0,1,1,0.5,0.6666666666666666,1.0,1.8333333333333333,0,True,True,False,False,False,False,False,False,False,False,False,False,False,False,True,False,False,False,True,False,False,False,False,True,True,False,False
-0.5540677512436588,1.166821241669303,0.1948763619764728,-0.6939730878554988,0,5,6,5,15.0,0,0,5,6,5,14.2,0,0,1,1,1.0,1.0,1.2,1.2,1,True,True,False,False,True,False,False,False,False,False,False,False,False,False,False,False,False,False,False,False,False,False,False,False,False,True,False
-0.5540677512436588,0.02932364582887579,0.29846491837473255,-0.6939730878554988,0,6,7,5,13.6,0,0,6,7,5,11.8,0,0,1,1,0.8333333333333334,0.8333333333333334,1.1666666666666667,1.1666666666666667,0,True,False,False,False,False,True,False,False,False,False,False,False,False,False,False,False,False,False,False,False,False,False,True,True,True,False,False
2.4908958903736655,0.7876553763891605,0.671383721408466,-0.6939730878554988,0,6,6,6,12.5,0,0,6,6,6,13.833333333333334,0,0,1,0,1.0,1.0,1.0,1.0,2,True,False,False,False,False,True,False,False,False,False,False,False,False,False,False,False,False,False,False,False,False,False,True,False,True,False,False
-0.5540677512436588,0.7876553763891605,-0.0537361733793512,-0.2985576917271264,0,6,7,6,13.333333333333334,0,0,6,7,6,13.5,0,0,1,0,1.0,1.0,1.1666666666666667,1.1666666666666667,2,True,False,False,False,False,True,False,False,False,False,False,False,False,False,False,False,False,False,False,False,False,False,True,False,True,True,False
-0.5540677512436588,0.03690696313447821,-1.200116197520093,-0.6939730878554988,0,6,13,4,12.25,0,0,6,15,5,11.0,0,0,1,0,0.6666666666666666,0.8333333333333334,2.1666666666666665,2.5,0,True,False,False,True,False,False,False,True,False,False,False,False,False,False,False,False,False,False,False,False,False,False,False,False,True,False,True
-0.5540677512436588,0.6359890302771035,0.33990034093403604,-0.6939730878554988,0,7,7,7,15.101428571428572,0,0,8,8,8,16.09375,0,0,1,0,1.0,1.0,1.0,1.0,2,True,False,False,True,False,False,False,False,False,False,False,False,False,False,False,True,False,False,False,True,False,False,True,False,True,True,False
0.2071731591606723,0.5601558572210751,0.9476198718038253,-0.6939730878554988,0,6,6,6,13.166666666666666,0,0,6,6,6,16.0,0,0,1,0,1.0,1.0,1.0,1.0,2,True,False,False,False,False,True,False,False,False,False,False,False,False,False,False,False,False,False,False,False,False,False,True,False,True,True,False
3.2521368007779965,0.10515681888490426,-0.4335608801729703,-0.034947427641544786,0,6,8,4,11.0,0,0,6,6,0,0.0,0,0,0,0,0.6666666666666666,0.0,1.3333333333333333,1.0,0,True,False,True,False,False,True,False,False,False,False,True,False,False,False,False,True,False,False,True,False,False,False,True,False,True,False,False
0.2071731591606723,-1.1081739500115513,-0.9100682396049655,-0.2985576917271264,0,5,9,3,11.666666666666666,0,0,5,9,4,11.75,0,0,0,0,0.6,0.8,1.8,1.8,2,True,False,False,False,False,False,False,False,False,False,True,False,False,False,False,True,False,False,True,False,False,False,True,False,True,False,False
-0.5540677512436588,0.18098999194093274,-0.4128431688933185,-0.4303628237699172,0,6,13,1,10.0,0,0,6,13,1,13.0,0,0,1,0,0.16666666666666666,0.16666666666666666,2.1666666666666665,2.1666666666666665,1,True,False,False,False,False,True,False,False,False,False,False,False,False,False,False,False,False,False,True,False,False,False,False,False,True,False,False
-0.5540677512436588,-1.0323407769555228,-1.0067508922433406,0.3604679684868276,4,7,15,7,11.571428571428571,0,2,6,14,2,11.0,0,1,1,0,1.0,0.3333333333333333,2.142857142857143,2.3333333333333335,0,True,False,True,False,False,True,False,False,False,False,False,False,False,False,False,False,True,False,False,False,True,False,True,False,True,False,False
3.2521368007779965,0.9393217225012175,0.2777472070950798,-0.6939730878554988,0,6,6,6,12.166666666666666,0,0,6,10,5,11.2,0,0,1,0,1.0,0.8333333333333334,1.0,1.6666666666666667,1,True,False,False,False,False,True,False,False,False,False,False,False,False,False,True,False,False,False,True,False,False,False,True,False,True,True,False
-0.5540677512436588,0.7876553763891605,1.085737947001505,-0.6939730878554988,0,0,0,0,0.0,0,0,0,0,0,0.0,0,0,0,0,0.0,0.0,0.0,0.0,0,True,False,False,False,False,True,False,False,False,False,True,False,False,False,False,False,False,False,False,False,False,False,True,False,True,False,False
-0.5540677512436588,-0.7290080847314089,-0.10207749969853928,-0.562167955812708,0,6,6,6,13.833333333333334,0,0,6,7,6,14.285714285714286,0,0,1,1,1.0,1.0,1.0,1.1666666666666667,2,True,False,False,False,False,False,False,False,False,False,False,False,False,False,False,False,False,False,False,False,False,False,False,False,False,True,False
0.9684140695650034,-1.866505680571836,-1.3244224651980046,-0.4303628237699172,0,7,10,6,12.357142857142858,0,0,8,9,7,13.0,0,0,1,0,0.8571428571428571,0.875,1.4285714285714286,1.125,2,True,False,False,True,False,False,False,False,False,False,False,False,False,False,False,False,False,False,False,True,False,False,True,False,True,True,False
0.9684140695650034,-1.1840071230675797,-1.1448689674410204,-0.562167955812708,0,6,7,6,12.166666666666666,0,0,6,10,2,10.333333333333334,0,0,1,1,1.0,0.3333333333333333,1.1666666666666667,1.6666666666666667,0,True,False,False,False,False,True,False,False,False,False,False,False,False,False,False,False,False,False,False,False,False,False,True,True,False,False,False
-0.5540677512436588,0.5601558572210751,0.6299482988491625,-0.2985576917271264,3,6,8,3,12.0,0,2,6,6,2,12.5,0,0,1,1,0.5,0.3333333333333333,1.3333333333333333,1.0,1,True,False,False,False,False,True,True,False,False,True,False,False,False,False,False,False,False,False,False,False,False,False,True,True,True,False,False
-0.5540677512436588,2.8351510489019294,0.7818781815666114,1.2831038927863632,5,10,14,9,12.416666666666666,0,5,9,14,7,13.0,0,1,1,0,0.9,0.7777777777777778,1.4,1.5555555555555556,2,True,False,False,False,False,False,False,True,False,False,False,False,False,False,True,False,False,False,False,False,False,False,False,False,True,False,False
0.2071731591606723,1.849319799173559,1.0581143319619706,-0.6939730878554988,0,5,7,4,12.75,0,0,5,6,4,12.75,0,0,0,0,0.8,0.8,1.4,1.2,2,True,False,False,True,False,False,False,False,False,False,True,False,False,False,True,False,False,False,False,False,False,False,False,False,True,False,False
-0.5540677512436588,0.6359890302771035,1.2445737334788374,-0.2985576917271264,12,21,33,18,14.933333333333334,12,12,21,33,18,14.933333333333334,12,0,1,0,0.8571428571428571,0.8571428571428571,1.5714285714285714,1.5714285714285714,2,True,False,False,True,False,False,False,True,False,True,False,False,False,False,False,False,False,False,True,False,False,False,False,False,True,False,False
-0.5540677512436588,-0.577341738619352,-0.08826569217877112,-0.562167955812708,0,6,6,6,13.0,0,0,6,7,6,11.666666666666666,0,0,0,0,1.0,1.0,1.0,1.1666666666666667,2,True,False,False,False,False,True,False,False,False,False,True,False,False,False,False,True,False,False,False,True,False,False,True,False,True,False,False
-0.5540677512436588,0.03690696313447821,-1.3106106576782364,1.2831038927863632,0,7,7,7,12.857142857142858,0,0,7,8,6,12.666666666666666,0,1,1,1,1.0,0.8571428571428571,1.0,1.1428571428571428,1,False,False,False,False,False,True,False,True,False,False,False,False,False,False,False,False,False,False,False,False,False,False,False,True,False,False,False
1.7296549799693344,0.7876553763891605,0.1189114206177474,-0.6939730878554988,0,7,10,7,14.455000000000002,0,0,8,8,8,13.91,0,0,1,0,1.0,1.0,1.4285714285714286,1.0,2,False,False,False,True,False,False,False,False,False,False,False,False,False,False,True,False,False,False,True,False,False,False,True,False,True,False,False
-0.5540677512436588,0.7118222033331321,0.0705700942985603,-0.6939730878554988,0,6,8,6,14.0,0,0,6,7,6,13.285714285714286,0,0,1,0,1.0,1.0,1.3333333333333333,1.1666666666666667,2,True,False,False,False,False,False,False,False,False,False,False,False,False,False,True,False,False,False,True,False,False,False,False,False,True,True,False
0.9684140695650034,1.3184875877813598,1.348162289877097,-0.4303628237699172,0,6,6,6,13.5,0,0,6,7,6,12.666666666666666,0,0,1,0,1.0,1.0,1.0,1.1666666666666667,2,True,False,False,False,False,True,False,False,False,False,False,False,False,False,True,False,False,False,True,False,False,False,True,False,True,True,False
0.2071731591606723,-1.5631729883477221,-1.4418228291160324,-0.4303628237699172,0,6,0,0,0.0,0,0,6,0,0,0.0,0,0,1,1,0.0,0.0,0.0,0.0,0,True,False,False,False,False,False,False,False,False,False,False,False,False,False,False,False,False,False,False,False,False,False,True,False,False,False,False
0.2071731591606723,0.03690696313447821,-0.620020281689838,-0.4303628237699172,0,6,6,6,11.666666666666666,0,0,6,12,5,14.0,0,0,1,0,1.0,0.8333333333333334,1.0,2.0,2,True,False,True,False,False,True,False,False,False,False,False,False,False,False,False,True,False,False,False,True,False,False,False,False,True,True,False
-0.5540677512436588,-0.577341738619352,-0.6890793192886778,-0.562167955812708,0,5,6,4,12.0,0,0,5,8,5,13.333333333333334,1,0,1,0,0.8,1.0,1.2,1.6,2,True,False,False,True,False,False,False,False,False,False,False,False,False,False,True,False,False,False,False,False,False,False,True,False,True,True,False
0.9684140695650034,-0.8806744308434659,-0.7995737794468212,-0.562167955812708,0,6,7,6,11.714285714285714,0,0,6,6,6,11.833333333333334,0,0,1,0,1.0,1.0,1.1666666666666667,1.0,2,True,False,False,False,False,True,False,False,False,False,False,False,False,False,False,False,False,False,False,False,False,False,True,False,True,True,False
0.9684140695650034,0.03690696313447821,-0.6890793192886778,-0.2985576917271264,0,6,8,6,12.666666666666666,0,0,6,7,6,12.428571428571429,0,0,0,0,1.0,1.0,1.3333333333333333,1.1666666666666667,2,True,False,False,False,False,True,False,False,False,False,False,True,False,False,False,True,False,False,False,True,False,False,True,False,True,False,False
-0.5540677512436588,0.03690696313447821,1.2376678297189538,0.3604679684868276,0,6,11,3,11.75,0,0,6,19,4,12.8,0,1,0,0,0.5,0.6666666666666666,1.8333333333333333,3.1666666666666665,1,True,False,False,True,False,False,False,True,False,False,True,False,True,False,True,False,False,False,False,True,False,False,True,False,True,False,False
-0.5540677512436588,0.18098999194093274,0.001511056699720468,-0.2985576917271264,0,6,0,0,0.0,0,0,6,0,0,0.0,0,0,1,0,0.0,0.0,0.0,0.0,0,True,False,False,False,False,True,False,False,False,False,False,False,False,False,False,False,False,False,False,False,False,False,False,False,True,False,False
1.7296549799693344,-0.04650952722715268,-0.620020281689838,-0.6939730878554988,0,8,8,7,12.328571428571427,0,0,8,8,7,12.328571428571427,0,0,1,0,0.875,0.875,1.0,1.0,2,True,False,False,True,False,False,False,False,False,False,False,False,False,False,True,False,False,False,True,False,False,False,True,False,True,False,False
-0.5540677512436588,0.03690696313447821,-0.620020281689838,0.4922731005296184,0,7,14,6,11.666666666666666,0,0,7,10,1,10.0,0,1,1,0,0.8571428571428571,0.14285714285714285,2.0,1.4285714285714286,0,False,False,False,False,False,True,False,True,False,False,False,False,False,False,False,False,False,False,False,False,False,False,False,False,True,False,False
-0.5540677512436588,0.18098999194093274,-0.03992436585958304,-0.4303628237699172,5,12,12,12,13.25,0,5,12,12,11,12.727272727272728,0,0,1,0,1.0,0.9166666666666666,1.0,1.0,2,True,False,False,False,False,True,False,True,False,False,False,False,False,False,False,True,False,False,False,False,False,False,True,False,True,True,False
-0.5540677512436588,-1.714839334459779,-1.1724925824805565,-0.2985576917271264,0,6,8,5,11.833333333333334,0,0,6,8,4,13.25,2,0,0,0,0.8333333333333334,0.6666666666666666,1.3333333333333333,1.3333333333333333,1,True,False,False,False,False,False,False,True,False,True,False,False,True,False,False,False,False,False,False,False,False,False,False,False,True,False,False
-0.5540677512436588,0.02932364582887579,-0.1780424410572627,-0.6939730878554988,0,7,7,7,13.3,0,0,8,8,8,15.125,0,0,1,0,1.0,1.0,1.0,1.0,2,True,False,False,True,False,False,False,False,False,False,False,False,False,False,False,False,False,False,False,False,False,False,True,False,True,True,False
-0.5540677512436588,0.5601558572210751,0.8992785454846383,-0.4303628237699172,1,6,13,6,12.555555555555555,0,1,6,11,5,11.8,0,0,1,0,1.0,0.8333333333333334,2.1666666666666665,1.8333333333333333,1,True,False,False,True,False,False,True,False,False,True,False,False,False,False,False,False,False,False,False,False,False,False,True,False,True,False,False
-0.5540677512436588,0.18098999194093274,0.16725274693693645,-0.6939730878554988,0,6,6,6,12.833333333333334,0,0,6,7,6,12.166666666666666,0,0,1,0,1.0,1.0,1.0,1.1666666666666667,2,True,False,False,False,False,True,False,False,False,False,False,False,False,False,True,False,False,False,False,False,False,False,True,False,True,False,False
-0.5540677512436588,0.5601558572210751,1.0166789094026651,-0.4303628237699172,3,6,6,6,12.833333333333334,0,2,6,6,6,12.833333333333334,0,0,1,0,1.0,1.0,1.0,1.0,2,True,False,False,False,False,True,True,False,False,True,False,False,False,False,False,True,False,False,True,False,False,False,False,False,True,True,False
0.2071731591606723,0.8634885494451889,0.3537121484538032,-0.562167955812708,0,5,10,3,12.666666666666666,1,0,5,7,3,13.0,0,0,1,0,0.6,0.6,2.0,1.4,2,True,False,False,True,False,False,False,False,False,False,False,False,False,False,True,False,False,False,False,False,False,False,True,False,True,True,False
2.4908958903736655,-0.8048412577874374,-0.702891126808446,-0.4303628237699172,0,7,8,6,13.271428571428572,0,0,8,8,7,14.471428571428572,0,0,0,0,0.8571428571428571,0.875,1.1428571428571428,1.0,2,True,False,False,True,False,False,False,False,False,False,False,False,True,False,False,False,False,False,False,True,False,False,True,False,True,False,False
-0.5540677512436588,0.7876553763891605,0.5539833574904391,-0.4303628237699172,0,5,5,5,12.4,0,0,5,6,5,12.833333333333334,0,0,1,0,1.0,1.0,1.0,1.2,2,True,False,True,False,False,False,False,False,False,False,False,False,False,False,True,False,False,False,False,False,False,False,False,False,True,True,False
-0.5540677512436588,1.3184875877813598,1.5898689214730366,-0.4303628237699172,0,5,10,2,14.5,1,0,5,7,4,11.25,0,0,1,0,0.4,0.8,2.0,1.4,1,True,False,False,True,False,False,True,False,False,True,False,False,False,False,True,False,False,False,True,False,False,False,False,False,True,False,False
0.9684140695650034,-0.6531749116753804,-0.7581383568875176,-0.562167955812708,0,6,7,0,0.0,0,0,5,5,0,0.0,0,0,1,1,0.0,0.0,1.1666666666666667,1.0,0,True,False,False,False,False,True,False,False,False,False,False,False,False,False,False,False,False,False,False,False,False,False,True,True,True,False,False
-0.5540677512436588,1.7734866261175306,1.9351641094672356,-0.6939730878554988,0,6,7,6,14.285714285714286,0,0,6,8,6,13.25,0,0,0,0,1.0,1.0,1.1666666666666667,1.3333333333333333,2,True,False,False,False,False,True,False,False,False,False,True,False,True,False,False,True,False,False,False,True,False,False,False,False,True,False,False
-0.5540677512436588,0.7118222033331321,0.001511056699720468,-0.6939730878554988,0,5,7,3,12.333333333333334,0,0,5,9,5,12.6,0,0,1,0,0.6,1.0,1.4,1.8,2,True,False,False,True,False,False,False,False,False,False,False,False,False,False,False,False,False,False,False,False,False,False,True,False,True,False,False
-0.5540677512436588,0.7118222033331321,0.2639353995753126,-0.562167955812708,0,7,10,6,12.583333333333334,0,0,8,8,7,12.671428571428573,0,0,1,0,0.8571428571428571,0.875,1.4285714285714286,1.0,2,True,False,False,True,False,False,False,False,False,False,False,False,False,False,False,False,False,False,False,False,False,False,True,False,True,True,False
3.2521368007779965,-0.5015085655633235,-0.35759593881424684,-0.562167955812708,0,7,8,6,13.731666666666667,0,0,8,10,7,13.771428571428572,0,0,1,0,0.8571428571428571,0.875,1.1428571428571428,1.25,0,True,False,False,True,False,False,False,False,False,False,False,False,False,False,True,False,False,False,False,False,False,False,True,False,True,False,False
-0.5540677512436588,0.03690696313447821,0.8992785454846383,2.6011552132142715,0,6,8,6,12.875,0,0,6,14,5,12.142857142857142,0,1,1,0,1.0,0.8333333333333334,1.3333333333333333,2.3333333333333335,1,True,True,False,False,False,True,False,True,False,False,False,False,False,False,False,False,False,False,True,False,False,False,False,False,True,False,False
-0.5540677512436588,2.8351510489019294,1.486280365074777,3.1283757413854345,8,10,14,8,14.625,0,5,7,7,5,13.4,0,1,0,0,0.8,0.7142857142857143,1.4,1.0,0,False,True,False,False,False,True,False,True,False,False,False,False,False,True,False,False,True,False,True,False,False,False,False,False,True,False,False
-0.5540677512436588,-0.19817587333920963,-1.1863043900003247,-0.034947427641544786,0,3,3,0,0.0,0,0,2,2,0,0.0,0,0,1,1,0.0,0.0,1.0,1.0,0,True,True,False,False,False,False,False,True,False,False,False,False,False,False,False,False,False,True,False,False,False,True,True,False,False,False,False
-0.5540677512436588,0.02932364582887579,-0.5026199177718101,-0.562167955812708,0,6,8,6,12.666666666666666,0,0,6,7,6,12.666666666666666,0,0,1,1,1.0,1.0,1.3333333333333333,1.1666666666666667,2,True,False,False,False,False,True,False,False,False,False,False,False,False,False,False,False,False,False,False,False,False,False,True,True,True,True,True
-0.5540677512436588,-0.8048412577874374,-0.34378413129447866,-0.4303628237699172,0,8,11,6,12.491666666666667,0,0,8,11,6,12.491666666666667,0,0,0,0,0.75,0.75,1.375,1.375,2,True,False,False,True,False,False,False,True,False,False,True,False,True,False,False,True,False,False,False,True,False,False,True,False,True,False,False
-0.5540677512436588,0.40848951110901816,1.417221327475937,-0.562167955812708,6,12,12,12,13.666666666666666,0,4,11,12,11,14.166666666666666,0,0,0,0,1.0,1.0,1.0,1.0909090909090908,2,True,False,False,False,False,True,False,False,False,False,False,False,True,False,True,False,False,False,True,False,False,False,True,False,True,True,False
-0.5540677512436588,2.30431883750973,1.645116151552109,-0.562167955812708,0,6,13,6,16.0,0,0,6,8,6,14.5,0,0,1,0,1.0,1.0,2.1666666666666665,1.3333333333333333,2,True,False,False,True,False,False,False,False,False,False,False,False,False,False,False,False,False,False,False,False,False,False,True,False,True,False,True
-0.5540677512436588,1.3184875877813598,1.5898689214730366,-0.562167955812708,2,6,8,6,14.142857142857142,0,1,6,7,6,13.0,0,0,1,0,1.0,1.0,1.3333333333333333,1.1666666666666667,2,True,False,False,True,False,False,True,False,False,True,False,False,False,False,True,False,False,False,False,False,False,False,True,False,True,False,False
-0.5540677512436588,0.03690696313447821,0.31227672589449973,2.073934685043108,0,6,9,6,11.833333333333334,0,0,6,9,4,13.75,0,1,1,1,1.0,0.6666666666666666,1.5,1.5,2,True,False,True,False,False,True,False,True,False,False,False,False,False,False,True,False,False,False,True,False,False,False,False,True,True,True,False
-0.5540677512436588,0.8634885494451889,0.01532286421948863,-0.4303628237699172,0,6,6,6,12.666666666666666,0,0,6,8,6,13.0,0,0,1,0,1.0,1.0,1.0,1.3333333333333333,2,True,False,False,False,False,True,False,False,False,False,False,False,False,False,False,True,False,False,True,False,False,False,True,False,True,True,False
-0.5540677512436588,-1.1081739500115513,-1.1034335448817167,-0.2985576917271264,0,6,6,6,12.5,0,0,6,6,6,12.666666666666666,0,0,1,0,1.0,1.0,1.0,1.0,2,True,False,False,False,False,True,False,False,False,False,False,False,False,False,False,False,False,False,False,True,False,False,True,False,True,False,False
2.4908958903736655,-2.3973378919640354,-0.48880811025204196,-0.16675255968433558,5,11,16,9,10.88888888888889,0,2,10,20,4,11.25,1,0,1,1,0.8181818181818182,0.4,1.4545454545454546,2.0,2,True,False,False,False,False,True,False,True,False,False,False,False,False,False,False,False,False,False,False,False,False,False,True,True,False,False,True
0.2071731591606723,0.02932364582887579,0.46420660861194657,-0.562167955812708,0,6,11,1,13.0,0,0,5,10,0,0.0,0,0,1,0,0.16666666666666666,0.0,1.8333333333333333,2.0,0,True,False,False,False,False,True,False,False,False,False,False,False,False,False,True,False,False,False,False,False,True,False,True,False,True,False,False
-0.5540677512436588,0.03690696313447821,0.8992785454846383,-0.16675255968433558,0,6,6,6,15.166666666666666,0,0,6,6,6,16.0,0,0,1,0,1.0,1.0,1.0,1.0,2,True,False,False,False,False,False,False,False,False,False,False,False,False,False,True,False,False,False,False,True,False,False,True,False,True,False,False
0.2071731591606723,-0.6531749116753804,-0.9031623358450809,-0.562167955812708,0,6,8,6,12.666666666666666,0,0,6,7,6,12.0,0,0,1,0,1.0,1.0,1.3333333333333333,1.1666666666666667,2,True,False,False,False,False,True,True,False,False,False,False,False,False,False,False,True,False,False,False,True,False,False,True,False,True,True,False
-0.5540677512436588,-0.425675392507295,-0.4335608801729703,-0.6939730878554988,0,0,0,0,0.0,0,0,0,0,0,0.0,0,0,1,1,0.0,0.0,0.0,0.0,0,True,True,False,False,False,True,False,False,False,False,False,False,False,False,False,False,False,False,False,False,False,False,True,True,True,False,False
-0.5540677512436588,0.03690696313447821,-0.4957140140119265,0.3604679684868276,0,5,9,5,12.0,0,0,5,5,5,10.2,0,1,1,0,1.0,1.0,1.8,1.0,1,False,True,False,False,False,False,False,True,False,False,False,False,False,False,False,False,False,False,False,False,False,False,False,False,True,False,False
-0.5540677512436588,-1.714839334459779,-0.35759593881424684,1.6785192889147356,0,5,5,0,0.0,0,0,5,5,0,0.0,0,1,1,1,0.0,0.0,1.0,1.0,0,True,True,True,False,False,False,False,True,False,False,False,False,False,False,False,False,False,False,False,False,False,False,False,False,False,False,False
-0.5540677512436588,-1.714839334459779,-0.6407379929694897,-0.4303628237699172,0,0,0,0,0.0,0,0,0,0,0,0.0,0,0,0,1,0.0,0.0,0.0,0.0,2,True,True,False,False,False,True,False,False,False,False,False,False,True,False,True,False,False,False,True,False,False,False,True,True,True,True,False
-0.5540677512436588,2.0768193183416446,-1.1724925824805565,0.8876884966579909,0,5,8,2,11.0,0,0,5,6,4,11.5,0,1,1,0,0.4,0.8,1.6,1.2,0,False,True,False,False,False,False,False,True,False,False,False,False,False,False,False,False,False,False,False,False,False,False,False,False,True,False,False
-0.5540677512436588,-0.9565076038994943,0.5125479349311356,0.09685770440124603,0,6,7,6,15.714285714285714,0,0,6,10,6,15.9,0,1,1,0,1.0,1.0,1.1666666666666667,1.6666666666666667,0,True,True,False,False,False,True,False,True,False,False,False,False,False,False,True,False,False,False,False,False,False,False,False,False,True,False,False
-0.5540677512436588,0.03690696313447821,-0.11588930721830744,0.3604679684868276,11,15,15,11,10.818181818181818,0,12,14,15,11,11.636363636363637,1,1,1,0,0.7333333333333333,0.7857142857142857,1.0,1.0714285714285714,0,True,True,False,False,False,False,False,False,False,False,False,False,False,False,False,False,True,False,False,False,True,False,False,False,True,False,False
-0.5540677512436588,-0.04650952722715268,-0.5440553403311146,-0.562167955812708,0,5,16,1,12.0,0,0,5,6,0,0.0,0,0,1,1,0.2,0.0,3.2,1.2,0,True,True,False,False,False,False,False,False,False,False,False,False,False,False,False,False,False,False,False,False,False,False,False,False,False,False,False
-0.5540677512436588,-0.19817587333920963,1.3136327710776772,1.414909024829154,0,6,8,5,12.6,0,0,6,11,4,11.25,0,1,1,0,0.8333333333333334,0.6666666666666666,1.3333333333333333,1.8333333333333333,2,False,True,False,False,False,True,False,True,False,False,False,False,False,False,False,False,False,False,False,False,False,False,False,False,True,False,False
-0.5540677512436588,-0.19817587333920963,0.20868816949623997,1.2831038927863632,0,5,12,1,13.0,2,0,5,7,3,14.0,0,1,1,0,0.2,0.6,2.4,1.4,1,True,True,False,False,False,True,False,True,False,False,False,False,False,False,False,True,False,False,False,True,False,False,True,False,True,False,False
3.2521368007779965,-0.2740090463952381,-0.34378413129447866,-0.562167955812708,0,5,8,5,11.6,1,0,5,10,4,10.75,0,0,1,0,1.0,0.8,1.6,2.0,2,True,True,False,False,False,False,False,False,False,False,False,False,False,False,False,False,False,False,True,False,False,False,True,False,True,False,False
2.4908958903736655,-0.19817587333920963,-0.6131143779299544,0.3604679684868276,0,5,11,1,10.0,0,0,5,14,1,11.0,0,1,1,1,0.2,0.2,2.2,2.8,0,True,True,False,False,True,False,False,False,False,False,False,False,False,False,True,False,False,False,True,False,False,False,True,True,False,False,False
-0.5540677512436588,0.5601558572210751,-1.5039759629549876,0.7558833646152,0,6,7,1,14.0,0,0,6,6,0,0.0,0,1,1,0,0.16666666666666666,0.0,1.1666666666666667,1.0,0,True,True,False,False,False,False,False,True,False,False,False,False,False,False,False,False,False,False,False,False,False,False,False,False,True,False,False
2.4908958903736655,-0.12234270028318116,-0.2540073824159871,-0.562167955812708,0,5,9,5,12.6,0,0,5,8,2,12.5,0,0,1,0,1.0,0.4,1.8,1.6,0,True,True,False,False,True,False,False,False,False,False,False,False,False,False,False,False,False,False,False,False,False,False,True,False,True,True,False
-0.5540677512436588,-0.2740090463952381,-0.15041882601772735,-0.6939730878554988,0,0,0,0,0.0,0,0,0,0,0,0.0,0,0,1,0,0.0,0.0,0.0,0.0,0,True,True,False,False,False,True,False,False,False,False,False,False,False,False,False,False,False,False,False,False,False,False,True,False,True,False,False
-0.5540677512436588,0.03690696313447821,1.5484334989137332,0.7558833646152,0,5,11,2,11.333333333333334,0,0,5,9,1,12.0,0,1,1,1,0.4,0.2,2.2,1.8,0,True,True,True,False,False,False,False,True,False,False,False,False,False,False,False,False,False,False,False,False,False,False,False,False,False,False,False
-0.5540677512436588,-1.5631729883477221,-1.2760811388788165,-0.2985576917271264,0,6,6,6,12.666666666666666,0,0,6,7,5,11.4,0,0,1,0,1.0,0.8333333333333334,1.0,1.1666666666666667,2,True,True,False,False,False,False,False,True,False,False,False,False,False,False,False,False,False,False,False,False,False,False,False,False,True,False,False
-0.5540677512436588,-1.0323407769555228,-0.1366070184979592,-0.562167955812708,0,6,7,5,10.8,0,0,6,10,2,10.5,0,0,1,0,0.8333333333333334,0.3333333333333333,1.1666666666666667,1.6666666666666667,1,True,True,False,False,False,False,False,False,False,False,False,False,False,False,True,False,False,False,False,False,False,False,False,False,True,False,False
-0.5540677512436588,0.03690696313447821,-1.7940239208701152,-0.4303628237699172,0,7,14,5,12.87857142857143,0,0,8,15,7,11.85625,0,0,1,0,0.7142857142857143,0.875,2.0,1.875,2,True,True,False,True,False,False,False,False,False,False,False,False,False,False,True,False,False,False,False,False,False,False,False,False,True,False,False
-0.5540677512436588,-0.7290080847314089,-0.9722213734439208,-0.6939730878554988,0,5,5,0,0.0,0,0,5,5,0,0.0,0,0,0,0,0.0,0.0,1.0,1.0,0,True,True,False,True,False,False,False,False,False,False,True,False,False,False,False,True,False,False,True,False,False,False,False,False,True,False,False
0.9684140695650034,-0.12234270028318116,-0.4680903989723902,-0.6939730878554988,0,6,6,6,12.833333333333334,0,0,6,8,5,11.4,0,0,1,0,1.0,0.8333333333333334,1.0,1.3333333333333333,1,True,True,False,False,False,True,False,False,False,False,False,False,False,False,True,False,False,False,True,False,False,False,True,False,True,False,False
-0.5540677512436588,-0.9565076038994943,-1.0619981223224133,-0.2985576917271264,0,5,5,5,12.6,0,0,5,9,3,12.833333333333334,0,0,1,1,1.0,0.6,1.0,1.8,1,True,True,False,False,False,False,False,False,False,False,False,False,False,False,False,False,False,True,False,False,False,True,False,True,True,True,False
-0.5540677512436588,-0.577341738619352,0.4918302236514829,-0.4303628237699172,0,5,0,0,0.0,0,0,5,0,0,0.0,0,0,1,0,0.0,0.0,0.0,0.0,0,True,True,False,False,False,False,False,False,False,False,False,False,False,False,True,False,False,False,False,True,False,False,True,False,True,False,False
-0.5540677512436588,0.03690696313447821,-1.7525884983108115,0.8876884966579909,0,5,11,0,0.0,0,0,5,5,0,0.0,0,1,1,0,0.0,0.0,2.2,1.0,0,True,True,False,False,True,False,False,True,False,False,False,False,False,False,False,False,False,False,False,False,False,False,False,False,True,True,False
0.2071731591606723,-0.8806744308434659,-1.0412804110427605,-0.562167955812708,0,6,6,6,14.166666666666666,0,0,6,6,6,14.0,0,0,1,0,1.0,1.0,1.0,1.0,2,True,True,False,False,False,False,False,False,False,False,False,False,False,False,True,False,False,False,False,True,False,False,True,False,True,False,False
-0.5540677512436588,1.166821241669303,-0.5923966666503017,0.8876884966579909,0,5,7,5,13.4,0,0,5,7,4,13.25,0,1,1,0,1.0,0.8,1.4,1.4,0,True,True,False,False,False,False,False,True,False,False,False,False,False,False,False,False,False,False,False,False,False,False,True,False,True,False,False
-0.5540677512436588,0.48432268416504665,0.008416960459604059,-0.16675255968433558,0,5,8,5,11.2,0,0,5,13,4,11.25,0,0,1,0,1.0,0.8,1.6,2.6,2,True,True,False,False,False,False,False,False,False,False,False,False,False,False,True,False,False,False,True,False,False,False,True,False,True,True,False
0.9684140695650034,-0.577341738619352,-0.4473726876927384,-0.16675255968433558,0,0,0,0,0.0,0,0,0,0,0,0.0,0,0,1,0,0.0,0.0,0.0,0.0,2,True,True,False,False,False,True,False,False,False,False,False,False,False,False,True,False,False,False,False,False,False,False,True,False,True,False,False
1.7296549799693344,-0.3498422194512666,0.6299482988491625,-0.562167955812708,0,6,6,6,12.666666666666666,0,0,6,8,5,11.8,0,0,1,1,1.0,0.8333333333333334,1.0,1.3333333333333333,0,True,True,False,False,False,True,False,False,False,False,False,False,False,False,False,False,False,False,False,False,False,False,True,True,False,False,False
0.2071731591606723,-0.04650952722715268,-0.20566605609679903,-0.2985576917271264,0,5,7,3,12.333333333333334,0,0,5,5,4,11.25,0,0,1,0,0.6,0.8,1.4,1.0,0,True,True,False,False,False,False,False,False,False,False,False,False,False,False,True,False,False,False,False,True,False,False,True,False,True,False,False
1.7296549799693344,0.33265633805298966,1.0097730056427816,-0.2985576917271264,0,5,7,4,12.25,0,0,5,7,5,12.0,0,0,1,0,0.8,1.0,1.4,1.4,2,True,True,False,True,False,False,False,False,False,False,False,False,False,False,True,False,False,False,True,False,False,False,False,False,True,False,False
-0.5540677512436588,2.0768193183416446,2.280459297461435,-0.2985576917271264,0,0,0,0,0.0,0,0,0,0,0,0.0,0,0,1,1,0.0,0.0,0.0,0.0,0,True,True,False,False,False,True,True,False,False,True,False,False,False,False,False,False,False,False,False,False,False,False,True,True,True,True,False
-0.5540677512436588,-0.9565076038994943,-1.1724925824805565,0.4922731005296184,0,5,13,3,10.75,0,0,5,9,3,10.333333333333334,0,1,1,0,0.6,0.6,2.6,1.8,0,True,True,False,False,False,False,False,True,False,False,False,False,False,False,True,False,False,False,False,False,False,False,False,False,True,False,False
-0.5540677512436588,0.10515681888490426,-1.863082958468955,1.1512987607435725,0,7,7,0,0.0,0,0,7,8,0,0.0,0,1,1,0,0.0,0.0,1.0,1.1428571428571428,0,True,True,False,False,True,False,False,True,False,False,False,False,False,False,False,True,False,False,False,True,False,False,True,False,True,False,False
-0.5540677512436588,0.03690696313447821,-0.48190220649215837,2.205739817085899,0,6,13,0,0.0,0,0,6,6,0,0.0,0,1,1,1,0.0,0.0,2.1666666666666665,1.0,0,True,True,False,False,False,False,False,True,False,True,False,False,False,False,False,False,False,False,False,True,False,False,False,True,False,False,False
0.2071731591606723,-1.2598402961236081,-0.15041882601772735,-0.4303628237699172,0,5,9,2,14.333333333333334,0,0,5,10,2,12.5,0,0,1,0,0.4,0.4,1.8,2.0,1,True,True,False,False,False,False,False,False,False,False,False,False,False,False,True,False,False,False,False,True,False,False,True,False,True,False,False
-0.5540677512436588,0.5601558572210751,0.8992785454846383,-0.4303628237699172,1,5,8,2,11.5,0,1,5,13,2,11.5,0,0,0,0,0.4,0.4,1.6,2.6,0,True,True,False,False,False,True,True,False,False,True,True,False,True,False,False,True,False,False,False,False,False,False,True,False,True,False,False
0.9684140695650034,0.5601558572210751,-0.18494834481714728,-0.6939730878554988,0,0,0,0,0.0,0,0,0,0,0,0.0,0,0,1,0,0.0,0.0,0.0,0.0,2,True,True,False,False,False,True,False,False,False,False,False,False,False,False,False,False,False,False,False,False,False,False,True,False,True,False,False
-0.5540677512436588,-0.8048412577874374,-0.5578671478508818,-0.2985576917271264,0,5,11,2,10.5,0,0,5,13,0,0.0,0,0,1,0,0.4,0.0,2.2,2.6,0,True,True,False,False,False,False,False,True,False,False,False,False,False,False,False,True,False,False,False,False,False,False,False,False,True,False,False
-0.5540677512436588,0.6359890302771035,0.22249997701600713,-0.6939730878554988,0,6,6,6,13.5,0,0,6,0,0,0.0,0,0,1,0,1.0,0.0,1.0,0.0,0,True,True,False,False,False,False,False,False,False,False,False,False,False,False,True,False,False,False,False,False,False,False,False,False,True,False,False
-0.5540677512436588,-0.9565076038994943,-0.48190220649215837,-0.562167955812708,0,6,17,1,11.0,0,0,6,19,0,0.0,0,0,0,0,0.16666666666666666,0.0,2.8333333333333335,3.1666666666666665,1,True,True,False,False,False,True,True,False,False,False,False,False,True,False,True,False,False,False,False,True,False,False,False,False,True,False,False
-0.5540677512436588,0.5601558572210751,0.8992785454846383,0.8876884966579909,0,6,6,1,10.0,0,0,6,6,0,0.0,0,1,1,1,0.16666666666666666,0.0,1.0,1.0,0,False,True,False,False,False,True,True,False,True,False,False,False,False,False,False,False,False,False,False,False,False,False,False,False,False,False,False
-0.5540677512436588,0.03690696313447821,0.20868816949623997,0.7558833646152,0,6,17,0,0.0,2,0,6,8,0,0.0,0,1,1,0,0.0,0.0,2.8333333333333335,1.3333333333333333,0,True,True,False,False,False,True,False,True,False,True,False,False,False,False,False,False,False,False,False,True,False,False,False,False,True,False,False
0.2071731591606723,0.33265633805298966,0.23631178453577628,-0.6939730878554988,0,5,10,1,12.0,0,0,5,7,3,10.666666666666666,2,0,1,1,0.2,0.6,2.0,1.4,0,True,True,False,False,True,False,False,False,False,False,False,False,False,False,True,False,False,False,True,False,False,False,True,True,True,False,False
0.2071731591606723,-0.8048412577874374,-0.7512324531276341,-0.6939730878554988,0,5,6,4,12.25,0,0,5,5,5,12.2,0,0,1,0,0.8,1.0,1.2,1.0,0,True,True,False,False,False,False,False,False,False,False,False,False,False,False,False,False,False,False,False,False,False,False,True,False,True,True,False
-0.5540677512436588,-0.19817587333920963,0.20868816949623997,-0.16675255968433558,4,10,21,5,11.4,1,2,7,13,6,11.666666666666666,0,0,1,0,0.5,0.8571428571428571,2.1,1.8571428571428572,0,True,True,False,False,False,True,True,False,False,True,False,False,False,False,False,True,False,False,False,False,False,False,False,False,True,False,False
0.2071731591606723,0.5601558572210751,-0.18494834481714728,0.4922731005296184,0,5,5,0,0.0,0,0,5,5,0,0.0,0,1,1,1,0.0,0.0,1.0,1.0,0,True,True,True,False,False,False,False,True,False,False,False,False,False,False,True,False,False,False,True,False,False,False,True,False,False,False,False
3.2521368007779965,-0.577341738619352,-0.1366070184979592,-0.4303628237699172,0,6,8,4,14.25,0,0,6,10,5,14.0,0,0,1,0,0.6666666666666666,0.8333333333333334,1.3333333333333333,1.6666666666666667,2,True,True,False,False,False,False,False,False,False,False,False,False,False,False,False,False,False,False,False,False,False,False,True,False,True,False,False
-0.5540677512436588,-1.714839334459779,-1.1724925824805565,2.4693500811714806,8,12,12,11,14.454545454545457,0,7,11,11,10,14.2,0,1,1,0,0.9166666666666666,0.9090909090909091,1.0,1.0,2,True,True,True,False,False,True,False,True,True,False,False,False,False,False,False,False,False,False,False,False,False,False,False,False,True,False,False
-0.5540677512436588,0.03690696313447821,-0.8271973944863575,-0.2985576917271264,8,12,13,12,14.538461538461538,0,4,12,14,12,14.461538461538462,0,0,1,1,1.0,1.0,1.0833333333333333,1.1666666666666667,2,True,True,False,False,False,True,False,False,False,False,False,False,False,False,True,False,False,False,False,False,False,False,False,True,True,False,False
-0.5540677512436588,-0.04650952722715268,0.18106455445670364,-0.034947427641544786,0,7,10,6,12.733333333333334,0,0,8,10,7,11.95,0,0,1,0,0.8571428571428571,0.875,1.4285714285714286,1.25,2,True,True,False,True,False,False,False,True,False,False,False,False,False,False,False,False,False,False,False,False,False,False,False,False,True,False,False
-0.5540677512436588,-0.8048412577874374,0.12581732437763296,-0.2985576917271264,4,12,13,5,13.2,0,4,12,12,4,13.5,0,0,1,0,0.4166666666666667,0.3333333333333333,1.0833333333333333,1.0,0,True,True,False,False,False,True,False,True,False,False,False,False,False,False,False,False,False,False,False,False,False,False,True,False,True,False,False
0.9684140695650034,1.6976534530615022,1.1893265033997649,-0.562167955812708,0,0,0,0,0.0,0,0,0,0,0,0.0,0,0,0,0,0.0,0.0,0.0,0.0,2,True,True,False,False,False,True,False,False,False,False,True,False,True,False,False,True,False,False,False,True,False,False,True,False,True,False,False
-0.5540677512436588,-0.9565076038994943,0.4849243198915993,2.205739817085899,0,6,7,6,12.333333333333334,0,0,6,10,4,12.75,0,1,1,0,1.0,0.6666666666666666,1.1666666666666667,1.6666666666666667,0,False,True,False,False,False,True,False,True,False,False,False,False,False,False,False,False,False,False,False,False,False,False,False,False,True,True,False
-0.5540677512436588,-0.2740090463952381,-1.034374507282877,-0.16675255968433558,5,9,9,5,11.2,0,5,9,14,7,11.25,2,0,1,0,0.5555555555555556,0.7777777777777778,1.0,1.5555555555555556,0,True,True,False,False,False,False,False,True,False,False,False,False,False,False,False,False,False,False,True,False,False,False,False,False,True,False,False
0.2071731591606723,0.8634885494451889,0.12581732437763296,-0.562167955812708,0,7,7,6,13.2,0,0,7,7,6,13.2,0,0,1,0,0.8571428571428571,0.8571428571428571,1.0,1.0,2,True,True,False,True,False,False,False,False,False,False,False,False,False,False,False,False,False,False,False,False,False,False,True,False,True,False,False
-0.5540677512436588,-0.19817587333920963,0.4849243198915993,0.09685770440124603,0,5,8,5,11.833333333333334,0,0,5,8,4,14.0,0,1,1,0,1.0,0.8,1.6,1.6,1,True,True,False,False,True,False,False,True,False,False,False,False,False,False,False,False,False,False,False,False,False,False,False,False,True,True,False
-0.5540677512436588,0.03690696313447821,-0.1366070184979592,-0.2985576917271264,0,6,10,5,11.333333333333334,0,0,6,14,2,11.5,0,0,0,0,0.8333333333333334,0.3333333333333333,1.6666666666666667,2.3333333333333335,1,True,True,False,False,False,False,False,False,False,False,True,False,False,False,False,True,False,False,True,False,False,False,False,False,True,False,False
1.7296549799693344,0.02932364582887579,-0.2609132861758707,-0.6939730878554988,0,5,5,5,13.6,0,0,5,6,5,14.6,0,0,0,0,1.0,1.0,1.0,1.2,2,True,True,False,False,True,False,False,False,False,False,True,False,False,False,False,False,False,False,False,True,False,False,True,False,True,False,False
0.9684140695650034,-0.12234270028318116,-0.5923966666503017,-0.6939730878554988,0,5,10,0,0.0,0,0,5,10,2,11.5,4,0,1,0,0.0,0.4,2.0,2.0,0,True,True,False,False,True,False,False,False,False,False,False,False,False,False,False,False,False,False,False,False,False,False,False,False,True,False,False
-0.5540677512436588,0.03690696313447821,-0.7443265493677496,0.09685770440124603,0,6,11,5,12.857142857142858,0,0,6,12,5,13.666666666666666,0,1,0,0,0.8333333333333334,0.8333333333333334,1.8333333333333333,2.0,0,True,True,False,False,False,False,False,True,False,False,True,False,False,False,False,True,False,False,False,False,False,False,False,False,True,False,False
-0.5540677512436588,0.03690696313447821,-0.27472509369563886,0.6240782325724092,0,5,16,3,14.333333333333334,0,0,5,9,5,12.428571428571429,0,1,1,0,0.6,1.0,3.2,1.8,1,True,True,False,False,True,False,False,True,False,False,False,False,False,False,False,False,False,False,False,True,False,False,False,False,True,True,False
-0.5540677512436588,-1.1081739500115513,-0.9307859508846172,-0.562167955812708,0,6,9,5,13.5,0,0,6,6,6,14.0,0,0,1,0,0.8333333333333334,1.0,1.5,1.0,2,True,False,False,False,False,False,False,False,False,False,False,False,False,False,False,False,False,False,False,False,False,False,True,False,True,True,False
-0.5540677512436588,-0.9565076038994943,-0.1366070184979592,0.6240782325724092,0,6,8,6,14.428571428571429,0,0,6,12,4,15.6,0,1,0,0,1.0,0.6666666666666666,1.3333333333333333,2.0,1,True,False,False,True,False,False,False,True,True,False,True,False,True,False,True,False,False,False,False,True,False,False,False,False,True,False,False
0.9684140695650034,0.03690696313447821,0.540171549970672,-0.6939730878554988,0,6,12,0,0.0,0,0,6,12,0,0.0,0,0,1,0,0.0,0.0,2.0,2.0,0,True,False,False,False,False,True,False,False,False,False,False,False,False,False,True,False,False,False,False,False,True,False,True,False,True,False,False
-0.5540677512436588,0.9393217225012175,1.582963017713153,-0.562167955812708,0,0,0,0,0.0,0,0,0,0,0,0.0,0,0,0,1,0.0,0.0,0.0,0.0,2,True,False,False,False,False,True,False,False,False,False,True,False,False,False,True,False,False,False,False,True,False,False,True,False,False,False,False
-0.5540677512436588,-0.577341738619352,-0.4957140140119265,-0.562167955812708,0,8,8,8,12.82875,0,0,8,8,8,12.82875,0,0,1,0,1.0,1.0,1.0,1.0,2,True,False,False,True,False,False,False,False,False,False,False,False,False,False,True,False,False,False,True,False,False,False,True,False,True,True,False
-0.5540677512436588,-0.577341738619352,-0.1366070184979592,-0.2985576917271264,0,5,6,0,0.0,5,0,5,6,4,13.75,1,0,0,0,0.0,0.8,1.2,1.2,2,True,False,False,False,False,True,False,True,False,False,False,True,True,False,False,True,False,False,False,True,False,False,True,False,True,False,False
0.9684140695650034,1.166821241669303,0.5608892612503227,-0.6939730878554988,0,7,0,0,0.0,0,0,8,0,0,0.0,0,0,1,1,0.0,0.0,0.0,0.0,0,True,False,False,True,False,False,False,False,False,False,False,False,False,False,True,False,False,False,True,False,False,False,True,True,True,False,False
1.7296549799693344,0.48432268416504665,0.7818781815666114,-0.562167955812708,0,6,6,6,14.666666666666666,0,0,6,6,6,13.166666666666666,0,0,0,0,1.0,1.0,1.0,1.0,2,True,False,False,False,False,True,False,False,False,False,True,False,False,False,False,True,False,False,True,False,False,False,True,False,True,False,False
0.2071731591606723,-0.19817587333920963,-0.30925461249505876,-0.562167955812708,0,8,8,7,13.937142857142858,0,0,8,8,7,13.937142857142858,0,0,1,0,0.875,0.875,1.0,1.0,2,True,False,False,True,False,False,False,False,False,False,False,False,False,False,False,False,False,False,False,False,False,False,True,False,True,False,False
-0.5540677512436588,1.166821241669303,1.451750846275357,-0.4303628237699172,7,12,12,10,14.7,0,8,12,12,12,14.583333333333334,0,0,0,0,0.8333333333333334,1.0,1.0,1.0,2,True,False,False,False,False,True,False,False,False,False,True,False,False,False,False,True,False,False,False,False,False,False,True,False,True,False,False
0.2071731591606723,-0.19817587333920963,-0.0537361733793512,-0.6939730878554988,0,6,6,6,11.666666666666666,0,0,6,6,5,12.2,0,0,1,0,1.0,0.8333333333333334,1.0,1.0,2,True,False,False,False,False,True,False,False,False,False,False,False,False,False,False,False,False,False,True,False,False,False,True,False,True,False,False
1.7296549799693344,0.10515681888490426,0.1948763619764728,-0.4303628237699172,0,7,7,6,14.85,0,0,7,7,6,14.85,0,0,1,0,0.8571428571428571,0.8571428571428571,1.0,1.0,2,True,False,False,True,False,False,False,True,False,True,False,False,False,False,False,False,False,False,False,False,False,False,True,False,True,False,False
-0.5540677512436588,0.03690696313447821,-1.5868468080735956,0.3604679684868276,0,5,11,1,12.0,1,0,5,12,0,0.0,4,1,1,0,0.2,0.0,2.2,2.4,0,True,False,False,True,False,False,False,True,False,False,False,False,False,False,False,False,False,False,False,False,False,True,False,False,True,False,False
1.7296549799693344,0.33265633805298966,-0.019206654579931284,-0.6939730878554988,0,7,8,7,13.6875,0,0,8,9,8,15.622222222222222,0,0,0,0,1.0,1.0,1.1428571428571428,1.125,0,True,False,False,True,False,False,False,False,False,False,True,False,False,False,False,True,False,False,True,False,False,False,True,False,True,False,False
-0.5540677512436588,-0.19817587333920963,-0.48190220649215837,4.578232193856134,0,6,14,5,12.4,0,0,6,10,5,11.6,0,1,1,0,0.8333333333333334,0.8333333333333334,2.3333333333333335,1.6666666666666667,2,True,False,True,False,False,True,False,True,False,False,False,False,False,False,False,False,False,False,False,False,False,False,False,False,True,False,False
0.2071731591606723,0.33265633805298966,-0.1642306335374955,-0.6939730878554988,0,7,10,7,13.398,0,0,8,8,8,13.5425,0,0,0,0,1.0,1.0,1.4285714285714286,1.0,2,True,False,False,True,False,False,False,False,False,False,False,False,True,False,True,False,False,False,False,True,False,False,False,False,True,False,False
-0.5540677512436588,-0.19817587333920963,0.20868816949623997,-0.4303628237699172,0,6,13,5,11.8,0,0,6,19,4,12.0,0,0,1,0,0.8333333333333334,0.6666666666666666,2.1666666666666665,3.1666666666666665,1,True,False,False,True,False,False,True,False,False,False,False,False,False,False,True,False,False,False,False,True,False,False,True,False,True,False,False
-0.5540677512436588,0.5601558572210751,0.022228767979372222,-0.4303628237699172,0,5,0,0,0.0,0,0,5,0,0,0.0,0,0,1,0,0.0,0.0,0.0,0.0,0,True,False,True,False,False,False,False,False,False,False,False,False,False,False,False,False,False,False,False,False,False,False,False,False,True,False,False
-0.5540677512436588,1.3184875877813598,-0.34378413129447866,0.7558833646152,13,15,19,13,11.76923076923077,0,12,14,17,14,11.928571428571429,0,1,1,0,0.8666666666666667,1.0,1.2666666666666666,1.2142857142857142,2,True,False,False,False,False,False,True,False,False,False,False,False,False,False,False,False,False,False,False,False,False,False,True,False,True,False,False
-0.5540677512436588,-0.19817587333920963,-0.1297011147380756,0.4922731005296184,0,6,8,0,0.0,0,0,5,6,0,0.0,0,1,1,1,0.0,0.0,1.3333333333333333,1.2,0,True,False,False,False,False,True,True,False,True,False,False,False,False,False,True,False,False,False,False,False,False,False,False,True,False,False,False
-0.5540677512436588,0.03690696313447821,-1.1724925824805565,-0.2985576917271264,0,6,8,6,13.285714285714286,0,0,6,11,6,13.0,0,0,1,0,1.0,1.0,1.3333333333333333,1.8333333333333333,2,True,False,False,True,False,False,False,False,False,False,False,False,False,False,True,False,False,False,False,False,False,False,True,False,True,True,False
-0.5540677512436588,0.10515681888490426,0.1948763619764728,-0.4303628237699172,0,6,6,6,11.666666666666666,0,0,6,8,6,11.166666666666666,0,0,1,0,1.0,1.0,1.0,1.3333333333333333,2,True,False,False,False,False,True,False,False,False,False,False,False,False,False,True,False,False,False,False,False,False,False,False,False,True,True,False
-0.5540677512436588,-0.577341738619352,-0.8341032982462411,-0.562167955812708,0,6,13,6,11.5,0,0,6,9,5,12.2,0,0,1,0,1.0,0.8333333333333334,2.1666666666666665,1.5,2,True,False,False,False,False,True,False,False,False,False,False,False,False,False,False,True,False,False,False,False,False,False,False,False,True,True,False
-0.5540677512436588,0.6359890302771035,-0.09517159593865569,-0.16675255968433558,0,7,9,6,13.081666666666669,0,0,8,12,6,13.15,0,0,1,0,0.8571428571428571,0.75,1.2857142857142858,1.5,2,True,False,False,True,False,False,False,False,False,False,False,False,False,False,False,False,False,False,False,False,False,False,True,False,True,True,False
0.9684140695650034,0.40848951110901816,-0.1297011147380756,-0.562167955812708,0,6,6,6,12.666666666666666,0,0,6,6,6,13.0,0,0,1,0,1.0,1.0,1.0,1.0,2,True,False,False,False,False,True,False,False,False,False,False,False,False,False,False,False,False,False,False,False,False,False,True,False,True,True,False
-0.5540677512436588,-1.2598402961236081,-0.7788560681671695,-0.562167955812708,0,6,6,3,11.333333333333334,0,0,6,6,0,0.0,0,0,1,1,0.5,0.0,1.0,1.0,0,True,False,False,False,False,True,False,False,False,False,False,False,False,False,False,False,False,False,False,False,False,False,True,True,False,False,False
0.9684140695650034,-0.8048412577874374,-0.9929390847235735,-0.034947427641544786,0,6,8,5,13.6,0,0,6,8,5,11.6,0,0,0,0,0.8333333333333334,0.8333333333333334,1.3333333333333333,1.3333333333333333,1,True,False,False,False,False,True,False,False,False,False,True,False,True,False,False,True,False,False,False,True,False,False,True,False,True,False,False
0.9684140695650034,-0.12234270028318116,0.01532286421948863,-0.6939730878554988,0,6,6,6,13.166666666666666,0,0,6,7,5,13.2,0,0,1,0,1.0,0.8333333333333334,1.0,1.1666666666666667,0,True,False,False,False,False,True,False,False,False,False,False,False,False,False,True,False,False,False,True,False,False,False,True,False,True,True,False
-0.5540677512436588,0.5601558572210751,0.8992785454846383,-0.562167955812708,0,6,0,0,0.0,0,0,6,0,0,0.0,0,0,1,0,0.0,0.0,0.0,0.0,0,True,False,False,False,False,True,True,False,False,True,False,False,False,False,True,False,False,False,False,False,False,False,False,False,True,False,False
-0.5540677512436588,0.5601558572210751,0.8992785454846383,-0.4303628237699172,0,6,10,5,11.666666666666666,0,0,6,7,5,12.6,0,0,1,0,0.8333333333333334,0.8333333333333334,1.6666666666666667,1.1666666666666667,2,True,False,False,False,False,True,True,False,False,True,False,False,False,False,True,False,False,False,False,True,False,False,True,False,True,False,False
1.7296549799693344,-0.425675392507295,-0.454278591452622,-0.562167955812708,0,6,6,6,13.5,0,0,6,7,6,13.428571428571429,0,0,1,0,1.0,1.0,1.0,1.1666666666666667,2,True,False,False,False,False,True,False,False,False,False,False,False,False,False,False,False,False,False,False,False,False,False,True,False,True,True,False
-0.5540677512436588,0.03690696313447821,-1.863082958468955,0.3604679684868276,0,6,7,0,0.0,0,0,6,6,0,0.0,0,1,1,1,0.0,0.0,1.1666666666666667,1.0,0,True,False,False,True,False,False,False,True,False,False,False,False,False,False,False,False,False,False,False,False,False,False,True,True,False,True,False
-0.5540677512436588,-1.1840071230675797,-0.9307859508846172,-0.6939730878554988,0,6,6,6,13.166666666666666,0,0,6,7,6,14.142857142857142,0,0,1,0,1.0,1.0,1.0,1.1666666666666667,2,True,False,False,False,False,True,False,False,False,False,False,False,False,False,True,False,False,False,False,False,False,False,True,False,True,True,False
-0.5540677512436588,1.3184875877813598,0.3537121484538032,0.7558833646152,4,5,11,4,12.5,2,1,5,11,2,12.5,0,1,1,1,0.8,0.4,2.2,2.2,0,True,False,False,True,False,False,False,False,False,False,False,False,False,False,True,False,False,False,False,False,False,False,True,True,True,False,False
-0.5540677512436588,2.0768193183416446,2.280459297461435,-0.4303628237699172,0,6,10,6,13.375,0,0,6,10,6,13.0,0,0,0,1,1.0,1.0,1.6666666666666667,1.6666666666666667,2,True,False,False,False,False,True,True,False,False,True,True,False,False,False,False,True,False,False,False,False,False,False,True,False,False,False,False
-0.5540677512436588,-0.3498422194512666,-0.04683026961946761,-0.562167955812708,0,6,6,6,13.166666666666666,0,0,6,6,6,12.666666666666666,0,0,0,0,1.0,1.0,1.0,1.0,2,True,False,False,False,False,True,False,False,False,False,False,False,True,False,False,False,False,False,False,True,False,False,True,False,True,False,False
-0.5540677512436588,2.0768193183416446,2.280459297461435,-0.034947427641544786,1,6,12,4,13.4,0,1,6,17,2,13.5,0,0,1,0,0.6666666666666666,0.3333333333333333,2.0,2.8333333333333335,1,True,False,False,True,False,False,True,False,False,True,False,False,False,False,True,False,False,False,True,False,False,False,True,False,True,False,False
-0.5540677512436588,-0.5015085655633235,-1.863082958468955,0.22866283644403682,2,7,10,3,13.0,0,1,8,10,3,11.666666666666666,4,1,0,0,0.42857142857142855,0.375,1.4285714285714286,1.25,1,True,False,False,True,False,False,False,True,False,False,True,False,True,False,False,True,False,False,False,True,False,False,False,False,True,False,False
-0.5540677512436588,0.18098999194093274,-0.08135978841888752,-0.6939730878554988,0,8,8,7,13.154285714285717,0,0,8,8,7,13.154285714285717,0,0,0,0,0.875,0.875,1.0,1.0,2,True,False,False,True,False,False,False,False,False,False,True,False,True,False,False,True,False,False,False,True,False,False,True,False,True,False,False
0.9684140695650034,0.48432268416504665,1.051208428202085,-0.562167955812708,0,6,6,6,12.833333333333334,0,0,6,6,6,12.833333333333334,0,0,1,0,1.0,1.0,1.0,1.0,2,True,False,False,False,False,True,False,False,False,False,False,False,False,False,True,False,False,False,False,False,False,False,True,False,True,True,False
0.2071731591606723,-0.577341738619352,-0.5233376290514619,-0.6939730878554988,0,7,10,7,12.142857142857142,0,0,7,7,7,13.142857142857142,0,0,1,0,1.0,1.0,1.4285714285714286,1.0,2,True,False,False,False,False,True,False,False,False,False,False,False,False,False,True,False,False,False,True,False,False,False,True,False,True,False,False
0.2071731591606723,-2.0181720266838927,-1.4211051178363796,-0.562167955812708,0,7,9,5,13.34,0,0,7,9,6,12.385714285714286,0,0,1,0,0.7142857142857143,0.8571428571428571,1.2857142857142858,1.2857142857142858,1,True,False,False,True,False,False,False,False,False,False,False,False,False,False,True,False,False,False,True,False,False,False,True,False,True,True,False
-0.5540677512436588,-0.9565076038994943,-0.48190220649215837,1.6785192889147356,6,10,15,4,13.0,0,5,9,10,4,13.75,0,1,1,0,0.4,0.4444444444444444,1.5,1.1111111111111112,0,True,False,True,False,False,True,True,False,True,False,False,False,False,False,False,False,False,False,False,True,False,False,False,False,True,False,False
-0.5540677512436588,1.3184875877813598,1.5898689214730366,-0.4303628237699172,0,6,18,3,12.0,0,0,6,17,3,11.666666666666666,0,0,1,0,0.5,0.5,3.0,2.8333333333333335,1,True,True,False,False,False,True,True,False,False,True,False,False,False,False,True,False,False,False,False,False,False,False,False,False,True,True,False
0.2071731591606723,-0.19817587333920963,1.4931862688346604,-0.4303628237699172,0,0,0,0,0.0,0,0,0,0,0,0.0,0,0,1,0,0.0,0.0,0.0,0.0,0,True,True,False,False,False,True,False,False,False,False,False,False,False,False,False,True,False,False,False,True,False,False,True,False,True,False,True
-0.5540677512436588,-1.2598402961236081,-1.2622693313590483,-0.6939730878554988,0,6,9,5,11.0,0,0,6,12,0,0.0,0,0,1,0,0.8333333333333334,0.0,1.5,2.0,0,True,True,False,False,False,True,False,False,False,False,False,False,False,False,False,False,False,False,False,False,False,False,True,False,True,False,False
-0.5540677512436588,-0.19817587333920963,0.20868816949623997,-0.562167955812708,0,6,8,5,11.5,0,0,6,11,6,11.333333333333334,0,0,0,0,0.8333333333333334,1.0,1.3333333333333333,1.8333333333333333,1,True,True,False,False,False,True,True,False,False,True,True,False,False,False,True,False,False,False,False,False,False,False,False,False,True,False,False
-0.5540677512436588,0.5601558572210751,-0.1642306335374955,-0.4303628237699172,3,9,9,3,13.333333333333334,0,2,6,6,2,12.5,0,0,0,1,0.3333333333333333,0.3333333333333333,1.0,1.0,0,True,True,False,False,False,True,False,False,False,False,False,False,True,False,True,False,False,False,False,True,False,False,True,True,False,False,False
0.2071731591606723,0.10515681888490426,0.2777472070950798,-0.6939730878554988,0,7,9,7,14.594444444444443,0,0,8,10,8,13.472,0,0,1,0,1.0,1.0,1.2857142857142858,1.25,2,True,True,False,True,False,False,False,False,False,False,False,False,False,False,True,False,False,False,False,False,False,False,True,False,True,False,False
-0.5540677512436588,-0.19817587333920963,0.20868816949623997,-0.4303628237699172,2,6,9,4,11.0,0,1,6,13,3,10.666666666666666,0,0,0,1,0.6666666666666666,0.5,1.5,2.1666666666666665,0,True,True,False,False,False,True,True,False,False,True,True,False,False,False,False,True,False,False,False,False,False,False,True,True,True,False,False
-0.5540677512436588,-0.8048412577874374,-0.7512324531276341,0.09685770440124603,0,5,8,0,0.0,0,0,5,5,0,0.0,0,1,1,1,0.0,0.0,1.6,1.0,0,True,True,False,False,True,False,False,False,False,False,False,False,False,False,False,False,False,True,False,True,False,False,True,True,False,False,False
-0.5540677512436588,-0.3498422194512666,-0.09517159593865569,-0.562167955812708,0,6,6,0,0.0,0,0,6,0,0,0.0,0,0,1,0,0.0,0.0,1.0,0.0,0,True,True,False,False,False,True,False,False,False,False,False,False,False,False,True,False,False,False,False,False,False,False,True,False,True,False,False
-0.5540677512436588,-0.19817587333920963,-0.39212545761366674,-0.6939730878554988,0,5,9,1,12.0,0,0,5,10,2,12.0,3,0,1,0,0.2,0.4,1.8,2.0,0,True,True,False,False,True,False,False,False,False,False,False,False,False,False,False,False,False,False,False,False,False,False,True,False,True,False,False
0.9684140695650034,-1.4873398152916937,-1.3520460802375398,-0.6939730878554988,0,5,8,5,14.0,0,0,5,6,5,13.2,0,0,0,0,1.0,1.0,1.6,1.2,2,True,True,False,False,True,False,False,False,False,False,True,False,False,False,False,True,False,False,False,False,False,False,True,False,True,False,False
-0.5540677512436588,-0.5015085655633235,-0.6959852230485615,-0.6939730878554988,0,6,8,6,13.571428571428571,0,0,6,7,5,11.8,0,0,1,0,1.0,0.8333333333333334,1.3333333333333333,1.1666666666666667,2,True,True,False,False,False,False,False,False,False,False,False,False,False,False,True,False,False,False,True,False,False,False,False,False,True,False,False
0.2071731591606723,0.18098999194093274,-0.24019557489621893,-0.16675255968433558,0,6,12,0,0.0,0,0,6,6,0,0.0,0,0,0,0,0.0,0.0,2.0,1.0,0,True,True,False,False,False,False,False,True,False,False,True,False,False,False,False,True,False,False,False,False,False,False,True,False,True,False,False
-0.5540677512436588,0.6359890302771035,0.24321768829565987,-0.562167955812708,0,6,8,6,14.25,0,0,6,7,6,13.857142857142858,0,0,1,0,1.0,1.0,1.3333333333333333,1.1666666666666667,2,True,True,False,False,False,False,False,False,False,False,False,False,False,False,False,False,False,False,False,False,False,False,False,False,True,False,False
-0.5540677512436588,0.03690696313447821,0.8992785454846383,1.1512987607435725,0,6,7,0,0.0,0,0,6,6,0,0.0,0,1,0,1,0.0,0.0,1.1666666666666667,1.0,0,False,False,False,True,False,False,False,True,False,True,False,False,False,True,True,False,False,False,False,True,False,False,True,True,False,False,False
-0.5540677512436588,0.03690696313447821,-0.6821734155287943,-0.2985576917271264,0,6,12,0,0.0,0,0,6,12,0,0.0,0,0,1,0,0.0,0.0,2.0,2.0,0,True,False,False,False,False,True,False,False,False,False,False,False,False,False,False,False,True,False,False,True,False,False,True,False,True,True,False
-0.5540677512436588,0.8634885494451889,0.03604057549914038,-0.562167955812708,0,8,8,7,13.542857142857144,0,0,8,8,7,13.542857142857144,0,0,1,0,0.875,0.875,1.0,1.0,2,True,False,False,True,False,False,False,False,False,False,False,False,False,False,False,False,False,False,False,False,False,False,True,False,True,True,False
-0.5540677512436588,0.5601558572210751,-0.06754798089911936,2.073934685043108,3,9,9,9,13.11111111111111,0,2,7,10,7,11.714285714285714,0,1,1,0,1.0,1.0,1.0,1.4285714285714286,2,False,False,True,False,False,True,False,True,False,False,False,False,False,False,False,False,False,False,False,False,False,False,False,False,True,True,False
-0.5540677512436588,-2.473171065020064,-0.9653154696840371,0.8876884966579909,3,9,11,9,12.666666666666666,0,2,7,7,7,12.142857142857142,0,1,1,0,1.0,1.0,1.2222222222222223,1.0,2,True,False,True,False,False,True,False,True,False,False,False,False,False,False,False,False,True,False,False,False,True,False,True,False,True,False,False
-0.5540677512436588,0.18098999194093274,0.21559407325612354,-0.6939730878554988,0,5,10,4,10.75,1,0,5,13,2,10.0,0,0,1,0,0.8,0.4,2.0,2.6,0,True,False,False,False,False,False,False,False,False,False,False,False,False,False,True,False,False,False,True,False,False,False,True,False,True,False,False
-0.5540677512436588,-0.19817587333920963,-1.1724925824805565,1.9421295530003173,4,10,14,4,10.75,0,2,10,10,2,10.0,0,1,1,0,0.4,0.2,1.4,1.0,0,False,False,True,False,False,False,False,True,False,False,False,False,False,False,False,False,False,False,False,False,False,False,True,False,True,False,False
0.9684140695650034,1.0909880686132745,0.6092305875695118,-0.4303628237699172,0,6,6,6,13.666666666666666,0,0,6,6,6,13.333333333333334,0,0,1,0,1.0,1.0,1.0,1.0,2,True,False,False,False,False,True,False,False,False,False,False,False,False,False,True,False,False,False,False,False,False,False,True,False,True,False,False
-0.5540677512436588,1.2426544147253313,-0.04683026961946761,4.182816797727761,0,6,6,6,13.833333333333334,0,1,6,6,6,12.833333333333334,0,1,1,0,1.0,1.0,1.0,1.0,2,True,False,True,False,False,True,False,True,False,False,False,False,False,False,False,False,True,False,False,False,True,False,False,False,True,False,False
-0.5540677512436588,-0.19817587333920963,0.20868816949623997,3.9192065336421793,15,18,18,17,13.176470588235292,0,13,18,18,16,13.0,0,1,1,0,0.9444444444444444,0.8888888888888888,1.0,1.0,0,False,False,False,False,False,True,True,False,True,False,False,False,False,False,False,False,True,False,False,False,True,False,False,False,True,False,False
-0.5540677512436588,-0.9565076038994943,-1.5868468080735956,4.05101166568497,0,6,8,4,12.75,0,0,6,12,5,12.6,0,1,1,0,0.6666666666666666,0.8333333333333334,1.3333333333333333,2.0,0,False,False,True,False,False,True,False,True,False,False,False,False,False,False,False,False,True,False,False,False,True,False,False,False,True,False,False
-0.5540677512436588,-0.577341738619352,-0.23328967113633534,-0.6939730878554988,0,7,8,5,12.86,0,0,7,8,5,12.86,0,0,1,0,0.7142857142857143,0.7142857142857143,1.1428571428571428,1.1428571428571428,1,True,False,False,True,False,False,False,True,False,False,False,False,False,False,False,False,False,False,False,False,False,False,True,False,True,True,False
-0.5540677512436588,0.03690696313447821,-0.4128431688933185,2.732960345257062,2,8,12,4,12.0,2,2,7,9,4,12.0,2,1,1,1,0.5,0.5714285714285714,1.5,1.2857142857142858,0,True,False,True,False,False,True,False,True,False,False,False,False,False,False,False,False,False,False,False,False,False,False,False,True,False,False,False
-0.5540677512436588,1.2426544147253313,0.24321768829565987,0.6240782325724092,8,11,11,9,11.666666666666666,0,8,11,13,9,12.555555555555555,0,1,1,0,0.8181818181818182,0.8181818181818182,1.0,1.1818181818181819,2,True,False,False,False,False,True,False,True,False,False,False,False,False,False,False,False,False,False,False,False,False,False,True,False,True,False,False
-0.5540677512436588,3.593482779462214,3.6616400494382315,1.8103244209575264,12,14,14,14,16.5,0,8,11,11,11,16.90909090909091,0,1,1,0,1.0,1.0,1.0,1.0,2,True,False,True,False,False,True,True,False,True,False,False,False,False,False,False,False,False,False,True,False,False,False,False,False,True,False,False
-0.5540677512436588,-1.714839334459779,-0.999844988483457,-0.4303628237699172,8,10,14,9,12.333333333333334,0,3,7,10,7,11.77777777777778,0,0,1,0,0.9,1.0,1.4,1.4285714285714286,2,True,False,False,False,False,True,False,True,False,False,False,False,False,False,False,False,False,True,False,False,False,True,True,False,True,False,False
0.9684140695650034,-0.12234270028318116,-0.06064207713923577,-0.6939730878554988,0,7,8,7,12.59125,0,0,8,11,7,12.820000000000002,0,0,0,0,1.0,0.875,1.1428571428571428,1.375,1,True,False,False,True,False,False,False,False,False,False,False,False,True,False,False,True,False,False,False,True,False,False,True,False,True,False,False
-0.5540677512436588,-1.1840071230675797,-1.0481863148026451,-0.562167955812708,0,6,9,4,11.5,0,0,6,12,3,11.0,0,0,1,0,0.6666666666666666,0.5,1.5,2.0,0,True,True,False,False,False,True,False,False,False,False,False,False,False,False,False,False,False,False,False,False,False,False,True,False,True,False,False
-0.5540677512436588,-0.9565076038994943,0.30537082213461614,-0.034947427641544786,17,18,19,18,11.894736842105264,0,12,13,13,13,12.923076923076923,0,0,1,0,1.0,1.0,1.0555555555555556,1.0,2,True,True,False,False,False,True,False,False,False,False,False,False,False,False,True,False,False,False,False,False,False,False,True,False,True,True,False
-0.5540677512436588,2.0768193183416446,1.1962324071596504,-0.16675255968433558,0,6,0,0,0.0,0,0,6,0,0,0.0,0,0,1,0,0.0,0.0,0.0,0.0,0,True,True,False,False,False,True,False,False,False,False,False,False,False,False,False,False,False,False,False,False,False,False,False,False,True,False,False
-0.5540677512436588,-2.473171065020064,-0.8271973944863575,0.09685770440124603,0,6,0,0,0.0,0,0,6,0,0,0.0,0,1,0,1,0.0,0.0,0.0,0.0,0,True,True,False,False,False,False,False,True,False,False,True,False,False,False,False,True,False,False,True,False,False,False,False,False,False,False,False
-0.5540677512436588,0.5601558572210751,-0.48190220649215837,-0.16675255968433558,0,6,13,5,13.0,0,0,6,13,2,11.5,0,0,0,0,0.8333333333333334,0.3333333333333333,2.1666666666666665,2.1666666666666665,1,True,True,False,False,False,True,True,False,False,True,True,False,True,False,True,False,False,False,False,True,False,False,True,False,True,False,False
-0.5540677512436588,2.0768193183416446,2.874367020811457,0.3604679684868276,0,6,9,0,0.0,0,0,6,6,0,0.0,0,1,1,0,0.0,0.0,1.5,1.0,0,True,True,False,False,False,True,False,True,False,False,False,False,False,False,True,False,False,False,False,False,False,False,False,False,True,False,False
3.2521368007779965,0.6359890302771035,0.04985238301890855,-0.6939730878554988,0,6,6,6,15.166666666666666,0,0,6,6,6,14.833333333333334,0,0,1,0,1.0,1.0,1.0,1.0,2,True,True,False,False,False,True,False,False,False,False,False,False,False,False,True,False,False,False,True,False,False,False,True,False,True,False,False
-0.5540677512436588,-0.19817587333920963,1.5898689214730366,0.09685770440124603,2,6,8,4,11.75,0,1,6,8,2,13.5,0,1,1,0,0.6666666666666666,0.3333333333333333,1.3333333333333333,1.3333333333333333,0,True,True,False,False,False,True,True,False,False,True,False,False,False,False,False,False,False,False,False,False,False,False,False,False,True,False,False
-0.5540677512436588,0.7118222033331321,0.1948763619764728,-0.6939730878554988,0,5,5,0,0.0,0,0,5,6,1,15.0,0,0,1,0,0.0,0.2,1.0,1.2,1,True,True,False,False,True,False,False,False,False,False,False,False,False,False,True,False,False,False,False,True,False,False,True,False,True,False,False
-0.5540677512436588,-0.19817587333920963,0.5954187800497426,0.3604679684868276,0,0,0,0,0.0,0,0,0,0,0,0.0,0,1,1,0,0.0,0.0,0.0,0.0,0,True,True,False,False,False,True,False,False,False,False,False,False,False,False,False,False,False,False,False,False,False,False,True,False,True,False,False
-0.5540677512436588,0.03690696313447821,-1.863082958468955,0.4922731005296184,0,6,11,3,11.333333333333334,0,0,6,10,3,14.75,0,1,1,0,0.5,0.5,1.8333333333333333,1.6666666666666667,0,True,True,False,False,False,False,False,True,False,False,False,False,False,False,False,False,False,False,True,False,False,False,False,False,True,False,False
-0.5540677512436588,0.5601558572210751,0.8992785454846383,-0.4303628237699172,0,6,10,5,12.6,0,0,6,6,5,13.2,0,0,1,0,0.8333333333333334,0.8333333333333334,1.6666666666666667,1.0,2,True,True,False,False,False,True,True,False,False,True,False,False,False,False,False,False,False,False,False,False,False,False,True,False,True,True,False
-0.5540677512436588,-0.2740090463952381,-0.19876015233691544,-0.562167955812708,0,5,10,0,0.0,0,0,5,10,1,14.0,3,0,1,0,0.0,0.2,2.0,2.0,0,True,True,False,False,True,False,False,False,False,False,False,False,False,False,True,False,False,False,False,False,False,False,True,False,True,False,False
-0.5540677512436588,1.166821241669303,0.3191826296543833,-0.6939730878554988,0,6,8,6,15.5,0,0,6,9,4,15.5,0,0,1,0,1.0,0.6666666666666666,1.3333333333333333,1.5,0,True,True,False,True,False,False,False,False,False,False,False,False,False,False,True,False,False,False,False,False,False,False,False,False,True,True,False
0.9684140695650034,0.7876553763891605,0.13962913189740012,-0.6939730878554988,0,8,8,7,12.365714285714288,0,0,8,8,7,12.365714285714288,0,0,1,0,0.875,0.875,1.0,1.0,2,True,True,False,True,False,False,False,False,False,False,False,False,False,False,True,False,False,False,True,False,False,False,True,False,True,False,False
-0.5540677512436588,-0.3498422194512666,0.6023246838096262,-0.562167955812708,0,6,7,5,13.2,0,0,6,10,5,13.25,0,0,1,0,0.8333333333333334,0.8333333333333334,1.1666666666666667,1.6666666666666667,1,True,True,False,False,False,False,False,False,False,False,False,False,False,False,False,False,False,False,False,False,False,False,True,False,True,False,False
-0.5540677512436588,-2.473171065020064,-1.3106106576782364,1.414909024829154,7,12,12,7,11.428571428571429,0,4,12,12,7,11.857142857142858,0,1,1,0,0.5833333333333334,0.5833333333333334,1.0,1.0,1,True,True,False,False,False,True,False,True,False,False,False,False,False,False,False,False,False,False,False,False,False,False,True,False,True,False,False
-0.5540677512436588,-1.2598402961236081,-1.117245352401485,-0.562167955812708,0,6,0,0,0.0,0,0,6,0,0,0.0,0,0,1,0,0.0,0.0,0.0,0.0,0,True,True,False,False,False,True,False,False,False,False,False,False,False,False,False,False,False,False,False,False,False,False,True,False,True,False,False
-0.5540677512436588,-0.3498422194512666,-0.1711365372973791,-0.562167955812708,0,6,10,4,14.0,0,0,6,9,6,12.333333333333334,0,0,1,0,0.6666666666666666,1.0,1.6666666666666667,1.5,2,True,True,False,False,False,True,False,False,False,False,False,False,False,False,True,False,False,False,True,False,False,False,False,False,True,True,False
-0.5540677512436588,-0.9565076038994943,-1.863082958468955,0.8876884966579909,3,12,12,3,12.0,0,5,12,16,5,11.8,0,1,0,0,0.25,0.4166666666666667,1.0,1.3333333333333333,0,False,True,False,False,False,True,False,True,False,False,True,False,True,False,False,True,False,False,True,False,False,False,False,False,True,False,False
-0.5540677512436588,-0.8806744308434659,-0.21947786361656718,-0.16675255968433558,0,4,4,0,0.0,4,0,5,8,3,12.0,0,0,0,1,0.0,0.6,1.0,1.6,0,True,True,False,False,False,True,False,True,False,False,False,False,True,False,False,False,False,False,False,True,False,False,False,False,False,False,False
-0.5540677512436588,0.33265633805298966,0.30537082213461614,-0.562167955812708,0,5,13,4,10.0,0,0,5,7,3,11.333333333333334,0,0,0,1,0.8,0.6,2.6,1.4,0,True,True,False,False,False,False,False,False,False,False,True,False,False,False,False,True,False,False,False,False,False,False,False,False,False,False,False
-0.5540677512436588,-1.3356734691796368,-0.5854907628904181,-0.2985576917271264,0,5,9,1,10.0,0,0,5,10,1,10.0,0,0,1,0,0.2,0.2,1.8,2.0,0,True,True,False,False,False,False,False,False,False,False,False,False,False,False,False,False,False,False,False,False,False,False,False,False,True,False,False
0.2071731591606723,-0.2740090463952381,-0.34378413129447866,-0.16675255968433558,0,0,0,0,0.0,0,0,0,0,0,0.0,0,0,1,1,0.0,0.0,0.0,0.0,0,True,True,False,False,False,True,False,False,False,False,False,False,False,False,False,False,False,False,False,False,False,False,True,False,False,False,False
-0.5540677512436588,-0.577341738619352,-0.28163099745552245,-0.562167955812708,0,6,7,6,11.166666666666666,0,0,6,12,3,11.666666666666666,0,0,1,0,1.0,0.5,1.1666666666666667,2.0,1,True,True,False,False,False,False,False,False,False,False,False,False,False,False,False,False,False,False,False,False,False,False,False,False,True,True,False
-0.5540677512436588,-0.577341738619352,-0.5716789553706499,-0.4303628237699172,0,6,12,4,11.75,0,0,6,13,3,11.333333333333334,0,0,1,0,0.6666666666666666,0.5,2.0,2.1666666666666665,1,True,True,False,False,False,True,False,False,False,False,False,False,False,False,False,False,False,False,False,False,False,False,False,False,True,False,False
-0.5540677512436588,0.03690696313447821,-1.863082958468955,1.546714156871945,0,6,13,3,11.75,0,0,6,10,0,0.0,0,1,0,0,0.5,0.0,2.1666666666666665,1.6666666666666667,0,True,True,False,False,False,True,False,True,False,False,True,False,False,False,False,True,False,False,False,False,False,False,True,False,True,False,False
0.2071731591606723,-0.12234270028318116,0.6161364913293953,-0.4303628237699172,0,5,8,1,10.0,0,0,5,7,1,11.0,0,0,1,0,0.2,0.2,1.6,1.4,0,True,True,False,False,False,False,True,False,False,False,False,False,False,False,False,False,False,False,False,False,False,False,True,False,True,False,False
-0.5540677512436588,0.03690696313447821,0.7887840853264949,-0.2985576917271264,0,5,8,3,14.0,0,0,5,5,5,12.8,0,0,0,0,0.6,1.0,1.6,1.0,2,True,True,False,False,False,True,False,False,False,False,True,False,False,False,True,False,False,False,True,False,False,False,False,False,True,False,False
-0.5540677512436588,0.03690696313447821,0.08438190181832748,0.4922731005296184,0,5,5,0,0.0,0,0,5,5,0,0.0,0,1,1,1,0.0,0.0,1.0,1.0,0,True,True,False,True,False,False,False,True,False,True,False,False,False,False,False,False,False,True,False,False,False,True,False,True,False,False,False
-0.5540677512436588,-1.4115066422356652,-1.3520460802375398,0.3604679684868276,0,6,12,3,12.0,0,0,6,15,0,0.0,0,1,1,1,0.5,0.0,2.0,2.5,0,True,True,False,False,False,True,False,True,False,False,False,False,False,False,False,False,False,False,True,False,False,False,True,False,False,False,False
-0.5540677512436588,-0.425675392507295,0.1948763619764728,-0.4303628237699172,0,6,10,0,0.0,0,0,5,10,0,0.0,0,0,0,1,0.0,0.0,1.6666666666666667,2.0,0,True,True,False,False,False,True,False,False,False,False,False,False,False,True,False,True,False,False,False,True,False,False,False,False,False,False,False
-0.5540677512436588,-0.19817587333920963,-1.863082958468955,0.6240782325724092,4,10,19,8,11.88888888888889,0,2,8,17,5,11.6,1,1,1,1,0.8,0.625,1.9,2.125,0,True,True,False,False,False,True,False,True,False,False,False,False,False,False,False,False,False,False,False,False,False,False,False,True,False,False,False
0.9684140695650034,-0.8806744308434659,-0.9653154696840371,-0.562167955812708,0,6,6,6,13.833333333333334,0,0,6,6,6,13.666666666666666,0,0,1,0,1.0,1.0,1.0,1.0,2,True,True,False,False,False,True,False,False,False,False,False,False,False,False,False,False,False,False,False,False,False,False,True,False,True,False,False
-0.5540677512436588,-0.9565076038994943,-1.3796696952770762,3.1283757413854345,0,5,5,0,0.0,0,0,5,5,0,0.0,0,1,1,1,0.0,0.0,1.0,1.0,0,True,True,True,False,False,False,False,True,False,False,False,False,False,False,False,False,False,False,False,False,False,False,False,False,False,False,False
-0.5540677512436588,-0.9565076038994943,0.20868816949623997,4.182816797727761,0,6,8,5,11.4,0,0,6,9,5,12.4,0,1,1,1,0.8333333333333334,0.8333333333333334,1.3333333333333333,1.5,0,False,True,False,False,False,True,False,True,False,True,False,False,False,False,True,False,False,False,False,False,False,False,False,False,False,False,False
-0.5540677512436588,-0.9565076038994943,-0.48190220649215837,2.073934685043108,0,6,8,0,0.0,0,1,6,8,2,11.0,0,1,1,0,0.0,0.3333333333333333,1.3333333333333333,1.3333333333333333,0,True,True,False,False,False,True,False,True,False,False,False,False,False,False,True,False,False,False,False,False,False,False,True,False,True,False,False
-0.5540677512436588,-0.9565076038994943,-0.4473726876927384,1.546714156871945,14,17,17,14,10.642857142857142,1,12,12,12,12,10.666666666666666,0,1,1,1,0.8235294117647058,1.0,1.0,1.0,0,False,True,False,False,False,True,False,False,False,False,False,False,False,False,False,False,False,False,False,False,False,False,True,True,True,False,False
-0.5540677512436588,0.03690696313447821,-0.4473726876927384,1.1512987607435725,0,6,10,2,11.0,0,0,6,12,0,0.0,0,1,1,1,0.3333333333333333,0.0,1.6666666666666667,2.0,0,True,True,False,False,False,True,False,True,False,False,False,False,False,False,False,False,True,False,True,False,False,False,False,False,False,False,False
1.7296549799693344,-0.6531749116753804,0.6921014326881187,-0.4303628237699172,0,6,6,6,16.833333333333332,0,0,6,6,6,16.666666666666668,0,0,0,0,1.0,1.0,1.0,1.0,2,True,True,False,False,False,True,False,False,False,False,True,False,False,False,False,True,False,False,False,False,False,False,True,False,True,False,False
-0.5540677512436588,1.3184875877813598,-0.8271973944863575,1.6785192889147356,0,6,8,6,13.571428571428571,0,0,6,9,5,13.2,0,1,1,0,1.0,0.8333333333333334,1.3333333333333333,1.5,2,True,True,False,False,False,False,False,True,False,False,False,False,False,False,False,False,False,False,False,False,False,False,False,False,True,False,False
-0.5540677512436588,0.03690696313447821,1.085737947001505,1.414909024829154,0,5,11,5,14.714285714285714,0,0,5,14,5,14.375,5,1,1,1,1.0,1.0,2.2,2.8,2,True,True,True,False,False,False,False,True,False,False,False,False,False,False,False,False,False,False,False,False,False,False,False,True,True,True,False
-0.5540677512436588,-1.2598402961236081,-0.7097970305683295,-0.2985576917271264,0,5,8,0,0.0,0,0,5,5,0,0.0,0,0,1,0,0.0,0.0,1.6,1.0,0,True,True,False,False,False,False,False,False,False,False,False,False,False,False,False,False,True,False,False,True,False,False,True,False,True,False,False
-0.5540677512436588,0.03690696313447821,0.6299482988491625,2.4693500811714806,0,5,14,1,10.0,0,0,5,14,1,11.0,0,1,1,0,0.2,0.2,2.8,2.8,0,True,True,True,False,False,False,False,True,False,False,False,False,False,False,False,True,False,False,False,False,False,False,False,False,True,True,False
-0.5540677512436588,0.03690696313447821,0.5056420311712521,0.22866283644403682,0,6,15,1,11.0,0,0,6,13,4,11.75,0,1,1,0,0.16666666666666666,0.6666666666666666,2.5,2.1666666666666665,0,True,True,False,False,False,True,False,True,False,False,False,False,False,False,False,False,False,False,False,False,False,False,False,False,True,False,False
-0.5540677512436588,2.6076515297338436,1.797046034269556,-0.6939730878554988,0,6,6,1,11.0,0,0,6,0,0,0.0,0,0,1,0,0.16666666666666666,0.0,1.0,0.0,0,True,True,False,False,False,True,False,False,False,False,False,False,False,False,False,False,False,False,False,False,False,False,True,False,True,True,False
-0.5540677512436588,0.5601558572210751,0.34680624469391963,-0.6939730878554988,0,6,6,5,12.0,0,0,6,6,6,12.833333333333334,0,0,1,0,0.8333333333333334,1.0,1.0,1.0,2,True,True,False,False,False,True,False,False,False,False,False,False,False,False,False,False,False,False,False,False,False,False,False,False,True,True,False
0.2071731591606723,-0.6531749116753804,0.18106455445670364,-0.562167955812708,0,6,10,6,11.125,0,0,6,7,6,11.857142857142858,0,0,1,0,1.0,1.0,1.6666666666666667,1.1666666666666667,2,True,True,False,False,False,True,False,False,False,False,False,False,False,False,False,False,False,False,False,False,False,False,True,False,True,False,False
-0.5540677512436588,-1.714839334459779,-1.5177877704747558,1.414909024829154,2,6,13,3,11.333333333333334,0,0,6,8,2,11.5,0,1,0,1,0.5,0.3333333333333333,2.1666666666666665,1.3333333333333333,0,True,True,False,True,False,False,False,True,False,False,True,False,False,False,True,False,False,False,False,False,False,False,False,True,False,False,False
0.2071731591606723,1.3184875877813598,0.2639353995753126,-0.4303628237699172,0,6,15,2,12.0,0,0,6,12,0,0.0,0,0,1,0,0.3333333333333333,0.0,2.5,2.0,0,True,True,False,False,False,True,False,False,False,False,False,False,False,False,True,False,False,False,True,False,False,False,False,False,True,False,False
-0.5540677512436588,-0.7290080847314089,-0.5026199177718101,-0.4303628237699172,0,7,8,0,0.0,1,0,7,7,0,0.0,0,0,1,0,0.0,0.0,1.1428571428571428,1.0,0,True,True,False,True,False,False,False,False,False,False,False,False,False,False,False,False,False,False,False,False,False,False,False,False,True,False,False
-0.5540677512436588,1.4701539338934166,0.38133576349333953,-0.2985576917271264,0,8,8,7,14.54,0,0,8,8,7,14.54,0,0,1,0,0.875,0.875,1.0,1.0,2,True,True,False,True,False,False,False,False,False,False,False,False,False,False,True,False,False,False,False,False,False,False,False,False,True,False,False
-0.5540677512436588,-0.19817587333920963,0.20868816949623997,-0.562167955812708,0,6,9,6,12.166666666666666,0,0,6,14,4,13.0,0,0,1,0,1.0,0.6666666666666666,1.5,2.3333333333333335,2,True,True,False,False,False,True,True,False,False,True,False,False,False,False,False,True,False,False,False,False,False,False,True,False,True,False,False
-0.5540677512436588,0.03690696313447821,-0.48190220649215837,1.0194936287007816,0,5,13,4,13.5,1,0,5,12,3,11.666666666666666,1,1,1,1,0.8,0.6,2.6,2.4,0,True,True,False,True,False,False,False,True,False,False,False,False,False,False,True,False,False,False,True,False,False,False,False,True,False,False,False
-0.5540677512436588,0.03690696313447821,1.5898689214730366,-0.2985576917271264,0,6,8,6,14.75,0,0,6,9,5,14.333333333333334,0,0,1,0,1.0,0.8333333333333334,1.3333333333333333,1.5,2,True,True,False,False,False,False,False,False,False,False,False,False,False,False,True,False,False,False,True,False,False,False,False,False,True,False,False
-0.5540677512436588,-0.6531749116753804,-0.785761971927054,-0.4303628237699172,0,5,8,5,12.375,0,0,5,7,5,11.666666666666666,0,0,1,0,1.0,1.0,1.6,1.4,2,True,True,False,False,False,False,False,False,False,False,False,False,False,False,False,False,False,False,False,False,False,False,False,False,True,True,False
0.2071731591606723,-1.0247574596499205,-0.5440553403311146,-0.16675255968433558,0,7,7,6,12.733333333333334,0,0,7,7,6,12.733333333333334,0,0,1,0,0.8571428571428571,0.8571428571428571,1.0,1.0,2,True,True,False,True,False,False,False,True,False,True,False,False,False,False,True,False,False,False,False,False,False,False,False,False,True,False,False
0.2071731591606723,-0.3498422194512666,-0.24019557489621893,-0.562167955812708,0,6,9,4,12.5,0,0,6,6,0,0.0,0,0,1,1,0.6666666666666666,0.0,1.5,1.0,0,True,True,False,False,False,True,False,False,False,False,False,False,False,False,False,True,False,False,False,True,False,False,True,False,False,False,False
-0.5540677512436588,0.03690696313447821,-0.48190220649215837,2.3375449491286897,0,5,5,0,0.0,1,0,5,5,0,0.0,5,1,1,1,0.0,0.0,1.0,1.0,0,True,True,False,False,False,True,False,True,False,False,False,False,False,False,False,False,False,True,False,True,False,False,True,True,False,False,False
-0.5540677512436588,0.03690696313447821,-1.1724925824805565,0.4922731005296184,0,7,7,0,0.0,6,0,7,7,0,0.0,6,1,1,0,0.0,0.0,1.0,1.0,0,True,True,False,True,False,False,False,True,False,False,False,False,False,False,False,False,True,False,False,False,True,False,True,False,True,False,False
-0.5540677512436588,0.9393217225012175,0.30537082213461614,-0.562167955812708,0,7,7,7,13.44285714285714,0,0,8,8,7,13.771428571428572,0,0,1,0,1.0,0.875,1.0,1.0,0,True,False,False,True,False,False,False,False,False,False,False,False,False,False,True,False,False,False,False,False,False,False,False,False,True,False,False
0.2071731591606723,0.6359890302771035,-0.012300750820047694,-0.4303628237699172,0,8,8,8,14.2,0,0,8,8,8,14.2,0,0,1,0,1.0,1.0,1.0,1.0,2,True,False,False,True,False,False,False,False,False,False,False,False,False,False,True,False,False,False,False,True,False,False,True,False,True,True,True
1.7296549799693344,-1.0399240942611252,-0.5578671478508818,-0.562167955812708,0,7,7,6,13.55,0,0,7,7,6,13.55,0,0,1,0,0.8571428571428571,0.8571428571428571,1.0,1.0,2,True,False,False,True,False,False,False,True,False,True,False,False,False,False,True,False,False,False,False,False,False,False,True,False,True,True,False
-0.5540677512436588,2.0768193183416446,2.280459297461435,1.546714156871945,0,5,5,5,11.6,0,0,5,6,5,11.166666666666666,0,1,1,0,1.0,1.0,1.0,1.2,2,False,False,True,False,False,False,False,True,False,False,False,False,False,False,False,False,False,False,False,False,False,False,False,False,True,False,False
2.4908958903736655,-1.6390061614037505,-0.7650442606474013,-0.16675255968433558,0,6,7,6,13.571428571428571,0,0,6,7,6,15.285714285714286,0,0,1,0,1.0,1.0,1.1666666666666667,1.1666666666666667,2,True,False,False,False,False,True,False,False,False,False,False,False,False,False,False,False,False,False,False,True,False,False,True,False,True,False,False
0.2071731591606723,-1.6390061614037505,-1.2208339087997446,-0.4303628237699172,0,6,6,6,13.833333333333334,0,0,6,6,6,15.0,0,0,1,0,1.0,1.0,1.0,1.0,2,True,False,False,False,False,False,False,False,False,False,False,False,False,False,True,False,False,False,False,False,False,False,True,False,True,True,False
-0.5540677512436588,-0.7290080847314089,-0.9031623358450809,-0.6939730878554988,0,6,7,4,11.25,0,0,6,9,4,10.857142857142858,0,0,1,1,0.6666666666666666,0.6666666666666666,1.1666666666666667,1.5,0,True,False,False,False,False,False,False,False,False,False,False,False,False,False,False,False,False,False,False,False,False,False,True,True,False,False,False
-0.5540677512436588,0.02932364582887579,-0.35759593881424684,-0.6939730878554988,0,6,7,5,10.2,0,0,6,9,4,11.25,0,0,1,0,0.8333333333333334,0.6666666666666666,1.1666666666666667,1.5,2,True,False,False,False,False,True,False,False,False,False,False,False,False,False,False,False,False,False,False,False,False,False,True,False,True,True,False
-0.5540677512436588,0.5601558572210751,0.8992785454846383,0.8876884966579909,0,8,8,7,15.675714285714283,0,0,8,8,7,15.675714285714283,0,1,1,0,0.875,0.875,1.0,1.0,2,True,False,False,True,False,False,True,False,True,False,False,False,False,False,False,False,False,False,True,False,False,False,False,False,True,False,False
-0.5540677512436588,-0.8048412577874374,-0.8479151057660093,-0.6939730878554988,0,6,9,6,10.833333333333334,0,0,6,8,6,12.0,0,0,1,1,1.0,1.0,1.5,1.3333333333333333,2,True,False,False,False,False,True,False,False,False,False,False,False,False,False,False,False,False,False,False,False,False,False,False,True,True,True,False
-0.5540677512436588,-0.3498422194512666,-0.48190220649215837,-0.4303628237699172,0,6,6,6,14.5,0,0,6,7,5,15.0,0,0,1,0,1.0,0.8333333333333334,1.0,1.1666666666666667,1,True,False,False,False,False,False,False,False,False,False,False,False,False,False,False,False,False,False,False,False,False,False,True,False,True,True,False
-0.5540677512436588,-1.866505680571836,-1.3589519839974245,-0.562167955812708,0,6,12,4,10.4,0,0,6,11,4,10.75,0,0,1,0,0.6666666666666666,0.6666666666666666,2.0,1.8333333333333333,1,True,False,False,False,False,True,False,False,False,False,False,False,False,False,False,False,False,False,False,False,False,False,False,False,True,True,False
-0.5540677512436588,0.48432268416504665,0.6368542026090461,-0.562167955812708,0,5,7,5,13.0,1,0,5,7,5,13.333333333333334,0,0,1,0,1.0,1.0,1.4,1.4,2,True,False,False,True,False,False,False,False,False,False,False,False,False,False,True,False,False,False,False,True,False,False,False,False,True,False,False
0.2071731591606723,-0.19817587333920963,-0.5164317252915782,-0.2985576917271264,0,7,7,7,12.242857142857144,0,0,8,8,8,14.125,0,0,1,0,1.0,1.0,1.0,1.0,2,True,False,False,True,False,False,False,False,False,False,False,False,False,False,False,True,False,False,False,False,False,False,True,False,True,True,False
-0.5540677512436588,0.03690696313447821,-1.448728732875916,-0.2985576917271264,0,7,7,7,13.0,0,0,7,8,6,12.5,0,0,1,1,1.0,0.8571428571428571,1.0,1.1428571428571428,1,True,False,False,False,False,True,False,False,False,False,False,False,False,False,True,False,False,False,False,False,False,False,True,True,True,False,False
1.7296549799693344,-0.19817587333920963,-0.19876015233691544,-0.6939730878554988,0,6,6,6,14.166666666666666,0,0,6,7,6,13.428571428571429,0,0,1,0,1.0,1.0,1.0,1.1666666666666667,1,True,False,False,False,False,False,False,False,False,False,False,False,False,False,False,False,False,False,False,False,False,False,True,False,True,False,False
0.9684140695650034,0.7876553763891605,0.4296770898125266,-0.6939730878554988,0,5,11,4,14.25,0,0,5,7,4,12.5,0,0,1,0,0.8,0.8,2.2,1.4,2,True,False,False,False,False,False,False,False,False,False,False,False,False,False,True,False,False,False,False,False,False,False,True,False,True,True,False
-0.5540677512436588,-1.714839334459779,-1.1724925824805565,1.546714156871945,0,5,14,1,12.0,2,0,5,11,2,10.5,1,1,1,1,0.2,0.4,2.8,2.2,0,False,False,False,True,False,False,False,True,False,False,False,False,False,False,False,False,False,True,False,False,False,True,False,False,False,False,False
3.2521368007779965,-0.9565076038994943,-0.8410092020061256,-0.2985576917271264,0,7,11,4,13.25,0,0,7,9,5,13.82,0,0,1,0,0.5714285714285714,0.7142857142857143,1.5714285714285714,1.2857142857142858,1,True,False,False,True,False,False,False,False,False,False,False,False,False,False,False,False,False,False,False,False,False,False,True,False,True,False,True
-0.5540677512436588,0.5601558572210751,0.20868816949623997,-0.6939730878554988,0,7,7,6,13.183333333333332,0,0,7,7,6,13.183333333333332,0,0,1,0,0.8571428571428571,0.8571428571428571,1.0,1.0,2,True,True,False,True,False,False,False,False,False,False,False,False,False,False,False,False,False,False,False,False,False,False,True,False,True,True,False
2.4908958903736655,-0.577341738619352,-0.30234870873517516,-0.16675255968433558,0,6,6,1,11.0,0,0,6,6,0,0.0,0,0,1,0,0.16666666666666666,0.0,1.0,1.0,1,True,True,False,False,False,True,False,False,False,False,False,False,False,False,True,False,False,False,True,False,False,False,True,False,True,False,False
-0.5540677512436588,0.10515681888490426,0.4503948010921794,-0.4303628237699172,0,7,8,7,11.9725,0,0,8,8,8,12.65125,0,0,1,0,1.0,1.0,1.1428571428571428,1.0,2,True,True,False,True,False,False,False,False,False,False,False,False,False,False,False,False,False,False,False,False,False,False,True,False,True,True,False
-0.5540677512436588,-0.19817587333920963,-0.48190220649215837,1.414909024829154,0,6,7,5,12.4,0,0,6,8,5,12.8,0,1,1,0,0.8333333333333334,0.8333333333333334,1.1666666666666667,1.3333333333333333,2,False,False,False,False,False,False,False,True,False,False,False,False,False,False,True,False,False,False,False,False,False,False,True,False,True,False,False
-0.5540677512436588,-0.9565076038994943,-0.48190220649215837,1.2831038927863632,3,8,9,5,12.6,2,2,7,13,5,11.25,0,1,1,0,0.625,0.7142857142857143,1.125,1.8571428571428572,1,False,False,False,False,False,False,True,False,True,False,False,False,False,False,False,False,False,False,False,False,False,False,False,False,True,False,False
0.9684140695650034,0.7118222033331321,0.7128191439677715,-0.16675255968433558,0,7,7,6,13.9,0,0,7,7,6,13.9,0,0,1,0,0.8571428571428571,0.8571428571428571,1.0,1.0,2,True,False,False,True,False,False,False,False,False,False,False,False,False,False,False,False,False,False,False,False,False,False,True,False,True,True,False
0.9684140695650034,-0.425675392507295,-0.24019557489621893,-0.4303628237699172,0,6,11,4,11.5,0,0,6,12,3,11.0,0,0,1,0,0.6666666666666666,0.5,1.8333333333333333,2.0,1,True,False,False,False,False,False,False,False,False,False,False,False,False,False,False,False,False,False,False,False,False,False,True,False,True,True,False
-0.5540677512436588,0.5601558572210751,0.33299443717415245,1.546714156871945,0,5,6,4,14.2,0,0,5,10,4,11.857142857142858,0,1,1,0,0.8,0.8,1.2,2.0,1,False,False,False,False,False,False,False,True,False,False,False,False,False,False,False,False,False,False,False,False,False,False,False,False,True,False,False
-0.5540677512436588,0.5601558572210751,0.20868816949623997,2.073934685043108,0,5,12,3,10.666666666666666,2,0,5,15,3,10.666666666666666,0,1,1,1,0.6,0.6,2.4,3.0,0,False,False,False,False,False,False,False,True,False,False,False,False,False,False,True,False,False,False,False,False,False,False,True,False,False,False,False
3.2521368007779965,0.7118222033331321,0.0705700942985603,-0.562167955812708,0,7,14,0,0.0,0,0,8,0,0,0.0,0,0,1,1,0.0,0.0,2.0,0.0,0,True,False,False,True,False,False,False,False,False,False,False,False,False,False,False,False,False,False,True,False,False,False,True,False,False,False,False
-0.5540677512436588,-0.9565076038994943,-2.2083781464631542,1.6785192889147356,0,6,10,6,11.0,0,0,6,14,3,11.333333333333334,0,1,1,0,1.0,0.5,1.6666666666666667,2.3333333333333335,2,False,False,False,False,False,False,False,True,False,False,False,False,False,False,False,False,False,False,False,False,False,False,False,False,True,True,False
0.2071731591606723,-0.6531749116753804,-0.7581383568875176,-0.2985576917271264,0,8,8,7,13.957142857142856,0,0,8,8,7,13.957142857142856,0,0,1,0,0.875,0.875,1.0,1.0,2,True,False,False,True,False,False,False,False,False,False,False,False,False,False,False,False,False,False,False,False,False,False,True,False,True,True,False
-0.5540677512436588,1.849319799173559,0.671383721408466,-0.16675255968433558,0,6,11,4,12.5,1,0,6,13,3,13.666666666666666,0,0,0,0,0.6666666666666666,0.5,1.8333333333333333,2.1666666666666665,1,True,False,False,False,False,True,False,False,False,False,True,False,False,False,False,True,False,False,True,False,False,False,True,False,True,False,False
-0.5540677512436588,-0.45600866172970683,-1.3451401764776563,2.4693500811714806,0,6,8,6,13.333333333333334,0,0,6,7,6,15.285714285714286,0,1,1,1,1.0,1.0,1.3333333333333333,1.1666666666666667,2,False,False,False,False,False,True,False,True,False,False,False,False,False,False,False,False,False,False,False,False,False,False,False,True,True,True,False
-0.5540677512436588,-1.714839334459779,-1.2829870426387,1.414909024829154,0,5,5,0,0.0,0,0,5,6,0,0.0,0,1,1,0,0.0,0.0,1.0,1.2,0,True,False,False,False,True,False,False,True,False,False,False,False,False,False,False,False,False,True,False,False,False,True,True,False,True,False,False
-0.5540677512436588,0.8634885494451889,0.25702949581542706,-0.4303628237699172,0,6,9,6,11.666666666666666,0,0,6,8,5,11.6,0,0,1,0,1.0,0.8333333333333334,1.5,1.3333333333333333,1,True,False,False,False,False,True,False,False,False,False,False,False,False,False,True,False,False,False,True,False,False,False,True,False,True,False,False
-0.5540677512436588,2.0768193183416446,1.9973172433061919,1.2831038927863632,3,6,7,6,15.714285714285714,0,2,6,7,6,15.5,0,1,1,0,1.0,1.0,1.1666666666666667,1.1666666666666667,2,False,False,True,False,False,True,True,False,False,True,False,False,False,False,False,False,False,False,False,False,False,False,False,False,True,False,False
1.7296549799693344,-2.0940051997399216,-1.4418228291160324,-0.4303628237699172,0,6,8,5,11.0,0,0,6,9,5,11.4,0,0,1,0,0.8333333333333334,0.8333333333333334,1.3333333333333333,1.5,2,True,False,False,False,False,False,False,False,False,False,False,False,False,False,False,False,False,False,False,False,False,False,True,False,True,False,False
0.2071731591606723,-0.19817587333920963,0.11200551685786381,-0.562167955812708,0,5,8,4,12.25,0,0,5,7,4,12.75,2,0,1,1,0.8,0.8,1.6,1.4,2,True,False,False,False,False,False,False,False,False,False,False,False,False,False,False,False,True,False,True,False,False,False,True,True,True,False,False
-0.5540677512436588,0.5601558572210751,0.8992785454846383,1.414909024829154,4,10,25,5,12.2,0,3,9,18,8,12.22222222222222,0,1,1,1,0.5,0.8888888888888888,2.5,2.0,0,False,False,True,False,False,False,False,True,True,False,False,False,False,False,False,False,False,False,True,False,False,False,False,True,True,False,False
-0.5540677512436588,0.40848951110901816,1.2445737334788374,-0.6939730878554988,0,5,6,5,13.0,0,0,5,5,5,14.0,0,0,1,0,1.0,1.0,1.2,1.0,2,True,False,False,False,False,False,False,False,False,False,False,False,False,False,False,False,False,False,False,False,False,False,True,False,True,False,False
-0.5540677512436588,-0.9565076038994943,-0.9653154696840371,0.09685770440124603,0,6,11,4,12.0,0,0,6,7,6,13.0,0,1,1,0,0.6666666666666666,1.0,1.8333333333333333,1.1666666666666667,2,True,False,True,False,False,True,False,False,False,False,False,False,False,False,False,False,False,False,False,False,False,False,False,False,True,True,False
-0.5540677512436588,0.18098999194093274,0.6990073364480024,-0.6939730878554988,0,6,6,6,13.333333333333334,0,0,6,7,6,12.333333333333334,0,0,1,0,1.0,1.0,1.0,1.1666666666666667,2,True,False,False,False,False,True,False,False,False,False,False,False,False,False,False,False,False,False,False,False,False,False,True,False,True,False,False
-0.5540677512436588,-1.0323407769555228,-0.5026199177718101,-0.4303628237699172,0,5,6,3,13.0,0,0,5,7,3,13.0,1,0,1,0,0.6,0.6,1.2,1.4,1,True,False,False,False,False,False,False,False,False,False,False,False,False,False,False,False,False,False,False,False,False,False,True,False,True,False,False
-0.5540677512436588,-0.8806744308434659,-0.4473726876927384,-0.2985576917271264,0,8,8,7,12.91,0,0,8,8,7,12.91,0,0,1,0,0.875,0.875,1.0,1.0,2,True,False,False,True,False,False,False,False,False,False,False,False,False,False,True,False,False,False,False,True,False,False,True,False,True,False,False
2.4908958903736655,-0.5015085655633235,-0.08826569217877112,-0.562167955812708,0,6,8,6,11.0,0,0,6,13,3,11.0,0,0,1,0,1.0,0.5,1.3333333333333333,2.1666666666666665,2,True,False,False,False,False,True,False,False,False,False,False,False,False,False,False,False,False,False,True,False,False,False,True,False,True,True,False
1.7296549799693344,-0.04650952722715268,-0.10207749969853928,-0.562167955812708,0,7,8,6,13.579999999999998,0,0,8,8,8,12.93625,0,0,1,0,0.8571428571428571,1.0,1.1428571428571428,1.0,2,True,False,False,True,False,False,False,False,False,False,False,False,False,False,True,False,False,False,False,False,False,False,False,False,True,True,False
-0.5540677512436588,-0.3498422194512666,-0.1711365372973791,-0.6939730878554988,0,6,10,4,12.4,0,0,6,8,6,12.5,0,0,1,0,0.6666666666666666,1.0,1.6666666666666667,1.3333333333333333,2,True,False,False,False,False,True,False,False,False,False,False,False,False,False,True,False,False,False,True,False,False,False,True,False,True,True,False
-0.5540677512436588,2.0768193183416446,-0.06754798089911936,1.9421295530003173,4,9,13,8,12.88888888888889,0,2,7,9,7,13.0,0,1,1,0,0.8888888888888888,1.0,1.4444444444444444,1.2857142857142858,2,False,False,True,False,False,True,False,True,False,False,False,False,False,False,True,False,False,False,True,False,False,False,False,False,True,True,False
-0.5540677512436588,-0.577341738619352,0.6368542026090461,-0.2985576917271264,6,12,12,11,11.545454545454543,0,4,11,18,9,11.7,1,0,1,1,0.9166666666666666,0.8181818181818182,1.0,1.6363636363636365,1,True,True,False,False,False,True,False,False,False,False,False,False,False,False,True,False,False,False,True,False,False,False,True,True,True,False,False
-0.5540677512436588,-0.425675392507295,-0.19185424857703087,-0.034947427641544786,0,5,6,1,10.0,0,0,5,5,0,0.0,0,0,0,0,0.2,0.0,1.2,1.0,1,True,True,False,False,False,False,False,True,False,False,False,False,True,False,False,False,False,False,False,False,False,False,True,False,True,False,True
2.4908958903736655,1.0909880686132745,0.7956899890863786,-0.562167955812708,0,8,8,8,14.34125,0,0,8,8,8,14.34125,0,0,1,0,1.0,1.0,1.0,1.0,2,True,False,False,True,False,False,False,False,False,False,False,False,False,False,True,False,False,False,False,True,False,False,True,False,True,False,False
0.2071731591606723,-0.19817587333920963,-0.32306642001482694,-0.6939730878554988,0,6,8,6,14.142857142857142,0,0,6,6,5,12.0,0,0,1,1,1.0,0.8333333333333334,1.3333333333333333,1.0,0,True,False,False,False,False,True,False,False,False,False,False,False,False,False,True,False,False,False,False,True,False,False,True,True,False,False,False
3.2521368007779965,0.10515681888490426,-0.06754798089911936,-0.6939730878554988,0,0,0,0,0.0,0,0,0,0,0,0.0,0,0,1,0,0.0,0.0,0.0,0.0,2,True,False,False,False,False,True,False,False,False,False,False,False,False,False,True,False,False,False,True,False,False,False,True,False,True,True,False
-0.5540677512436588,0.5601558572210751,0.5816069725299754,0.09685770440124603,0,6,10,5,11.8,0,0,6,13,4,11.25,0,1,1,0,0.8333333333333334,0.6666666666666666,1.6666666666666667,2.1666666666666665,1,True,False,False,False,False,True,False,True,False,False,False,False,False,False,False,False,False,False,False,False,False,False,True,False,True,False,False
-0.5540677512436588,1.3943207608373882,1.348162289877097,-0.6939730878554988,0,6,6,6,13.333333333333334,0,0,6,6,6,14.166666666666666,0,0,1,0,1.0,1.0,1.0,1.0,2,True,False,False,False,False,True,False,False,False,False,False,False,False,False,True,False,False,False,False,False,False,False,False,False,True,True,True
-0.5540677512436588,-0.04650952722715268,-0.35069003505436225,-0.6939730878554988,0,6,8,6,14.5,0,0,6,9,6,12.857142857142858,0,0,0,0,1.0,1.0,1.3333333333333333,1.5,2,True,False,False,False,False,True,False,False,False,False,True,False,False,False,True,False,False,False,False,False,False,False,True,False,True,False,False
-0.5540677512436588,-0.19817587333920963,0.20868816949623997,0.3604679684868276,5,10,13,8,12.666666666666666,0,5,10,12,10,13.4,0,1,1,0,0.8,1.0,1.3,1.2,2,True,False,True,False,False,False,True,False,True,False,False,False,False,False,False,False,False,False,False,True,False,False,False,False,True,False,False
-0.5540677512436588,-0.5015085655633235,-0.8133855869665894,-0.562167955812708,0,5,13,1,10.0,0,0,5,8,2,10.0,0,0,1,1,0.2,0.4,2.6,1.6,1,True,False,False,False,False,False,False,False,False,False,False,False,False,False,False,False,False,False,False,False,False,False,False,True,True,False,False
0.9684140695650034,-1.0323407769555228,-0.8133855869665894,-0.562167955812708,0,6,10,0,0.0,0,0,6,6,0,0.0,0,0,1,0,0.0,0.0,1.6666666666666667,1.0,0,True,False,False,False,False,False,False,False,False,False,False,False,False,False,False,False,False,False,False,False,False,False,True,False,True,True,False
-0.5540677512436588,-0.7290080847314089,-0.1297011147380756,-0.562167955812708,0,6,12,4,11.0,0,0,6,6,4,12.5,0,0,1,0,0.6666666666666666,0.6666666666666666,2.0,1.0,1,True,False,False,False,False,False,False,False,False,False,False,False,False,False,True,False,False,False,True,False,False,False,False,False,True,False,False
-0.5540677512436588,-2.0181720266838927,-1.3106106576782364,-0.4303628237699172,0,5,10,2,12.0,2,0,5,9,4,11.0,0,0,1,1,0.4,0.8,2.0,1.8,0,True,False,False,False,False,True,False,False,False,False,False,False,False,False,False,False,False,False,False,False,False,False,True,True,True,False,False
0.9684140695650034,-0.8806744308434659,-0.07445388465900295,-0.16675255968433558,0,6,10,4,10.0,0,0,6,12,2,13.5,0,0,1,0,0.6666666666666666,0.3333333333333333,1.6666666666666667,2.0,1,True,False,False,False,False,False,False,False,False,False,False,False,False,False,False,False,False,False,False,False,False,False,True,False,True,False,False
0.2071731591606723,0.40848951110901816,0.0705700942985603,-0.562167955812708,0,7,7,7,14.20857142857143,0,0,8,9,8,15.127777777777778,0,0,1,0,1.0,1.0,1.0,1.125,2,True,False,False,True,False,False,False,False,False,False,False,False,False,False,True,False,False,False,True,False,False,False,True,False,True,False,False
2.4908958903736655,-1.1081739500115513,-0.9307859508846172,-0.4303628237699172,0,7,7,7,14.30714285714286,0,0,8,8,8,15.0125,0,0,0,0,1.0,1.0,1.0,1.0,2,True,False,False,True,False,False,False,False,False,False,True,False,False,False,True,False,False,False,False,False,False,False,True,False,True,False,False
-0.5540677512436588,-0.9565076038994943,-0.1642306335374955,1.6785192889147356,0,5,8,3,11.0,0,0,5,12,4,13.375,0,1,1,0,0.6,0.8,1.6,2.4,1,False,False,False,False,False,False,False,True,False,False,False,False,False,False,True,False,False,False,True,False,False,False,False,False,True,False,False
-0.5540677512436588,0.03690696313447821,-0.7581383568875176,0.7558833646152,0,7,14,0,0.0,0,0,6,6,0,0.0,0,1,0,0,0.0,0.0,2.0,1.0,0,True,False,False,False,False,True,False,True,False,False,False,False,True,False,False,False,False,False,True,False,False,False,True,False,True,False,False
0.9684140695650034,0.6359890302771035,-0.1435129222578428,-0.562167955812708,0,6,10,6,12.0,0,0,6,12,4,11.0,0,0,0,0,1.0,0.6666666666666666,1.6666666666666667,2.0,2,True,False,False,False,False,True,False,False,False,False,True,False,True,False,False,True,False,False,False,True,False,False,True,False,True,False,False
-0.5540677512436588,3.593482779462214,0.9338080642840582,0.09685770440124603,0,5,0,0,0.0,0,0,5,0,0,0.0,0,1,1,1,0.0,0.0,0.0,0.0,0,False,False,False,False,False,False,False,True,False,False,False,False,False,False,True,False,False,False,False,False,False,False,False,True,False,False,False
-0.5540677512436588,3.593482779462214,3.634016434398695,0.4922731005296184,0,6,6,0,0.0,0,0,6,7,0,0.0,0,1,1,1,0.0,0.0,1.0,1.1666666666666667,0,False,False,False,False,False,True,False,True,False,False,False,False,False,False,True,False,False,False,False,False,False,False,False,True,False,False,False
-0.5540677512436588,-1.3356734691796368,-0.7512324531276341,-0.6939730878554988,0,6,7,6,13.857142857142858,0,0,6,7,6,14.285714285714286,0,0,1,0,1.0,1.0,1.1666666666666667,1.1666666666666667,2,True,False,False,False,False,True,False,False,False,False,False,False,False,False,False,False,False,False,False,False,False,False,True,False,True,True,False
0.2071731591606723,0.7118222033331321,0.8578431229253347,-0.6939730878554988,0,0,0,0,0.0,0,0,0,0,0,0.0,0,0,0,0,0.0,0.0,0.0,0.0,2,True,False,False,False,False,True,False,False,False,False,True,False,False,False,False,True,False,False,False,False,False,False,True,False,True,True,False
1.7296549799693344,0.18098999194093274,0.13962913189740012,-0.2985576917271264,0,7,0,0,0.0,0,0,7,0,0,0.0,0,0,1,0,0.0,0.0,0.0,0.0,0,True,False,False,True,False,False,False,False,False,False,False,False,False,False,False,True,False,False,False,False,False,False,True,False,True,False,False
-0.5540677512436588,1.3184875877813598,0.5954187800497426,2.6011552132142715,0,6,8,5,11.0,0,0,6,9,5,13.0,0,1,1,0,0.8333333333333334,0.8333333333333334,1.3333333333333333,1.5,2,False,False,False,False,False,False,False,True,False,False,False,False,False,False,False,False,False,False,True,False,False,False,False,False,True,True,False
-0.5540677512436588,1.5459871069494453,1.4379390387555897,-0.6939730878554988,0,5,9,5,13.2,0,0,5,13,5,14.4,5,0,1,0,1.0,1.0,1.8,2.6,2,True,False,False,False,False,False,False,True,False,False,False,False,False,False,False,False,False,False,False,False,False,False,False,False,True,True,False
-0.5540677512436588,1.5459871069494453,0.7611604702869585,-0.2985576917271264,0,6,7,6,13.5,0,0,6,6,3,15.333333333333334,0,0,1,0,1.0,0.5,1.1666666666666667,1.0,0,True,False,False,True,False,False,False,False,False,False,False,False,False,False,False,False,False,False,False,False,False,False,True,False,True,True,False
-0.5540677512436588,1.3184875877813598,1.5898689214730366,0.3604679684868276,0,5,5,0,0.0,0,0,5,0,0,0.0,0,1,0,0,0.0,0.0,1.0,0.0,0,True,False,False,False,False,False,True,False,True,False,True,False,False,True,False,True,False,False,False,False,False,False,False,False,True,False,False
3.2521368007779965,0.8634885494451889,0.2639353995753126,-0.562167955812708,0,8,8,7,14.214285714285714,0,0,8,8,7,14.214285714285714,0,0,1,0,0.875,0.875,1.0,1.0,2,True,False,False,True,False,False,False,False,False,False,False,False,False,False,False,False,False,False,True,False,False,False,True,False,True,True,False
-0.5540677512436588,-0.19817587333920963,-0.30234870873517516,-0.6939730878554988,0,5,5,5,13.0,0,0,5,5,5,12.4,0,0,1,0,1.0,1.0,1.0,1.0,2,True,False,False,True,False,False,False,False,False,False,False,False,False,False,False,False,False,True,False,False,False,True,False,False,True,False,False
-0.5540677512436588,-0.577341738619352,-0.5440553403311146,-0.16675255968433558,0,6,13,2,12.0,0,0,6,14,1,10.0,0,0,0,0,0.3333333333333333,0.16666666666666666,2.1666666666666665,2.3333333333333335,0,True,False,False,False,False,True,False,False,False,False,True,False,True,False,False,True,False,False,False,True,False,False,True,False,True,False,False
-0.5540677512436588,0.03690696313447821,-1.0481863148026451,0.4922731005296184,0,7,0,0,0.0,0,0,8,0,0,0.0,0,1,1,0,0.0,0.0,0.0,0.0,0,True,False,False,True,False,False,False,True,False,False,False,False,False,False,True,False,False,False,False,False,False,False,True,False,True,False,False
0.9684140695650034,0.02932364582887579,-0.1366070184979592,-0.6939730878554988,0,5,6,5,12.8,1,0,5,6,5,12.6,0,0,1,0,1.0,1.0,1.2,1.2,2,True,False,False,False,False,False,False,False,False,False,False,False,False,False,False,False,False,False,False,False,False,False,True,False,True,False,False
-0.5540677512436588,0.5601558572210751,0.20178226573635638,-0.562167955812708,0,5,11,4,13.6,2,0,5,9,4,12.2,0,0,1,0,0.8,0.8,2.2,1.8,2,True,False,False,True,False,False,False,False,False,False,False,False,False,False,False,False,False,False,False,False,False,False,False,False,True,False,False
1.7296549799693344,0.02932364582887579,0.28465311085496336,-0.6939730878554988,0,7,7,7,13.971428571428572,0,0,8,8,8,15.75,0,0,1,0,1.0,1.0,1.0,1.0,2,True,False,False,True,False,False,False,False,False,False,False,False,False,False,False,True,False,False,False,False,False,False,True,False,True,False,False
-0.5540677512436588,1.6218202800054737,0.9959611981230144,-0.562167955812708,0,6,8,6,15.0,0,0,6,9,6,14.857142857142858,0,0,1,0,1.0,1.0,1.3333333333333333,1.5,2,True,False,False,True,False,False,False,False,False,False,False,False,False,False,True,False,False,False,True,False,False,False,False,False,True,True,False
-0.5540677512436588,0.03690696313447821,-0.48190220649215837,1.1512987607435725,0,6,0,0,0.0,0,0,6,0,0,0.0,0,1,1,1,0.0,0.0,0.0,0.0,0,True,False,False,True,False,False,False,True,False,False,False,False,False,False,False,False,False,False,False,False,False,False,False,False,False,False,False
-0.5540677512436588,2.6834847027898725,0.4434888973322958,-0.034947427641544786,20,26,27,26,15.07777777777778,0,14,17,17,17,15.023529411764704,0,0,1,0,1.0,1.0,1.0384615384615385,1.0,2,True,False,False,True,False,False,False,True,False,False,False,False,False,False,False,False,False,False,True,False,False,False,True,False,True,False,False
0.9684140695650034,-0.04650952722715268,0.022228767979372222,-0.4303628237699172,0,7,7,6,13.383333333333333,0,0,7,7,6,13.383333333333333,0,0,1,0,0.8571428571428571,0.8571428571428571,1.0,1.0,2,True,False,False,True,False,False,False,False,False,False,False,False,False,False,True,False,False,False,False,True,False,False,True,False,True,False,False
-0.5540677512436588,0.03690696313447821,0.33299443717415245,-0.4303628237699172,6,12,12,12,13.25,0,4,11,16,10,13.090909090909092,0,0,1,1,1.0,0.9090909090909091,1.0,1.4545454545454546,2,True,False,False,False,False,True,False,False,False,False,False,False,False,False,True,False,False,False,True,False,False,False,True,True,True,False,False
-0.5540677512436588,-0.9565076038994943,-0.8410092020061256,-0.562167955812708,0,6,10,5,11.714285714285714,0,0,6,13,2,10.666666666666666,0,0,1,1,0.8333333333333334,0.3333333333333333,1.6666666666666667,2.1666666666666665,0,True,False,False,False,False,True,False,False,False,False,False,False,False,False,True,False,False,False,True,False,False,False,True,True,False,False,False
0.9684140695650034,1.3184875877813598,0.40205347477299225,-0.6939730878554988,0,8,8,8,13.01125,0,0,8,8,8,13.01125,0,0,1,0,1.0,1.0,1.0,1.0,2,True,False,False,True,False,False,False,False,False,False,False,False,False,False,True,False,False,False,True,False,False,False,True,False,True,True,False
-0.5540677512436588,0.5601558572210751,0.8992785454846383,-0.2985576917271264,0,6,12,3,10.666666666666666,2,0,6,12,4,12.0,0,0,1,0,0.5,0.6666666666666666,2.0,2.0,0,True,False,False,False,False,True,True,False,False,True,False,False,False,False,False,False,False,False,True,False,False,False,False,False,True,False,False
-0.5540677512436588,-2.2456715458519785,-1.2898929463985846,-0.4303628237699172,0,7,14,0,0.0,0,0,7,15,0,0.0,0,0,1,0,0.0,0.0,2.0,2.142857142857143,1,True,False,False,True,False,False,False,False,False,False,False,False,False,False,False,False,False,False,False,False,False,False,False,False,True,True,False
-0.5540677512436588,1.3184875877813598,1.5898689214730366,-0.16675255968433558,1,6,9,6,13.0,0,1,6,18,3,12.666666666666666,0,0,0,0,1.0,0.5,1.5,3.0,2,True,False,False,True,False,False,True,False,False,True,True,False,False,False,False,True,False,False,True,False,False,False,True,False,True,False,False
-0.5540677512436588,2.0768193183416446,2.280459297461435,0.3604679684868276,0,5,5,5,12.0,0,0,5,7,5,11.4,0,1,1,0,1.0,1.0,1.0,1.4,2,True,False,True,False,False,False,True,False,False,True,False,False,False,False,False,False,False,False,False,False,False,False,False,False,True,False,False
-0.5540677512436588,-0.12234270028318116,0.3260885334142669,-0.4303628237699172,0,6,6,6,12.166666666666666,0,0,6,7,5,13.8,0,0,1,0,1.0,0.8333333333333334,1.0,1.1666666666666667,2,True,False,False,False,False,True,False,False,False,False,False,False,False,False,False,True,False,False,False,True,False,False,True,False,True,False,False
-0.5540677512436588,-1.4115066422356652,-0.9929390847235735,-0.562167955812708,0,7,10,6,11.85,0,0,8,10,7,13.65,0,0,1,0,0.8571428571428571,0.875,1.4285714285714286,1.25,2,True,False,False,True,False,False,False,False,False,False,False,False,False,False,True,False,False,False,False,True,False,False,True,False,True,False,False
-0.5540677512436588,-0.9565076038994943,-1.0965276411218332,1.0194936287007816,0,5,8,4,11.0,0,0,5,6,5,11.2,0,1,1,0,0.8,1.0,1.6,1.2,2,True,False,True,False,False,False,False,True,False,False,False,False,False,False,False,False,False,False,False,False,False,False,False,False,True,False,False
0.9684140695650034,0.5601558572210751,0.03604057549914038,-0.4303628237699172,0,7,9,7,12.327777777777778,0,0,8,10,8,11.736,0,0,1,1,1.0,1.0,1.2857142857142858,1.25,2,True,False,False,True,False,False,False,True,False,False,False,False,False,False,False,False,False,False,False,False,False,False,True,True,True,True,False
-0.5540677512436588,-0.19817587333920963,-0.4680903989723902,-0.4303628237699172,0,5,9,4,12.0,0,0,5,10,5,13.428571428571429,1,0,1,0,0.8,1.0,1.8,2.0,2,True,False,False,True,False,False,False,True,False,False,False,False,False,False,False,False,False,False,False,False,False,False,True,False,True,False,False
1.7296549799693344,-0.8806744308434659,-0.5578671478508818,-0.2985576917271264,0,7,7,7,14.428571428571429,0,0,8,9,8,14.511111111111113,0,0,1,0,1.0,1.0,1.0,1.125,2,True,False,False,True,False,False,False,False,False,False,False,False,False,False,True,False,False,False,True,False,False,False,True,False,True,False,False
1.7296549799693344,-0.19817587333920963,-0.48880811025204196,-0.6939730878554988,0,7,7,7,13.78,0,0,8,8,8,12.6125,0,0,1,0,1.0,1.0,1.0,1.0,2,True,False,False,True,False,False,False,False,False,False,False,False,False,False,False,False,False,False,False,False,False,False,True,False,True,False,False
0.2071731591606723,0.6359890302771035,0.022228767979372222,-0.562167955812708,0,7,7,6,13.8,0,0,7,7,6,13.8,0,0,1,0,0.8571428571428571,0.8571428571428571,1.0,1.0,2,True,False,False,True,False,False,False,False,False,False,False,False,False,False,False,False,False,False,True,False,False,False,True,False,True,True,False
-0.5540677512436588,-0.12234270028318116,0.06366419053867671,-0.6939730878554988,0,7,7,7,14.857142857142858,0,0,7,7,7,15.142857142857142,0,0,1,0,1.0,1.0,1.0,1.0,2,True,False,False,False,False,True,False,False,False,False,False,False,False,False,False,True,False,False,False,False,False,False,True,False,True,True,False
-0.5540677512436588,0.03690696313447821,0.41586528229275943,2.205739817085899,0,6,8,5,13.0,0,0,6,7,5,12.6,0,1,1,0,0.8333333333333334,0.8333333333333334,1.3333333333333333,1.1666666666666667,1,False,False,False,False,False,True,False,True,False,False,False,False,False,False,False,False,False,False,False,False,False,False,False,False,True,False,False
3.2521368007779965,-1.1840071230675797,-0.8548210095258938,-0.6939730878554988,0,6,7,6,12.142857142857142,0,0,6,6,6,13.333333333333334,0,0,1,0,1.0,1.0,1.1666666666666667,1.0,2,True,False,False,False,False,True,False,False,False,False,False,False,False,False,True,False,False,False,False,False,False,False,False,False,True,True,False
0.2071731591606723,1.3943207608373882,1.2100442146794175,-0.6939730878554988,0,6,7,6,15.666666666666666,0,0,6,6,6,14.833333333333334,0,0,0,0,1.0,1.0,1.1666666666666667,1.0,2,True,False,False,True,False,False,False,False,False,False,True,False,True,False,False,True,False,False,False,True,False,False,True,False,True,False,False
-0.5540677512436588,-0.12234270028318116,-0.10898340345842286,-0.562167955812708,0,7,13,5,12.5,0,0,8,14,7,12.166666666666666,0,0,1,0,0.7142857142857143,0.875,1.8571428571428572,1.75,2,True,False,False,True,False,False,False,False,False,False,False,False,False,False,True,False,False,False,False,True,False,False,True,False,True,False,False
-0.5540677512436588,0.9393217225012175,1.2445737334788374,-0.562167955812708,0,6,7,6,12.833333333333334,0,0,6,6,6,13.166666666666666,0,0,1,0,1.0,1.0,1.1666666666666667,1.0,2,True,False,False,False,False,True,False,False,False,False,False,False,False,False,False,False,False,False,False,False,False,False,False,False,True,True,False
-0.5540677512436588,0.18098999194093274,0.7680663740468422,0.6240782325724092,0,6,6,0,0.0,0,0,6,7,0,0.0,0,1,1,1,0.0,0.0,1.0,1.1666666666666667,0,True,False,False,False,False,True,False,True,False,False,False,False,False,False,False,False,False,False,False,False,False,False,False,True,False,False,False
-0.5540677512436588,-1.0323407769555228,-0.1642306335374955,-0.4303628237699172,0,6,6,6,12.5,0,0,6,6,6,12.666666666666666,0,0,1,0,1.0,1.0,1.0,1.0,2,True,False,False,False,False,True,False,False,False,False,False,False,False,False,False,False,False,False,False,False,False,False,True,False,True,False,False
0.2071731591606723,-0.8048412577874374,0.2639353995753126,-0.6939730878554988,0,6,14,4,11.25,0,0,6,9,5,13.0,0,0,1,0,0.6666666666666666,0.8333333333333334,2.3333333333333335,1.5,2,True,False,False,False,False,True,False,False,False,False,False,False,False,False,False,False,False,False,False,False,False,False,True,False,True,False,False
0.2071731591606723,1.6976534530615022,0.9338080642840582,-0.6939730878554988,0,7,7,6,15.25,0,0,7,7,6,15.25,0,0,1,0,0.8571428571428571,0.8571428571428571,1.0,1.0,2,True,False,False,True,False,False,False,False,False,False,False,False,False,False,True,False,False,False,False,True,False,False,True,False,True,False,False
-0.5540677512436588,-0.7290080847314089,-0.19876015233691544,-0.4303628237699172,0,5,13,5,14.0,2,0,5,10,3,12.0,1,0,1,0,1.0,0.6,2.6,2.0,2,True,False,False,True,False,False,False,False,False,False,False,False,False,False,False,False,False,False,False,False,False,False,True,False,True,True,False
-0.5540677512436588,-0.19817587333920963,-0.5923966666503017,0.6240782325724092,15,16,16,13,12.076923076923077,0,13,13,13,11,12.090909090909092,0,1,1,1,0.8125,0.8461538461538461,1.0,1.0,2,True,False,False,False,False,True,False,True,False,False,False,False,False,False,False,False,False,False,True,False,False,False,False,True,True,False,False
-0.5540677512436588,0.03690696313447821,0.08438190181832748,-0.034947427641544786,11,16,17,16,14.625,0,6,10,12,9,14.88888888888889,0,0,0,0,1.0,0.9,1.0625,1.2,2,True,False,False,False,False,True,False,True,False,False,True,False,False,False,True,False,False,False,False,True,False,False,False,False,True,False,True
-0.5540677512436588,-1.4115066422356652,-1.2070221012799767,-0.562167955812708,0,7,10,4,10.5,0,0,7,7,2,10.5,0,0,1,0,0.5714285714285714,0.2857142857142857,1.4285714285714286,1.0,0,True,False,False,False,False,True,False,False,False,False,False,False,False,False,True,False,False,False,True,False,False,False,True,False,True,False,False
-0.5540677512436588,0.33265633805298966,0.28465311085496336,-0.6939730878554988,0,6,8,6,12.833333333333334,0,0,6,6,6,12.166666666666666,0,0,1,0,1.0,1.0,1.3333333333333333,1.0,2,True,False,False,False,False,True,False,False,False,False,False,False,False,False,True,False,False,False,False,False,False,False,True,False,True,True,False
0.9684140695650034,2.152652491397673,0.754254566527075,-0.4303628237699172,0,6,6,6,12.5,0,0,6,7,5,11.8,0,0,1,1,1.0,0.8333333333333334,1.0,1.1666666666666667,2,True,False,False,False,False,True,False,False,False,False,False,False,False,False,False,False,False,False,False,False,False,False,False,True,False,True,True
-0.5540677512436588,0.03690696313447821,0.08438190181832748,-0.4303628237699172,5,12,13,12,11.23076923076923,0,3,11,18,9,12.77777777777778,0,0,0,0,1.0,0.8181818181818182,1.0833333333333333,1.6363636363636365,2,True,False,False,False,False,True,False,False,False,False,True,False,False,False,False,True,False,False,True,False,False,False,True,False,True,False,False
-0.5540677512436588,0.03690696313447821,-0.03301846209969945,0.4922731005296184,0,5,5,2,10.5,0,0,5,5,0,0.0,0,1,1,0,0.4,0.0,1.0,1.0,0,False,False,True,False,False,False,False,True,False,False,False,False,False,False,False,False,False,False,False,False,False,False,False,False,True,False,False
-0.5540677512436588,-0.3498422194512666,-0.48190220649215837,-0.6939730878554988,0,6,11,3,12.0,0,0,6,13,2,12.0,0,0,1,0,0.5,0.3333333333333333,1.8333333333333333,2.1666666666666665,0,True,False,False,False,False,True,False,False,False,False,False,False,False,False,False,False,False,False,False,False,False,False,True,False,True,False,False
0.2071731591606723,0.03690696313447821,-0.27472509369563886,1.8103244209575264,0,7,10,7,10.985714285714286,0,0,8,11,8,12.3,0,1,1,0,1.0,1.0,1.4285714285714286,1.375,2,False,False,False,True,False,False,False,True,False,False,False,False,False,False,True,False,False,False,False,False,False,False,False,False,True,True,False
-0.5540677512436588,-0.19817587333920963,0.20868816949623997,2.4693500811714806,2,7,10,5,12.62,0,3,7,11,3,14.166666666666666,0,1,1,1,0.7142857142857143,0.42857142857142855,1.4285714285714286,1.5714285714285714,0,False,False,False,True,False,False,True,False,True,False,False,False,False,False,True,False,False,False,False,False,False,False,False,False,False,False,False
3.2521368007779965,1.0909880686132745,0.9752434868433617,-0.4303628237699172,0,7,9,6,13.0,0,0,8,8,8,14.2125,0,0,1,0,0.8571428571428571,1.0,1.2857142857142858,1.0,0,True,False,False,True,False,False,False,False,False,False,False,False,False,False,True,False,False,False,False,False,False,False,True,False,True,False,False
-0.5540677512436588,0.5601558572210751,0.8992785454846383,1.414909024829154,0,5,5,0,0.0,0,0,5,5,0,0.0,0,1,1,1,0.0,0.0,1.0,1.0,0,False,True,False,False,True,False,False,True,False,False,False,False,False,False,False,False,False,False,False,False,False,False,False,False,False,False,False
-0.5540677512436588,0.5601558572210751,0.457300704852063,-0.16675255968433558,0,5,0,0,0.0,0,0,5,0,0,0.0,0,0,0,0,0.0,0.0,0.0,0.0,0,True,True,False,False,True,False,False,True,False,False,True,False,True,False,False,True,False,False,False,True,False,False,True,False,True,False,False
0.2071731591606723,0.03690696313447821,-0.24019557489621893,2.073934685043108,0,6,6,6,13.5,0,0,6,6,6,13.333333333333334,0,1,1,0,1.0,1.0,1.0,1.0,2,False,True,False,False,False,False,False,True,False,False,False,False,False,False,False,False,False,False,True,False,False,False,False,False,True,False,False
-0.5540677512436588,0.6359890302771035,0.6437601063689317,-0.6939730878554988,0,7,7,6,13.516666666666666,0,0,7,7,6,13.516666666666666,0,0,1,0,0.8571428571428571,0.8571428571428571,1.0,1.0,2,True,True,False,True,False,False,False,False,False,False,False,False,False,False,False,False,False,False,False,False,False,False,True,False,True,True,False
0.2071731591606723,-0.3498422194512666,-0.24019557489621893,-0.2985576917271264,0,6,6,6,13.166666666666666,0,0,6,8,6,13.285714285714286,0,0,1,0,1.0,1.0,1.0,1.3333333333333333,2,True,True,False,False,False,True,False,False,False,False,False,False,False,False,False,False,False,False,False,False,False,False,True,False,True,True,False
-0.5540677512436588,1.3184875877813598,-1.034374507282877,1.414909024829154,0,6,0,0,0.0,0,0,6,0,0,0.0,0,1,1,0,0.0,0.0,0.0,0.0,0,False,True,False,True,False,False,False,True,False,False,False,False,False,False,False,False,False,True,False,False,False,False,False,False,True,False,False
-0.5540677512436588,2.0768193183416446,2.280459297461435,-0.16675255968433558,0,6,8,6,13.125,0,0,6,10,6,13.0,0,0,1,0,1.0,1.0,1.3333333333333333,1.6666666666666667,2,True,True,False,False,False,True,True,False,False,True,False,False,False,False,False,False,False,False,False,False,False,False,False,False,True,True,False
-0.5540677512436588,0.03690696313447821,-1.1724925824805565,1.0194936287007816,0,6,15,3,14.4,0,0,6,20,0,0.0,0,1,1,0,0.5,0.0,2.5,3.3333333333333335,0,True,True,False,False,False,True,False,True,False,False,False,False,False,False,True,False,False,False,False,False,False,False,False,False,True,False,False
0.9684140695650034,-0.3498422194512666,-0.702891126808446,-0.562167955812708,0,6,10,4,12.0,0,0,6,12,0,0.0,0,0,1,1,0.6666666666666666,0.0,1.6666666666666667,2.0,0,True,True,False,False,False,True,False,False,False,False,False,False,False,False,True,False,False,False,False,False,False,False,True,False,False,False,False
2.4908958903736655,-1.4115066422356652,-1.2070221012799767,-0.562167955812708,0,5,5,0,0.0,0,0,5,10,0,0.0,0,0,1,0,0.0,0.0,1.0,2.0,0,True,True,False,False,False,False,False,False,False,False,False,False,False,False,True,False,False,False,False,False,False,False,False,False,True,False,False
-0.5540677512436588,0.03690696313447821,-1.863082958468955,1.0194936287007816,0,7,7,0,0.0,0,0,7,7,0,0.0,0,1,1,0,0.0,0.0,1.0,1.0,0,True,True,False,True,False,False,False,True,False,False,False,False,False,False,False,False,False,False,False,False,False,False,False,False,True,False,False
-0.5540677512436588,-0.5015085655633235,-0.6683616080090261,-0.562167955812708,0,5,15,3,10.8,0,0,5,6,3,10.5,0,0,1,0,0.6,0.6,3.0,1.2,1,True,False,False,False,False,False,True,False,False,False,False,False,False,False,True,False,False,False,False,False,False,False,True,False,True,False,False
0.2071731591606723,0.03690696313447821,0.20868816949623997,0.8876884966579909,0,6,0,0,0.0,0,0,6,0,0,0.0,0,1,1,0,0.0,0.0,0.0,0.0,0,False,False,False,False,False,False,False,True,False,False,False,False,False,False,False,False,False,False,False,False,False,False,False,False,True,False,True
-0.5540677512436588,-0.2740090463952381,0.7473486627671915,-0.4303628237699172,2,7,7,7,16.13142857142857,0,0,8,9,8,15.52222222222222,0,0,1,0,1.0,1.0,1.0,1.125,2,True,False,False,True,False,False,False,True,False,False,False,False,False,False,False,True,False,False,False,True,False,False,True,False,True,True,False
-0.5540677512436588,0.5601558572210751,0.6575719138886988,-0.6939730878554988,0,7,7,7,14.838571428571427,0,0,8,9,8,14.8,0,0,1,0,1.0,1.0,1.0,1.125,2,True,False,False,True,False,False,False,False,False,False,False,False,False,False,False,False,False,False,False,False,False,False,True,False,True,True,False
-0.5540677512436588,0.03690696313447821,0.8095017966061457,1.0194936287007816,0,5,7,3,10.333333333333334,0,0,5,6,3,12.0,0,1,1,0,0.6,0.6,1.4,1.2,0,False,False,True,False,False,False,False,True,False,False,False,False,False,False,True,False,False,False,True,False,False,False,False,False,True,False,False
-0.5540677512436588,0.10515681888490426,-0.1435129222578428,-0.562167955812708,0,6,11,3,12.0,0,0,6,11,4,11.25,0,0,1,0,0.5,0.6666666666666666,1.8333333333333333,1.8333333333333333,0,True,False,False,False,False,False,False,False,False,False,False,False,False,False,False,False,False,False,True,False,False,False,True,False,True,False,False
-0.5540677512436588,0.03690696313447821,0.8992785454846383,2.6011552132142715,0,6,6,0,0.0,0,0,5,5,0,0.0,0,1,1,0,0.0,0.0,1.0,1.0,0,False,False,True,False,False,True,False,True,False,False,False,False,False,False,False,False,False,False,False,False,False,False,False,False,True,True,False
0.2071731591606723,-0.04650952722715268,-0.30234870873517516,-0.4303628237699172,0,6,6,6,13.166666666666666,0,0,6,6,6,14.0,0,0,1,0,1.0,1.0,1.0,1.0,2,True,False,False,False,False,False,False,False,False,False,False,False,False,False,False,False,False,False,False,False,False,False,True,False,True,True,False
0.2071731591606723,-0.12234270028318116,0.17415865069682004,-0.562167955812708,0,8,8,8,13.9475,0,0,8,8,8,13.9475,0,0,1,0,1.0,1.0,1.0,1.0,2,True,False,False,True,False,False,False,False,False,False,False,False,False,False,True,False,False,False,False,False,False,False,True,False,True,True,False
-0.5540677512436588,0.03690696313447821,1.9351641094672356,-0.16675255968433558,0,5,6,3,11.333333333333334,0,0,5,5,0,0.0,0,0,0,0,0.6,0.0,1.2,1.0,0,True,False,False,False,False,False,False,False,False,False,True,False,False,False,False,True,False,False,False,False,False,False,False,False,True,False,False
-0.5540677512436588,0.03690696313447821,-1.863082958468955,0.3604679684868276,2,8,11,7,12.75,0,2,7,7,7,12.285714285714286,0,1,0,0,0.875,1.0,1.375,1.0,2,True,False,True,False,False,True,False,False,False,False,True,False,False,False,False,True,False,False,False,False,False,False,False,False,True,False,False
-0.5540677512436588,2.0768193183416446,0.7335368552474223,-0.562167955812708,0,5,6,5,12.6,0,0,5,8,5,11.25,0,0,1,0,1.0,1.0,1.2,1.6,2,True,False,False,False,False,False,False,False,False,False,False,False,False,False,True,False,False,False,False,False,False,False,True,False,True,True,False
-0.5540677512436588,-0.9565076038994943,-0.48190220649215837,0.7558833646152,0,8,8,6,12.25,1,0,8,8,6,12.25,1,1,0,0,0.75,0.75,1.0,1.0,0,True,False,False,True,False,False,True,False,True,False,False,False,True,False,True,False,False,False,False,True,False,False,True,False,True,False,False
-0.5540677512436588,-1.4115066422356652,-0.8962564320851973,-0.4303628237699172,0,7,14,0,0.0,6,0,7,12,2,11.666666666666666,0,0,0,0,0.0,0.2857142857142857,2.0,1.7142857142857142,1,True,False,False,True,False,False,False,True,False,False,True,False,False,False,False,True,False,False,True,False,False,False,False,False,True,False,True
-0.5540677512436588,0.5601558572210751,0.8302195078857985,1.9421295530003173,0,5,8,5,11.0,0,0,5,7,5,11.4,0,1,1,0,1.0,1.0,1.6,1.4,1,False,False,True,False,False,False,False,False,False,False,False,False,False,False,False,False,False,False,False,False,False,False,False,False,True,True,False
-0.5540677512436588,-2.473171065020064,-1.1724925824805565,2.3375449491286897,8,12,17,12,11.833333333333334,0,3,12,22,9,12.7,0,1,1,0,1.0,0.75,1.4166666666666667,1.8333333333333333,2,True,False,False,False,False,True,False,True,False,False,False,False,False,False,False,False,False,False,True,False,False,False,False,False,True,False,False
3.2521368007779965,0.48432268416504665,0.10509961309798022,-0.562167955812708,0,8,10,6,13.066666666666668,0,0,8,10,6,13.066666666666668,0,0,1,0,0.75,0.75,1.25,1.25,0,True,False,False,True,False,False,False,False,False,False,False,False,False,False,True,False,False,False,False,False,False,False,True,False,True,False,False
-0.5540677512436588,0.25682316499696123,0.3606180522136868,-0.562167955812708,0,6,6,6,13.833333333333334,0,0,6,8,6,13.875,0,0,1,1,1.0,1.0,1.0,1.3333333333333333,2,True,False,False,False,False,True,False,False,False,False,False,False,False,False,True,False,False,False,True,False,False,False,False,True,True,False,False
-0.5540677512436588,-0.19817587333920963,0.20868816949623997,2.6011552132142715,0,7,7,3,13.833333333333334,1,0,7,7,0,0.0,0,1,0,0,0.42857142857142855,0.0,1.0,1.0,0,False,False,False,True,False,False,True,False,True,False,True,False,False,False,False,True,False,False,False,True,False,False,False,False,True,False,False
-0.5540677512436588,0.9393217225012175,0.16034684317705286,-0.562167955812708,0,5,5,5,11.8,0,0,5,5,5,13.2,0,0,1,0,1.0,1.0,1.0,1.0,2,True,False,False,False,False,True,False,False,False,False,False,False,False,False,False,False,False,False,False,False,False,False,True,False,True,False,False
-0.5540677512436588,0.03690696313447821,0.08438190181832748,-0.562167955812708,6,12,12,12,13.333333333333334,0,4,11,15,10,12.818181818181818,0,0,1,0,1.0,0.9090909090909091,1.0,1.3636363636363635,1,True,True,False,False,False,True,False,False,False,False,False,False,False,False,False,False,False,False,False,False,False,False,True,False,True,True,False
3.2521368007779965,1.015154895557246,0.2294058807758927,-0.6939730878554988,0,8,8,8,13.74625,0,0,8,8,8,13.74625,0,0,0,0,1.0,1.0,1.0,1.0,2,True,True,False,True,False,False,False,False,False,False,True,False,False,False,False,True,False,False,False,False,False,False,True,False,True,False,False
-0.5540677512436588,2.000986145285616,2.4531068914585346,-0.562167955812708,0,0,0,0,0.0,0,0,0,0,0,0.0,0,0,0,0,0.0,0.0,0.0,0.0,0,True,True,False,False,False,True,False,False,False,False,True,False,True,False,False,True,False,False,False,True,False,False,True,False,True,False,False
-0.5540677512436588,0.03690696313447821,0.20868816949623997,1.9421295530003173,0,6,0,0,0.0,0,0,6,0,0,0.0,0,1,1,0,0.0,0.0,0.0,0.0,0,False,True,True,False,False,True,False,True,False,False,False,False,False,False,False,False,True,False,False,False,True,False,False,False,True,False,False
-0.5540677512436588,-1.714839334459779,-1.1724925824805565,1.8103244209575264,0,6,9,0,0.0,0,0,6,6,0,0.0,0,1,1,0,0.0,0.0,1.5,1.0,0,False,True,False,False,False,True,True,False,True,False,False,False,False,False,True,False,False,False,False,False,False,False,True,False,True,False,False
-0.5540677512436588,-0.9565076038994943,1.0581143319619706,0.3604679684868276,0,6,6,6,13.333333333333334,0,0,6,10,5,14.5,0,1,1,0,1.0,0.8333333333333334,1.0,1.6666666666666667,2,True,False,False,False,False,False,False,True,False,False,False,False,False,False,True,False,False,False,False,False,False,False,True,False,True,True,False
-0.5540677512436588,-0.19817587333920963,-0.34378413129447866,-0.2985576917271264,0,6,8,1,10.0,0,0,6,13,5,11.4,0,0,1,0,0.16666666666666666,0.8333333333333334,1.3333333333333333,2.1666666666666665,1,True,False,False,False,False,True,False,False,False,False,False,False,False,False,False,False,False,False,False,False,False,False,True,False,True,True,False
0.9684140695650034,1.9251529722295875,1.8384814568288597,-0.6939730878554988,0,6,7,6,15.666666666666666,0,0,6,8,6,15.285714285714286,0,0,1,0,1.0,1.0,1.1666666666666667,1.3333333333333333,2,True,False,False,True,False,False,False,False,False,False,False,False,False,False,False,False,False,False,False,False,False,False,True,False,True,True,False
-0.5540677512436588,-0.8048412577874374,-0.9722213734439208,-0.6939730878554988,0,7,9,7,11.857142857142858,0,0,7,7,7,11.857142857142858,0,0,0,0,1.0,1.0,1.2857142857142858,1.0,2,True,False,False,False,False,True,False,False,False,False,True,False,False,False,False,True,False,False,False,True,False,False,False,False,True,False,False
-0.5540677512436588,0.5601558572210751,-0.19876015233691544,-0.6939730878554988,0,5,12,5,14.5,2,0,5,5,5,13.6,0,0,0,0,1.0,1.0,2.4,1.0,2,True,False,False,True,False,False,False,False,False,False,True,False,False,False,False,True,False,False,True,False,False,False,False,False,True,False,False
-0.5540677512436588,0.25682316499696123,0.18797045821658723,-0.562167955812708,0,6,6,6,12.166666666666666,0,0,6,7,6,13.714285714285714,0,0,1,0,1.0,1.0,1.0,1.1666666666666667,2,True,False,False,False,False,True,False,False,False,False,False,False,False,False,False,False,False,False,True,False,False,False,False,False,True,False,False
-0.5540677512436588,-1.6390061614037505,-1.1724925824805565,-0.6939730878554988,0,6,6,5,12.6,0,0,6,8,6,12.0,0,0,1,0,0.8333333333333334,1.0,1.0,1.3333333333333333,2,True,False,False,False,False,True,False,False,False,False,False,False,False,False,False,False,False,False,False,False,False,False,True,False,True,False,False
0.2071731591606723,0.9393217225012175,0.6437601063689317,-0.6939730878554988,0,8,12,7,12.285714285714286,0,0,8,12,7,12.285714285714286,0,0,0,0,0.875,0.875,1.5,1.5,1,True,False,False,True,False,False,False,False,False,False,True,False,False,False,False,True,False,False,False,False,False,False,True,False,True,False,False
-0.5540677512436588,0.03690696313447821,1.3136327710776772,-0.562167955812708,0,6,6,6,12.666666666666666,0,0,6,7,6,13.0,0,0,1,1,1.0,1.0,1.0,1.1666666666666667,2,True,False,False,False,False,True,False,False,False,False,False,False,False,False,False,False,False,False,False,False,False,False,False,True,True,True,False
-0.5540677512436588,0.5601558572210751,0.20178226573635638,-0.562167955812708,0,7,0,0,0.0,0,0,8,0,0,0.0,0,0,1,0,0.0,0.0,0.0,0.0,0,True,False,False,True,False,False,False,False,False,False,False,False,False,False,False,False,False,False,False,False,False,False,False,False,True,False,False
-0.5540677512436588,0.5601558572210751,0.9614316793235945,-0.6939730878554988,0,6,7,6,12.857142857142858,0,0,6,10,4,13.0,0,0,1,0,1.0,0.6666666666666666,1.1666666666666667,1.6666666666666667,2,True,False,False,False,False,False,False,False,False,False,False,False,False,False,False,False,False,False,False,False,False,False,True,False,True,True,False
-0.5540677512436588,1.7734866261175306,0.588512876289859,-0.6939730878554988,0,8,8,7,13.9,0,0,8,8,7,13.9,0,0,1,0,0.875,0.875,1.0,1.0,2,False,False,False,True,False,False,False,False,False,False,False,False,False,False,False,False,False,False,False,False,False,False,False,False,True,False,False
-0.5540677512436588,-0.04650952722715268,-0.34378413129447866,-0.4303628237699172,0,8,8,7,13.817142857142857,0,0,8,8,7,13.817142857142857,0,0,1,0,0.875,0.875,1.0,1.0,2,True,False,False,True,False,False,False,False,False,False,False,False,False,False,False,False,False,False,False,False,False,False,True,False,True,True,False
-0.5540677512436588,0.5601558572210751,0.8992785454846383,-0.16675255968433558,1,7,10,6,13.314285714285717,0,2,8,10,7,12.875,0,0,1,0,0.8571428571428571,0.875,1.4285714285714286,1.25,2,True,False,False,True,False,False,True,False,False,True,False,False,False,False,True,False,False,False,True,False,False,False,False,False,True,True,False
-0.5540677512436588,2.3801520105657583,2.4876364102579545,-0.6939730878554988,0,6,0,0,0.0,0,0,6,0,0,0.0,0,0,1,0,0.0,0.0,0.0,0.0,0,True,False,False,False,False,True,False,False,False,False,False,False,False,False,False,False,True,False,False,False,True,False,False,False,True,False,False
1.7296549799693344,-1.4873398152916937,-1.3520460802375398,-0.562167955812708,0,6,6,6,12.166666666666666,0,0,6,6,6,12.166666666666666,0,0,1,0,1.0,1.0,1.0,1.0,2,True,False,False,False,False,False,False,False,False,False,False,False,False,False,False,False,False,False,False,False,False,False,True,False,True,True,False
-0.5540677512436588,-0.8048412577874374,-0.8755387208055456,-0.4303628237699172,0,6,12,4,11.25,0,0,6,12,3,11.333333333333334,0,0,1,1,0.6666666666666666,0.5,2.0,2.0,0,True,False,False,False,False,False,False,False,False,False,False,False,False,False,False,False,False,False,False,False,False,False,True,False,False,True,False
-0.5540677512436588,1.3184875877813598,0.9545257755637109,-0.562167955812708,1,6,6,5,12.4,0,0,6,8,6,12.75,0,0,0,0,0.8333333333333334,1.0,1.0,1.3333333333333333,1,True,False,False,False,False,True,False,True,False,False,True,False,True,False,False,True,False,False,False,True,False,False,False,False,True,False,False
0.2071731591606723,0.18098999194093274,-0.04683026961946761,-0.4303628237699172,0,6,6,6,14.666666666666666,0,0,6,7,6,14.571428571428571,0,0,1,0,1.0,1.0,1.0,1.1666666666666667,2,True,False,False,False,False,True,False,False,False,False,False,False,False,False,True,False,False,False,True,False,False,False,True,False,True,True,False
-0.5540677512436588,0.03690696313447821,-1.1724925824805565,0.6240782325724092,0,6,15,4,12.0,0,0,6,14,4,12.0,0,1,0,0,0.6666666666666666,0.6666666666666666,2.5,2.3333333333333335,0,True,False,False,True,False,False,False,True,False,False,True,False,False,False,False,True,False,False,False,False,False,False,False,False,True,False,False
0.2071731591606723,-0.8048412577874374,-0.0537361733793512,-0.562167955812708,0,6,8,6,14.0,0,0,6,18,3,12.666666666666666,0,0,1,0,1.0,0.5,1.3333333333333333,3.0,2,True,False,False,True,False,False,False,False,False,False,False,False,False,False,False,False,False,False,False,False,False,False,False,False,True,False,False
-0.5540677512436588,0.5601558572210751,0.8992785454846383,-0.16675255968433558,0,6,10,6,12.571428571428571,0,0,6,12,4,13.666666666666666,0,0,1,0,1.0,0.6666666666666666,1.6666666666666667,2.0,1,True,False,False,False,False,True,False,True,False,True,False,False,False,False,True,False,False,False,True,False,False,False,False,False,True,False,False
-0.5540677512436588,0.40848951110901816,-0.27472509369563886,-0.562167955812708,1,6,14,6,15.538461538461538,0,0,6,9,6,12.625,0,0,0,0,1.0,1.0,2.3333333333333335,1.5,2,True,False,False,True,False,False,False,False,False,False,False,False,True,False,False,False,False,False,False,True,False,False,True,False,True,False,False
0.9684140695650034,-0.19817587333920963,2.073282184664915,-0.6939730878554988,0,6,0,0,0.0,0,0,6,0,0,0.0,0,0,1,1,0.0,0.0,0.0,0.0,0,True,False,False,False,False,True,False,False,False,False,False,False,False,False,True,False,False,False,True,False,False,False,True,False,False,False,False
-0.5540677512436588,1.849319799173559,1.5691512101933838,-0.6939730878554988,0,6,6,6,15.0,0,0,6,6,6,14.833333333333334,0,0,0,0,1.0,1.0,1.0,1.0,2,True,False,False,False,False,True,True,False,False,False,True,False,True,False,False,True,False,False,False,True,False,False,True,False,True,False,False
-0.5540677512436588,0.5601558572210751,0.8992785454846383,-0.16675255968433558,0,5,11,4,12.25,0,0,5,9,5,13.285714285714286,0,0,0,0,0.8,1.0,2.2,1.8,2,True,False,False,False,False,True,False,True,False,False,True,False,False,False,False,True,False,False,False,True,False,False,True,False,True,False,False
-0.5540677512436588,2.8351510489019294,2.971049673449833,-0.4303628237699172,7,11,13,11,15.692307692307692,0,4,9,9,9,15.555555555555555,0,0,1,0,1.0,1.0,1.1818181818181819,1.0,2,True,False,False,True,False,False,True,False,False,True,False,False,False,False,True,False,False,False,False,False,False,False,False,False,True,False,False
-0.5540677512436588,1.3184875877813598,0.22249997701600713,0.09685770440124603,0,5,7,5,12.285714285714286,0,0,5,9,5,12.75,1,1,1,0,1.0,1.0,1.4,1.8,2,True,False,True,False,False,False,False,True,False,False,False,False,False,False,False,False,False,False,False,False,False,False,False,False,True,True,False
-0.5540677512436588,1.015154895557246,0.588512876289859,-0.16675255968433558,12,17,19,12,11.833333333333334,0,10,17,22,11,11.25,0,0,1,1,0.7058823529411765,0.6470588235294118,1.1176470588235294,1.2941176470588236,1,True,False,False,False,False,True,False,False,False,False,False,False,False,False,False,False,False,False,False,False,False,False,True,True,True,False,False
-0.5540677512436588,-0.9565076038994943,-0.5993025704101862,-0.4303628237699172,2,6,6,6,12.166666666666666,0,0,6,7,5,14.0,0,0,1,0,1.0,0.8333333333333334,1.0,1.1666666666666667,1,True,False,True,False,False,True,False,True,False,False,False,False,False,False,True,False,False,False,True,False,False,False,False,False,True,False,False
-0.5540677512436588,-1.1081739500115513,-0.7374206456078659,-0.4303628237699172,0,7,10,7,11.88888888888889,0,0,8,10,8,11.95625,0,0,1,0,1.0,1.0,1.4285714285714286,1.25,2,True,False,False,True,False,False,False,False,False,False,False,False,False,False,False,False,False,False,False,False,False,False,True,False,True,True,False
-0.5540677512436588,-0.9565076038994943,-0.48190220649215837,1.546714156871945,0,6,0,0,0.0,0,0,6,0,0,0.0,0,1,1,1,0.0,0.0,0.0,0.0,0,False,False,True,False,False,True,True,False,True,False,False,False,False,False,False,False,False,False,False,False,False,False,False,False,False,False,False
-0.5540677512436588,1.6218202800054737,1.914446398187583,-0.6939730878554988,0,5,6,5,11.8,0,0,5,5,5,12.6,0,0,1,0,1.0,1.0,1.2,1.0,2,True,False,False,False,False,False,False,False,False,False,False,False,False,False,True,False,False,False,False,False,False,False,False,False,True,True,False
0.2071731591606723,0.48432268416504665,0.3951475710131067,-0.562167955812708,0,6,7,6,11.166666666666666,0,0,6,9,6,11.666666666666666,0,0,0,0,1.0,1.0,1.1666666666666667,1.5,2,True,False,False,False,False,True,False,False,False,False,True,False,True,False,False,True,False,False,False,True,False,False,True,False,True,False,False
-0.5540677512436588,0.25682316499696123,0.2639353995753126,-0.6939730878554988,0,7,7,7,14.05714285714286,0,0,8,9,8,14.6,0,0,0,0,1.0,1.0,1.0,1.125,2,True,False,False,True,False,False,False,False,False,False,True,False,True,False,False,True,False,False,False,True,False,False,False,False,True,False,False
0.2071731591606723,-0.19817587333920963,-0.29544280497529063,-0.6939730878554988,0,6,10,4,11.75,0,0,6,13,4,10.0,0,0,1,0,0.6666666666666666,0.6666666666666666,1.6666666666666667,2.1666666666666665,0,True,False,False,False,False,False,False,False,False,False,False,False,False,False,True,False,False,False,False,False,False,False,True,False,True,False,False
-0.5540677512436588,0.03690696313447821,0.20868816949623997,1.0194936287007816,0,6,6,6,13.166666666666666,0,0,6,8,6,13.0,0,1,0,0,1.0,1.0,1.0,1.3333333333333333,1,False,False,False,False,False,True,False,True,False,False,False,False,True,False,True,False,False,False,False,False,False,False,False,False,True,False,False
-0.5540677512436588,0.02932364582887579,-0.23328967113633534,-0.562167955812708,0,6,7,6,13.5,0,0,6,7,6,14.0,0,0,1,0,1.0,1.0,1.1666666666666667,1.1666666666666667,2,True,False,False,False,False,True,False,False,False,False,False,False,False,False,True,False,False,False,False,False,False,False,False,False,True,True,False
-0.5540677512436588,0.7876553763891605,-0.7236088380880977,-0.4303628237699172,0,7,10,7,12.625,0,0,8,8,8,13.0625,0,0,1,0,1.0,1.0,1.4285714285714286,1.0,2,True,False,False,True,False,False,False,False,False,False,False,False,False,False,True,False,False,False,False,False,False,False,True,False,True,True,False
0.9684140695650034,-1.1840071230675797,-1.0965276411218332,-0.2985576917271264,0,6,0,0,0.0,0,0,6,0,0,0.0,0,0,1,0,0.0,0.0,0.0,0.0,0,True,False,False,True,False,False,False,False,False,False,False,False,False,False,True,False,False,False,False,False,False,False,False,False,True,False,False
0.9684140695650034,0.9393217225012175,0.6437601063689317,-0.6939730878554988,0,8,8,7,13.971428571428572,0,0,8,8,7,13.971428571428572,0,0,1,0,0.875,0.875,1.0,1.0,2,True,False,False,True,False,False,False,False,False,False,False,False,False,False,False,False,False,False,False,False,False,False,True,False,True,True,False
2.4908958903736655,0.10515681888490426,0.1948763619764728,-0.6939730878554988,0,6,7,2,11.0,0,0,6,0,0,0.0,0,0,1,0,0.3333333333333333,0.0,1.1666666666666667,0.0,0,True,False,False,False,False,True,False,False,False,False,False,False,False,False,True,False,False,False,False,False,False,False,True,False,True,False,False
-0.5540677512436588,2.8351510489019294,0.5332656462107864,1.2831038927863632,0,5,5,5,12.8,0,0,5,6,5,15.333333333333334,0,1,1,0,1.0,1.0,1.0,1.2,2,False,False,True,False,False,False,False,True,False,False,False,False,False,False,True,False,False,False,False,False,False,False,False,False,True,False,False
0.2071731591606723,0.7876553763891605,0.33299443717415245,-0.6939730878554988,0,6,8,6,13.571428571428571,0,0,6,6,5,12.8,0,0,1,0,1.0,0.8333333333333334,1.3333333333333333,1.0,1,True,False,False,False,False,False,False,False,False,False,False,False,False,False,False,False,False,False,False,False,False,False,True,False,True,True,False
-0.5540677512436588,0.5601558572210751,-0.012300750820047694,-0.6939730878554988,0,0,0,0,0.0,0,0,0,0,0,0.0,0,0,1,1,0.0,0.0,0.0,0.0,0,True,False,False,False,False,True,False,False,False,False,False,False,False,False,False,False,False,False,False,False,False,False,True,False,False,True,False
-0.5540677512436588,-0.12234270028318116,0.25702949581542706,-0.2985576917271264,0,5,9,2,11.5,0,0,5,13,4,11.0,1,0,1,1,0.4,0.8,1.8,2.6,1,True,False,False,True,False,False,False,False,False,False,False,False,False,False,False,False,False,False,False,False,False,False,False,True,True,False,False
0.9684140695650034,-1.3356734691796368,-1.1863043900003247,-0.562167955812708,0,6,8,4,11.25,0,0,6,8,4,12.0,0,0,1,0,0.6666666666666666,0.6666666666666666,1.3333333333333333,1.3333333333333333,1,True,False,False,False,False,False,False,False,False,False,False,False,False,False,True,False,False,False,True,False,False,False,True,False,True,False,False
-0.5540677512436588,-0.19817587333920963,0.4780184161317157,0.6240782325724092,0,5,7,5,13.714285714285714,0,0,5,7,5,13.142857142857142,0,1,0,0,1.0,1.0,1.4,1.4,2,True,False,True,False,False,False,True,False,True,False,True,False,False,False,False,True,False,False,False,True,False,False,False,False,True,False,False
-0.5540677512436588,-0.19817587333920963,-1.1793984862404403,0.7558833646152,0,4,4,0,0.0,0,0,5,0,0,0.0,0,1,1,1,0.0,0.0,1.0,0.0,0,False,False,False,False,False,False,False,True,False,False,False,False,False,False,False,False,False,False,False,False,False,False,False,False,False,False,False
-0.5540677512436588,2.0768193183416446,2.280459297461435,1.6785192889147356,2,6,9,6,12.0,0,1,6,8,3,14.666666666666666,0,1,1,1,1.0,0.5,1.5,1.3333333333333333,0,True,False,False,False,False,True,True,False,False,True,False,False,False,False,False,True,False,False,False,True,False,False,True,True,False,False,False
-0.5540677512436588,0.03690696313447821,-1.414199214076496,1.1512987607435725,0,6,7,6,12.666666666666666,0,0,6,7,6,13.333333333333334,0,1,1,0,1.0,1.0,1.1666666666666667,1.1666666666666667,2,True,False,True,False,False,True,False,True,False,False,False,False,False,False,False,False,False,False,False,False,False,False,False,False,True,True,False
-0.5540677512436588,-0.19817587333920963,-0.48190220649215837,0.22866283644403682,0,8,11,7,13.29,3,0,8,11,7,13.29,3,1,1,0,0.875,0.875,1.375,1.375,1,True,False,False,True,False,False,False,True,False,False,False,False,False,False,True,False,False,False,False,False,False,False,True,False,True,True,False
-0.5540677512436588,0.5601558572210751,-1.3244224651980046,1.2831038927863632,8,10,15,8,10.375,0,7,10,13,9,10.444444444444445,0,1,1,0,0.8,0.9,1.5,1.3,1,False,False,True,False,False,False,False,True,False,False,False,False,False,False,False,True,False,False,False,False,False,False,False,False,True,False,False
-0.5540677512436588,0.03690696313447821,-1.863082958468955,1.414909024829154,3,7,13,3,12.0,0,2,7,15,1,13.0,1,1,1,1,0.42857142857142855,0.14285714285714285,1.8571428571428572,2.142857142857143,0,False,False,True,False,False,True,False,True,False,False,False,False,False,False,False,False,True,False,False,False,True,False,False,False,False,False,False
-0.5540677512436588,1.3184875877813598,-0.999844988483457,1.2831038927863632,0,6,10,5,11.4,0,1,6,7,6,11.166666666666666,0,1,1,0,0.8333333333333334,1.0,1.6666666666666667,1.1666666666666667,2,False,False,True,False,False,True,False,True,False,False,False,False,False,False,False,False,True,False,False,False,True,False,False,False,True,False,False
-0.5540677512436588,0.5601558572210751,0.588512876289859,0.7558833646152,0,5,15,2,13.25,0,0,5,12,3,12.6,3,1,1,1,0.4,0.6,3.0,2.4,0,True,False,True,False,False,False,False,True,False,False,False,False,False,False,False,False,False,False,False,False,False,False,False,True,False,False,False
-0.5540677512436588,0.9393217225012175,1.2445737334788374,-0.6939730878554988,0,7,7,6,13.861666666666666,0,0,8,16,0,0.0,1,0,1,0,0.8571428571428571,0.0,1.0,2.0,0,True,False,False,True,False,False,False,False,False,False,False,False,False,False,True,False,False,False,False,False,False,False,False,False,True,False,False
-0.5540677512436588,-0.5015085655633235,-0.5509612440909982,-0.6939730878554988,0,6,6,6,12.166666666666666,0,0,6,7,6,12.142857142857142,0,0,1,0,1.0,1.0,1.0,1.1666666666666667,2,True,False,False,False,False,True,False,False,False,False,False,False,False,False,False,False,False,False,False,False,False,False,False,False,True,True,False
-0.5540677512436588,-0.19817587333920963,0.20868816949623997,1.9421295530003173,0,6,17,4,13.75,0,0,6,15,6,14.5,0,1,1,0,0.6666666666666666,1.0,2.8333333333333335,2.5,2,False,False,False,False,False,True,True,False,True,False,False,False,False,False,True,False,False,False,True,False,False,False,False,False,True,False,False
1.7296549799693344,0.18098999194093274,-0.04683026961946761,-0.562167955812708,0,7,7,6,15.433333333333332,0,0,7,7,6,15.433333333333332,0,0,1,0,0.8571428571428571,0.8571428571428571,1.0,1.0,2,True,False,False,True,False,False,False,False,False,False,False,False,False,False,False,False,False,False,False,False,False,False,True,False,True,True,False
-0.5540677512436588,0.03690696313447821,-0.9307859508846172,2.073934685043108,0,6,6,6,13.833333333333334,0,0,6,6,6,15.5,0,1,1,0,1.0,1.0,1.0,1.0,2,False,False,True,False,False,True,False,True,False,False,False,False,False,False,False,False,False,False,False,False,False,False,False,False,True,True,False
-0.5540677512436588,-0.9565076038994943,-0.48190220649215837,1.8103244209575264,7,14,21,12,11.833333333333334,0,11,12,15,11,11.363636363636363,0,1,1,0,0.8571428571428571,0.9166666666666666,1.5,1.25,2,True,False,True,False,False,False,False,True,True,False,False,False,False,False,False,False,False,False,False,False,False,False,False,False,True,False,False
0.2071731591606723,-0.9565076038994943,-1.082715833602065,1.1512987607435725,0,7,7,0,0.0,0,0,8,8,0,0.0,0,1,1,0,0.0,0.0,1.0,1.0,0,True,False,False,True,False,False,False,False,False,False,False,False,False,False,True,False,False,False,True,False,False,False,True,False,True,False,False
-0.5540677512436588,1.0909880686132745,0.22249997701600713,-0.6939730878554988,0,1,1,0,0.0,1,0,6,0,0,0.0,0,0,1,0,0.0,0.0,1.0,0.0,0,True,False,False,False,False,True,False,False,False,False,False,False,False,False,True,False,False,False,False,False,True,False,False,False,True,False,False
-0.5540677512436588,1.2426544147253313,0.9130903530044054,-0.4303628237699172,1,7,9,7,12.333333333333334,0,0,8,8,8,12.625,0,0,1,0,1.0,1.0,1.2857142857142858,1.0,1,True,False,False,True,False,False,False,True,False,False,False,False,False,False,True,False,False,False,False,False,False,False,True,False,True,False,False
2.4908958903736655,-0.6531749116753804,-0.9031623358450809,-0.4303628237699172,0,6,6,6,11.166666666666666,0,0,6,6,6,12.166666666666666,0,0,1,0,1.0,1.0,1.0,1.0,2,True,False,False,False,False,True,False,False,False,False,False,False,False,False,False,False,False,False,False,False,False,False,True,False,True,False,False
-0.5540677512436588,0.03690696313447821,-1.9321419960677948,-0.034947427641544786,0,6,6,6,14.666666666666666,0,0,6,8,6,12.428571428571429,0,0,1,0,1.0,1.0,1.0,1.3333333333333333,2,True,False,False,True,False,False,False,False,False,False,False,False,False,False,False,False,False,False,False,False,False,False,True,False,True,True,False
0.2071731591606723,-0.577341738619352,-0.20566605609679903,-0.562167955812708,0,5,5,5,11.2,0,0,5,11,4,11.75,0,0,1,0,1.0,0.8,1.0,2.2,1,True,False,False,False,False,False,False,False,False,False,False,False,False,False,True,False,False,False,False,False,False,False,True,False,True,False,False
-0.5540677512436588,0.6359890302771035,0.8233136041259148,-0.6939730878554988,0,6,9,6,13.714285714285714,0,0,6,6,6,14.166666666666666,0,0,1,0,1.0,1.0,1.5,1.0,2,True,False,False,False,False,True,False,False,False,False,False,False,False,False,False,False,False,False,False,False,False,False,False,False,True,False,False
-0.5540677512436588,-0.12234270028318116,0.20868816949623997,-0.562167955812708,0,5,5,5,12.8,0,0,5,10,5,11.444444444444445,0,0,1,0,1.0,1.0,1.0,2.0,2,True,True,False,False,False,False,False,False,False,False,False,False,False,False,False,False,False,False,False,False,False,False,True,False,True,False,False
1.7296549799693344,-1.1081739500115513,-0.4266549764130867,-0.4303628237699172,0,6,9,4,13.25,0,0,6,11,5,11.8,0,0,1,0,0.6666666666666666,0.8333333333333334,1.5,1.8333333333333333,2,True,False,False,False,False,True,False,False,False,False,False,False,False,False,True,False,False,False,False,False,False,False,True,False,True,False,False
3.2521368007779965,-0.2740090463952381,0.05675828677879213,-0.562167955812708,0,8,10,6,13.78,1,0,8,10,6,13.78,1,0,1,0,0.75,0.75,1.25,1.25,0,True,False,False,True,False,False,False,False,False,False,False,False,False,False,False,False,False,False,False,False,False,False,True,False,True,False,False
0.9684140695650034,0.25682316499696123,-0.06754798089911936,-0.562167955812708,0,8,8,7,15.11,0,0,8,8,7,15.11,0,0,1,0,0.875,0.875,1.0,1.0,2,True,False,False,True,False,False,False,False,False,False,False,False,False,False,True,False,False,False,True,False,False,False,True,False,True,False,False
0.2071731591606723,0.10515681888490426,-0.06754798089911936,-0.6939730878554988,0,6,10,4,11.0,0,0,6,8,5,11.2,0,0,1,0,0.6666666666666666,0.8333333333333334,1.6666666666666667,1.3333333333333333,2,True,False,False,False,False,True,False,False,False,False,False,False,False,False,True,False,False,False,True,False,False,False,False,False,True,False,False
-0.5540677512436588,1.5459871069494453,0.7956899890863786,-0.4303628237699172,0,8,8,7,15.798571428571426,0,0,8,8,7,15.798571428571426,0,0,1,0,0.875,0.875,1.0,1.0,2,True,False,False,True,False,False,False,False,False,False,False,False,False,False,False,False,False,False,True,False,False,False,True,False,True,True,False
0.9684140695650034,-1.0323407769555228,-0.5233376290514619,-0.4303628237699172,0,7,7,7,13.775714285714288,0,0,8,8,8,15.599999999999998,0,0,1,0,1.0,1.0,1.0,1.0,2,True,False,False,True,False,False,False,False,False,False,False,False,False,False,False,False,False,False,False,False,False,False,True,False,True,False,False
-0.5540677512436588,0.5601558572210751,-1.7594944020706953,0.09685770440124603,0,8,11,7,12.16,0,0,8,11,7,12.16,0,1,1,0,0.875,0.875,1.375,1.375,2,False,False,False,True,False,False,False,True,False,False,False,False,False,False,False,False,False,False,False,False,False,False,True,False,True,False,False
0.2071731591606723,0.03690696313447821,-1.7594944020706953,0.09685770440124603,0,7,0,0,0.0,0,0,7,0,0,0.0,0,1,1,0,0.0,0.0,0.0,0.0,0,False,False,False,True,False,False,False,True,False,False,False,False,False,False,False,False,False,False,False,False,False,False,True,False,True,False,False
0.2071731591606723,-0.19817587333920963,-0.0537361733793512,-0.4303628237699172,0,6,6,6,14.333333333333334,0,0,6,6,6,15.5,0,0,0,0,1.0,1.0,1.0,1.0,2,True,False,False,False,False,True,False,False,False,False,True,False,False,False,False,True,False,False,False,False,False,False,True,False,True,False,False
0.9684140695650034,-0.3498422194512666,0.1948763619764728,-0.4303628237699172,0,6,6,6,11.833333333333334,0,0,6,6,3,13.333333333333334,0,0,1,0,1.0,0.5,1.0,1.0,1,True,False,False,False,False,True,False,False,False,False,False,False,False,False,False,True,False,False,False,True,False,False,True,False,True,False,False
-0.5540677512436588,0.9393217225012175,0.7887840853264949,-0.6939730878554988,0,6,7,6,14.833333333333334,0,0,6,8,6,12.5,0,0,1,1,1.0,1.0,1.1666666666666667,1.3333333333333333,1,True,False,False,True,False,False,False,False,False,False,False,False,False,False,False,True,False,False,False,False,False,False,True,False,False,False,False
-0.5540677512436588,1.015154895557246,0.16034684317705286,-0.6939730878554988,0,8,8,7,14.2,0,0,8,8,7,14.2,0,0,1,0,0.875,0.875,1.0,1.0,2,True,False,False,True,False,False,False,False,False,False,False,False,False,False,False,False,False,False,False,False,False,False,False,False,True,False,False
-0.5540677512436588,-1.0323407769555228,-0.9584095659241536,-0.2985576917271264,0,5,6,5,12.2,0,0,5,5,5,13.2,0,0,0,0,1.0,1.0,1.2,1.0,2,True,False,False,True,False,False,False,False,False,False,True,False,False,False,True,False,False,False,False,True,False,False,True,False,True,False,False
-0.5540677512436588,2.0768193183416446,1.1962324071596504,-0.6939730878554988,0,6,10,4,13.0,0,0,6,9,5,13.666666666666666,0,0,1,0,0.6666666666666666,0.8333333333333334,1.6666666666666667,1.5,2,True,False,False,False,False,True,False,False,False,False,False,False,False,False,True,False,False,False,False,False,False,False,True,False,True,False,False
2.4908958903736655,0.8634885494451889,0.9683375830834781,-0.562167955812708,0,8,8,7,12.485714285714286,0,0,8,8,7,12.485714285714286,0,0,1,0,0.875,0.875,1.0,1.0,2,True,False,False,True,False,False,False,False,False,False,False,False,False,False,True,False,False,False,False,True,False,False,True,False,True,True,False
-0.5540677512436588,-0.19817587333920963,0.20868816949623997,-0.16675255968433558,0,6,7,6,17.0,0,0,6,7,6,16.285714285714285,0,0,1,0,1.0,1.0,1.1666666666666667,1.1666666666666667,2,True,False,False,True,False,False,True,False,True,False,False,False,False,False,True,False,False,False,True,False,False,False,True,False,True,False,False
0.9684140695650034,-0.8048412577874374,-0.6545498004892579,-0.562167955812708,0,6,7,5,10.8,0,0,6,9,6,10.166666666666666,0,0,1,0,0.8333333333333334,1.0,1.1666666666666667,1.5,2,True,False,False,False,False,True,False,False,False,False,False,False,False,False,False,False,False,False,False,False,False,False,True,False,True,False,False
0.9684140695650034,1.5459871069494453,0.33299443717415245,-0.6939730878554988,0,7,7,6,14.716666666666669,0,0,7,7,6,14.716666666666669,0,0,1,0,0.8571428571428571,0.8571428571428571,1.0,1.0,2,True,False,False,True,False,False,False,False,False,False,False,False,False,False,False,False,False,False,False,False,False,False,True,False,True,False,True
-0.5540677512436588,1.0909880686132745,0.46420660861194657,-0.562167955812708,0,5,10,2,13.5,0,0,5,11,5,11.4,1,0,1,0,0.4,1.0,2.0,2.2,1,True,False,False,True,False,False,False,False,False,False,False,False,False,False,False,False,False,False,True,False,False,False,True,False,True,True,False
-0.5540677512436588,-0.8806744308434659,-0.7995737794468212,0.09685770440124603,0,8,8,7,11.971428571428572,0,0,8,8,7,11.971428571428572,0,1,1,0,0.875,0.875,1.0,1.0,1,True,False,False,True,False,False,False,True,False,False,False,False,False,False,True,False,False,False,True,False,False,False,True,False,True,True,False
0.9684140695650034,0.10515681888490426,0.1465350356572837,-0.562167955812708,0,5,7,3,12.0,0,0,5,7,4,13.5,0,0,1,0,0.6,0.8,1.4,1.4,1,True,False,False,True,False,False,False,False,False,False,False,False,False,False,False,False,False,False,True,False,False,False,False,False,True,False,False
-0.5540677512436588,0.02932364582887579,0.588512876289859,1.414909024829154,0,6,7,6,12.333333333333334,0,0,6,6,6,11.666666666666666,0,1,1,0,1.0,1.0,1.1666666666666667,1.0,2,True,False,True,False,False,True,False,False,False,False,False,False,False,False,True,False,False,False,False,True,False,False,False,False,True,False,False
2.4908958903736655,-1.1081739500115513,-1.0067508922433406,-0.562167955812708,0,12,22,6,15.307692307692308,0,0,10,13,6,13.875,0,0,1,0,0.5,0.6,1.8333333333333333,1.3,2,True,False,False,True,False,False,False,False,False,False,False,False,False,False,False,False,False,False,False,False,False,False,True,False,True,False,False
-0.5540677512436588,0.33265633805298966,0.2639353995753126,-0.6939730878554988,0,7,7,6,12.666666666666666,0,0,7,7,6,12.666666666666666,0,0,1,0,0.8571428571428571,0.8571428571428571,1.0,1.0,2,True,False,False,True,False,False,False,False,False,False,False,False,False,False,False,False,False,False,False,False,False,False,True,False,True,True,False
2.4908958903736655,0.7876553763891605,0.3191826296543833,-0.562167955812708,0,7,10,7,14.368,0,0,8,8,8,14.44875,0,0,1,0,1.0,1.0,1.4285714285714286,1.0,2,True,False,False,True,False,False,False,False,False,False,False,False,False,False,False,False,False,False,True,False,False,False,True,False,True,True,False
-0.5540677512436588,-0.7290080847314089,0.9545257755637109,0.22866283644403682,0,8,8,7,12.084285714285716,0,0,8,8,7,12.084285714285716,0,1,1,0,0.875,0.875,1.0,1.0,2,True,False,False,True,False,False,False,True,False,False,False,False,False,False,False,True,False,False,False,True,False,False,False,False,True,False,False
-0.5540677512436588,0.5601558572210751,0.8992785454846383,-0.2985576917271264,7,12,18,8,12.25,0,4,12,27,8,12.2,0,0,0,0,0.6666666666666666,0.6666666666666666,1.5,2.25,1,True,False,False,True,False,False,True,False,False,True,True,False,False,False,False,True,False,False,False,False,False,False,True,False,True,False,False
-0.5540677512436588,-1.1081739500115513,-0.8824446245654292,-0.6939730878554988,0,6,10,5,12.2,0,0,6,10,5,11.6,0,0,1,0,0.8333333333333334,0.8333333333333334,1.6666666666666667,1.6666666666666667,1,True,False,False,False,False,False,False,False,False,False,False,False,False,False,False,False,False,False,False,False,False,False,False,False,True,False,False
-0.5540677512436588,0.7118222033331321,0.022228767979372222,-0.6939730878554988,0,6,12,4,11.0,0,0,6,9,6,11.5,0,0,1,0,0.6666666666666666,1.0,2.0,1.5,2,True,False,False,False,False,True,False,False,False,False,False,False,False,False,True,False,False,False,False,False,False,False,False,False,True,True,False
-0.5540677512436588,-1.3356734691796368,-0.8271973944863575,0.6240782325724092,0,6,8,5,12.8,0,0,6,8,5,11.0,0,1,1,0,0.8333333333333334,0.8333333333333334,1.3333333333333333,1.3333333333333333,2,True,False,True,False,False,True,False,False,False,False,False,False,False,False,False,False,False,False,False,False,False,False,True,False,True,False,False
-0.5540677512436588,-0.12234270028318116,-0.5647730516107663,-0.6939730878554988,0,8,8,7,11.857142857142858,0,0,8,8,7,11.857142857142858,0,0,1,0,0.875,0.875,1.0,1.0,2,False,False,False,True,False,False,False,True,False,False,False,False,False,False,True,False,False,False,True,False,False,False,False,False,True,True,False
-0.5540677512436588,-0.19817587333920963,-0.1366070184979592,2.3375449491286897,0,6,8,6,12.285714285714286,0,0,6,10,5,13.0,0,1,1,0,1.0,0.8333333333333334,1.3333333333333333,1.6666666666666667,2,False,False,False,False,False,False,False,True,False,False,False,False,False,False,False,False,False,False,False,False,False,False,False,False,True,False,False
0.2071731591606723,0.03690696313447821,-1.0689040260822968,-0.6939730878554988,0,6,11,3,12.333333333333334,0,0,6,11,4,13.5,0,0,1,0,0.5,0.6666666666666666,1.8333333333333333,1.8333333333333333,0,True,False,False,False,False,True,False,False,False,False,False,False,False,False,True,False,False,False,False,False,True,False,False,False,True,False,False
-0.5540677512436588,0.10515681888490426,-0.19185424857703087,-0.2985576917271264,0,6,11,4,11.25,0,0,6,12,4,11.4,0,0,1,0,0.6666666666666666,0.6666666666666666,1.8333333333333333,2.0,2,True,False,False,False,False,True,False,False,False,False,False,False,False,False,False,False,False,False,False,False,False,False,False,False,True,True,False
-0.5540677512436588,-0.19817587333920963,0.20868816949623997,2.3375449491286897,0,6,0,0,0.0,0,0,6,0,0,0.0,0,1,1,1,0.0,0.0,0.0,0.0,0,False,False,False,False,False,True,True,False,True,False,False,False,False,False,False,False,False,True,False,False,False,True,False,True,True,False,False
-0.5540677512436588,0.03690696313447821,-0.48190220649215837,1.1512987607435725,0,3,3,2,16.0,0,0,3,3,1,16.0,0,1,0,0,0.6666666666666666,0.3333333333333333,1.0,1.0,0,True,False,False,False,False,True,True,False,True,False,True,False,True,False,False,True,False,False,False,True,False,False,True,False,True,False,False
-0.5540677512436588,-1.4115066422356652,-1.1724925824805565,0.7558833646152,0,6,10,6,11.666666666666666,0,0,6,7,6,11.0,0,1,1,0,1.0,1.0,1.6666666666666667,1.1666666666666667,2,True,False,True,False,False,True,False,True,False,True,False,False,False,False,False,False,True,False,False,False,False,True,False,False,True,False,False
-0.5540677512436588,-0.19817587333920963,-0.9445977584043854,0.09685770440124603,0,7,15,5,12.4,0,0,8,14,7,12.15,0,1,1,0,0.7142857142857143,0.875,2.142857142857143,1.75,1,True,False,False,True,False,False,False,True,False,False,False,False,False,False,False,False,False,False,False,False,False,False,False,False,True,False,False
-0.5540677512436588,-0.3498422194512666,-0.24019557489621893,-0.16675255968433558,0,7,14,6,10.744444444444444,1,0,8,10,8,11.8375,0,0,1,0,0.8571428571428571,1.0,2.0,1.25,1,True,False,False,True,False,False,False,True,False,False,False,False,False,False,False,False,False,False,False,False,False,False,True,False,True,False,False
-0.5540677512436588,0.03690696313447821,-1.7940239208701152,-0.2985576917271264,0,6,0,0,0.0,0,0,6,0,0,0.0,0,0,1,0,0.0,0.0,0.0,0.0,0,True,False,False,False,False,True,False,False,False,False,False,False,False,False,False,True,False,False,False,True,False,False,False,False,True,False,False
-0.5540677512436588,0.03690696313447821,-0.4197490726532021,2.073934685043108,0,7,12,4,12.0,0,0,7,13,4,12.5625,0,1,1,0,0.5714285714285714,0.5714285714285714,1.7142857142857142,1.8571428571428572,0,False,False,False,True,False,False,False,True,False,False,False,False,False,False,False,False,False,False,False,False,False,False,True,False,True,False,False
-0.5540677512436588,0.5601558572210751,1.9075404944276995,2.732960345257062,0,6,12,4,12.75,0,0,6,15,2,10.0,0,1,1,1,0.6666666666666666,0.3333333333333333,2.0,2.5,1,False,False,False,True,False,False,False,True,False,False,False,False,False,False,False,False,False,False,False,False,False,False,False,False,False,True,False
-0.5540677512436588,-1.1840071230675797,-0.4680903989723902,-0.4303628237699172,0,5,9,2,10.0,0,0,5,10,2,11.0,0,0,1,0,0.4,0.4,1.8,2.0,1,True,False,False,False,False,False,False,False,False,False,False,False,False,False,False,False,False,False,False,False,False,False,True,False,True,False,False
0.9684140695650034,0.48432268416504665,1.348162289877097,-0.2985576917271264,11,14,26,12,13.417391304347827,1,11,14,26,12,13.417391304347827,1,0,1,0,0.8571428571428571,0.8571428571428571,1.8571428571428572,1.8571428571428572,2,True,False,False,True,False,False,False,True,False,False,False,False,False,False,False,False,False,False,False,False,False,False,False,False,True,False,False
-0.5540677512436588,2.000986145285616,2.2873652012213186,-0.6939730878554988,0,6,6,6,15.166666666666666,0,0,6,7,6,14.857142857142858,0,0,1,0,1.0,1.0,1.0,1.1666666666666667,2,True,False,False,False,False,True,False,False,False,False,False,False,False,False,False,False,True,False,False,False,False,False,True,False,True,False,False
-0.5540677512436588,0.5601558572210751,1.5898689214730366,1.414909024829154,0,6,10,5,13.833333333333334,0,0,6,13,5,12.5,0,1,1,1,0.8333333333333334,0.8333333333333334,1.6666666666666667,2.1666666666666665,2,True,False,False,False,False,True,False,True,False,False,False,False,False,False,True,False,False,False,True,False,False,False,False,True,True,False,False
0.9684140695650034,0.5601558572210751,0.6092305875695118,-0.6939730878554988,0,5,6,5,13.333333333333334,0,0,5,7,4,14.8,0,0,1,0,1.0,0.8,1.2,1.4,2,True,False,False,True,False,False,False,False,False,False,False,False,False,False,False,False,False,True,False,False,False,True,True,False,True,False,False
-0.5540677512436588,0.18098999194093274,1.1617028883602305,-0.562167955812708,0,0,0,0,0.0,0,0,0,0,0,0.0,0,0,0,1,0.0,0.0,0.0,0.0,1,True,False,False,False,False,True,False,False,False,False,False,False,True,False,False,False,False,False,False,True,False,False,True,True,True,False,False
-0.5540677512436588,-0.8806744308434659,-0.702891126808446,-0.6939730878554988,0,6,11,3,11.666666666666666,0,0,6,11,3,10.666666666666666,0,0,1,0,0.5,0.5,1.8333333333333333,1.8333333333333333,0,True,False,False,False,False,True,False,False,False,False,False,False,False,False,False,False,False,False,False,False,False,False,True,False,True,False,False
2.4908958903736655,-0.6531749116753804,-0.9031623358450809,-0.562167955812708,0,6,12,5,15.0,0,0,6,9,6,13.428571428571429,0,0,0,0,0.8333333333333334,1.0,2.0,1.5,2,True,False,False,True,False,False,False,False,False,False,True,False,False,False,False,True,False,False,False,True,False,False,True,False,True,False,False
0.9684140695650034,-0.12234270028318116,-0.620020281689838,-0.6939730878554988,0,8,8,7,13.242857142857144,0,0,8,8,7,13.242857142857144,0,0,1,0,0.875,0.875,1.0,1.0,1,True,False,False,True,False,False,False,False,False,False,False,False,False,False,False,False,False,False,False,False,False,False,True,False,True,True,False
2.4908958903736655,2.0768193183416446,1.6036807289928037,-0.562167955812708,0,5,13,1,13.0,0,0,5,7,2,12.5,0,0,0,0,0.2,0.4,2.6,1.4,0,True,False,False,False,False,True,False,False,False,False,True,False,False,False,False,True,False,False,False,False,False,False,True,False,True,False,False
0.2071731591606723,-0.9565076038994943,-0.8202914907264739,-0.562167955812708,0,7,8,6,13.075,0,0,8,10,7,12.05,0,0,0,0,0.8571428571428571,0.875,1.1428571428571428,1.25,2,True,False,False,True,False,False,False,False,False,False,True,False,False,False,True,False,False,False,False,False,False,False,True,False,True,True,False
-0.5540677512436588,0.5601558572210751,0.29846491837473255,-0.6939730878554988,0,6,6,6,13.5,0,0,6,9,6,13.666666666666666,0,0,1,0,1.0,1.0,1.0,1.5,2,True,False,False,False,False,False,False,False,False,False,False,False,False,False,True,False,False,False,False,False,False,False,True,False,True,True,False
-0.5540677512436588,-0.9565076038994943,-0.48190220649215837,-0.034947427641544786,2,6,8,5,11.8,0,2,6,8,6,12.333333333333334,0,0,1,0,0.8333333333333334,1.0,1.3333333333333333,1.3333333333333333,2,True,False,True,False,False,False,True,False,False,True,False,False,False,False,False,False,False,False,False,False,False,False,True,False,True,True,False
0.2071731591606723,-1.1081739500115513,-1.1517748712009048,-0.6939730878554988,0,6,7,5,12.6,0,0,6,6,5,11.8,0,0,1,1,0.8333333333333334,0.8333333333333334,1.1666666666666667,1.0,1,True,False,False,False,False,False,False,False,False,False,False,False,False,False,False,False,False,False,False,False,False,False,True,False,False,False,True
-0.5540677512436588,0.03690696313447821,-1.863082958468955,1.2831038927863632,0,6,6,6,12.166666666666666,0,0,6,9,3,11.0,0,1,0,0,1.0,0.5,1.0,1.5,0,False,False,False,False,False,True,False,True,False,False,False,False,False,True,False,False,False,True,False,False,False,True,False,False,True,False,True
0.2071731591606723,-1.6390061614037505,-1.1241512561613685,-0.562167955812708,0,6,9,6,12.166666666666666,0,0,6,9,6,11.0,0,0,1,0,1.0,1.0,1.5,1.5,2,True,False,False,False,False,True,False,False,False,False,False,False,False,False,False,False,False,False,False,False,False,False,True,False,True,False,False
0.9684140695650034,0.5601558572210751,1.1340792733206941,-0.2985576917271264,0,0,0,0,0.0,0,0,0,0,0,0.0,0,0,1,0,0.0,0.0,0.0,0.0,0,True,False,False,False,False,True,False,True,False,False,False,False,False,False,False,False,False,False,False,False,False,False,True,False,True,False,False
3.2521368007779965,-0.577341738619352,-0.7650442606474013,-0.6939730878554988,0,7,7,7,13.557142857142855,0,0,8,9,8,13.2,0,0,1,0,1.0,1.0,1.0,1.125,2,True,False,False,True,False,False,False,False,False,False,False,False,False,False,False,False,False,False,False,False,False,False,False,False,True,False,False
-0.5540677512436588,0.03690696313447821,1.2445737334788374,-0.2985576917271264,0,5,6,4,12.25,0,0,5,8,4,11.8,0,0,1,0,0.8,0.8,1.2,1.6,1,True,False,True,False,False,False,False,False,False,False,False,False,False,False,True,False,False,False,True,False,False,False,False,False,True,True,False
0.2071731591606723,0.25682316499696123,0.9614316793235945,-0.562167955812708,0,6,6,6,14.333333333333334,0,0,6,6,6,13.5,0,0,1,0,1.0,1.0,1.0,1.0,2,True,False,False,False,False,True,False,False,False,False,False,False,False,False,True,False,False,False,False,False,False,False,True,False,True,False,False
0.2071731591606723,-1.3356734691796368,-1.2829870426387,-0.4303628237699172,0,6,10,4,10.5,0,0,6,8,4,11.75,0,0,1,0,0.6666666666666666,0.6666666666666666,1.6666666666666667,1.3333333333333333,2,True,False,False,False,False,True,False,False,False,False,False,False,False,False,False,False,True,False,True,False,False,False,True,False,True,False,False
-0.5540677512436588,-1.2598402961236081,-0.8755387208055456,-0.4303628237699172,0,4,8,0,0.0,0,0,4,8,0,0.0,0,0,1,0,0.0,0.0,2.0,2.0,0,True,False,False,False,False,True,False,False,False,False,False,False,False,False,False,False,True,False,True,False,False,False,True,False,True,False,False
2.4908958903736655,-1.714839334459779,-1.1724925824805565,-0.4303628237699172,0,6,10,4,12.75,0,0,6,14,3,11.333333333333334,0,0,1,0,0.6666666666666666,0.5,1.6666666666666667,2.3333333333333335,1,True,False,False,False,False,True,False,False,False,False,False,False,False,False,False,False,False,False,False,False,False,False,True,False,True,False,False
-0.5540677512436588,0.18098999194093274,-0.36450184257413043,-0.6939730878554988,0,6,14,0,0.0,0,0,6,9,4,11.0,0,0,1,0,0.0,0.6666666666666666,2.3333333333333335,1.5,1,True,False,False,False,False,True,False,False,False,False,False,False,False,False,True,False,False,False,False,False,False,False,True,False,True,True,False
0.2071731591606723,-0.12234270028318116,-0.22638376737645077,-0.6939730878554988,0,5,10,1,14.0,0,0,5,10,1,14.0,0,0,1,0,0.2,0.2,2.0,2.0,1,True,False,False,False,False,False,False,True,False,False,False,False,False,False,True,False,False,False,False,False,False,False,True,False,True,False,False
0.2071731591606723,-0.6531749116753804,-0.7236088380880977,-0.4303628237699172,0,7,9,7,14.093333333333332,0,0,8,8,8,15.0,0,0,1,0,1.0,1.0,1.2857142857142858,1.0,2,True,False,False,True,False,False,False,False,False,False,False,False,False,False,False,False,False,False,False,False,False,False,True,False,True,True,False
-0.5540677512436588,2.30431883750973,1.9351641094672356,-0.2985576917271264,0,6,6,6,13.333333333333334,0,0,6,8,6,13.166666666666666,0,0,1,0,1.0,1.0,1.0,1.3333333333333333,2,True,False,False,False,False,True,False,False,False,False,False,False,False,False,True,False,False,False,False,False,False,False,False,False,True,True,False
-0.5540677512436588,0.33265633805298966,0.16034684317705286,-0.562167955812708,0,8,12,7,12.071428571428571,0,0,8,12,7,12.071428571428571,0,0,1,0,0.875,0.875,1.5,1.5,2,True,False,False,True,False,False,False,True,False,False,False,False,False,False,False,False,False,False,True,False,False,False,True,False,True,False,False
0.9684140695650034,-0.3498422194512666,-0.36450184257413043,-0.6939730878554988,0,6,6,6,12.666666666666666,0,0,6,6,6,12.5,0,0,1,0,1.0,1.0,1.0,1.0,2,True,False,False,False,False,False,False,False,False,False,False,False,False,False,False,False,False,False,False,False,False,False,True,False,True,True,False
-0.5540677512436588,0.03690696313447821,1.465562653795124,0.4922731005296184,0,6,11,6,12.125,0,0,6,16,5,12.0,0,1,1,1,1.0,0.8333333333333334,1.8333333333333333,2.6666666666666665,1,True,False,False,True,False,False,False,True,False,False,False,False,False,False,False,False,False,False,False,False,False,False,True,True,True,False,False
0.2071731591606723,0.03690696313447821,-0.10207749969853928,-0.2985576917271264,0,7,9,7,13.2,0,0,8,9,7,13.2575,0,0,1,0,1.0,0.875,1.2857142857142858,1.125,2,True,False,False,True,False,False,False,False,False,False,False,False,False,False,False,False,False,False,False,False,False,False,True,False,True,True,False
1.7296549799693344,1.166821241669303,0.33990034093403604,-0.6939730878554988,0,7,8,7,14.15,0,0,8,8,8,14.51125,0,0,0,0,1.0,1.0,1.1428571428571428,1.0,2,True,False,False,True,False,False,False,False,False,False,True,False,False,False,True,False,False,False,False,False,False,False,True,False,True,True,False
-0.5540677512436588,-0.425675392507295,-0.35759593881424684,-0.6939730878554988,0,6,12,4,13.5,0,0,6,14,3,10.666666666666666,0,0,1,1,0.6666666666666666,0.5,2.0,2.3333333333333335,1,True,False,False,False,False,True,False,False,False,False,False,False,False,False,True,False,False,False,False,False,False,False,True,True,True,False,False
-0.5540677512436588,-1.714839334459779,-1.331328368957888,0.6240782325724092,0,6,0,0,0.0,0,0,5,10,0,0.0,0,1,1,1,0.0,0.0,0.0,2.0,0,True,False,False,False,False,True,False,True,False,False,False,False,False,False,False,False,False,False,False,False,False,False,False,True,False,False,False
-0.5540677512436588,0.03690696313447821,-0.7926678756869375,1.6785192889147356,0,7,13,5,12.2,0,0,7,14,3,11.4,0,1,0,0,0.7142857142857143,0.42857142857142855,1.8571428571428572,2.0,0,True,False,False,True,False,False,False,True,False,False,True,False,True,False,False,True,False,False,False,True,False,False,False,False,True,False,False
-0.5540677512436588,0.9393217225012175,0.8854667379648711,-0.4303628237699172,0,5,6,5,14.8,1,0,5,6,5,14.0,0,0,1,0,1.0,1.0,1.2,1.2,2,True,False,False,True,False,False,False,False,False,False,False,False,False,False,False,False,False,False,False,False,False,False,True,False,True,False,False
-0.5540677512436588,0.25682316499696123,0.4296770898125266,-0.562167955812708,0,6,8,5,11.0,0,0,6,13,5,11.4,0,0,1,0,0.8333333333333334,0.8333333333333334,1.3333333333333333,2.1666666666666665,2,True,False,False,False,False,True,False,False,False,False,False,False,False,False,False,False,True,False,False,False,False,False,True,False,True,False,False
-0.5540677512436588,-0.12234270028318116,-0.5923966666503017,-0.4303628237699172,0,5,10,0,0.0,0,0,5,10,0,0.0,3,0,1,0,0.0,0.0,2.0,2.0,1,True,False,True,False,False,False,False,False,False,False,False,False,False,False,False,False,False,False,False,False,False,False,True,False,True,False,False
0.2071731591606723,0.40848951110901816,-0.2540073824159871,-0.562167955812708,0,5,15,3,14.0,3,0,5,10,4,11.75,1,0,1,0,0.6,0.8,3.0,2.0,1,True,False,False,True,False,False,False,False,False,False,False,False,False,False,False,False,False,False,False,False,False,False,True,False,True,False,False
-0.5540677512436588,1.3184875877813598,0.5194538386910192,0.6240782325724092,0,6,8,5,11.833333333333334,0,0,6,6,6,13.0,0,1,1,0,0.8333333333333334,1.0,1.3333333333333333,1.0,2,False,False,True,False,False,True,False,True,False,False,False,False,False,False,False,True,False,False,False,False,False,False,False,False,True,False,False
-0.5540677512436588,-1.5631729883477221,-1.131057159921253,-0.4303628237699172,0,5,7,4,11.75,0,0,5,7,5,11.8,1,0,1,0,0.8,1.0,1.4,1.4,2,True,False,False,False,False,False,False,False,False,False,False,False,False,False,False,False,False,False,False,False,True,False,False,False,True,False,False
-0.5540677512436588,1.6218202800054737,1.8661050718683958,0.6240782325724092,8,14,22,12,12.333333333333334,0,3,12,20,8,12.0,0,1,1,0,0.8571428571428571,0.6666666666666666,1.5714285714285714,1.6666666666666667,2,True,False,False,False,False,False,False,True,False,False,False,False,False,False,False,True,False,False,False,True,False,False,True,False,True,False,False
-0.5540677512436588,2.0768193183416446,2.280459297461435,0.09685770440124603,3,10,16,3,11.666666666666666,0,3,10,24,6,11.833333333333334,0,1,1,0,0.3,0.6,1.6,2.4,0,True,False,True,False,False,False,False,True,False,True,False,False,False,False,False,False,False,False,False,False,False,False,False,False,True,False,False
-0.5540677512436588,0.5601558572210751,0.8992785454846383,-0.4303628237699172,1,6,9,6,12.666666666666666,0,1,6,10,4,11.5,0,0,0,0,1.0,0.6666666666666666,1.5,1.6666666666666667,1,True,False,False,True,False,False,True,False,False,True,False,False,False,True,False,True,False,False,False,False,False,False,True,False,True,False,False
0.2071731591606723,1.3184875877813598,0.38133576349333953,-0.16675255968433558,0,6,9,4,12.25,0,0,6,8,5,11.6,0,0,1,0,0.6666666666666666,0.8333333333333334,1.5,1.3333333333333333,1,True,False,False,False,False,True,False,False,False,False,False,False,False,False,True,False,False,False,False,False,False,False,True,False,True,False,False
0.2071731591606723,0.6359890302771035,0.04985238301890855,-0.6939730878554988,0,6,7,6,11.285714285714286,0,0,6,9,4,13.5,0,0,0,0,1.0,0.6666666666666666,1.1666666666666667,1.5,2,True,False,False,False,False,False,False,False,False,False,False,False,True,False,True,False,False,False,True,False,False,False,False,False,True,True,False
2.4908958903736655,-0.8048412577874374,-0.6545498004892579,-0.16675255968433558,0,5,12,2,11.5,0,0,5,12,0,0.0,0,0,1,1,0.4,0.0,2.4,2.4,0,True,False,False,False,False,False,False,False,False,False,False,False,False,False,False,False,False,False,False,False,False,False,True,True,False,False,False
2.4908958903736655,-0.9565076038994943,0.001511056699720468,-0.6939730878554988,0,6,10,6,11.666666666666666,0,0,6,10,4,12.25,0,0,1,0,1.0,0.6666666666666666,1.6666666666666667,1.6666666666666667,2,True,False,False,False,False,False,False,False,False,False,False,False,False,False,False,False,False,False,False,False,False,False,True,False,True,True,False
-0.5540677512436588,0.48432268416504665,-0.10207749969853928,-0.2985576917271264,0,8,8,7,13.514285714285714,0,0,8,8,7,13.514285714285714,0,0,1,0,0.875,0.875,1.0,1.0,2,True,False,False,True,False,False,False,False,False,False,False,False,False,False,True,False,False,False,True,False,False,False,False,False,True,True,False
3.2521368007779965,0.40848951110901816,0.9338080642840582,-0.562167955812708,0,6,7,6,13.0,0,0,6,9,6,13.714285714285714,0,0,1,0,1.0,1.0,1.1666666666666667,1.5,2,True,False,False,False,False,True,False,False,False,False,False,False,False,False,True,False,False,False,False,True,False,False,True,False,True,False,False
-0.5540677512436588,-1.0323407769555228,-0.5993025704101862,-0.16675255968433558,0,6,11,3,15.0,0,0,6,11,4,10.25,0,0,1,0,0.5,0.6666666666666666,1.8333333333333333,1.8333333333333333,1,True,False,False,False,False,True,True,False,False,False,False,False,False,False,True,False,False,False,False,False,False,False,True,False,True,False,False
-0.5540677512436588,-0.2740090463952381,-0.4266549764130867,-0.4303628237699172,0,8,8,7,12.744285714285716,0,0,8,8,7,12.744285714285716,0,0,1,0,0.875,0.875,1.0,1.0,2,True,False,False,True,False,False,False,False,False,False,False,False,False,False,True,False,False,False,True,False,False,False,True,False,True,True,False
-0.5540677512436588,0.03690696313447821,-2.2083781464631542,-0.4303628237699172,0,5,10,4,11.75,0,0,5,8,5,11.8,0,0,1,0,0.8,1.0,2.0,1.6,2,True,False,False,False,False,False,False,False,False,False,False,False,False,False,False,False,False,False,True,False,False,False,False,False,True,False,False
-0.5540677512436588,-0.577341738619352,-0.32997232377471053,-0.562167955812708,0,6,6,6,12.166666666666666,0,0,6,7,6,11.666666666666666,0,0,1,1,1.0,1.0,1.0,1.1666666666666667,2,True,False,True,False,False,True,False,False,False,False,False,False,False,False,True,False,False,False,False,False,False,False,True,True,True,False,False
-0.5540677512436588,-0.577341738619352,1.168608792120114,-0.4303628237699172,0,0,0,0,0.0,0,0,0,0,0,0.0,0,0,1,0,0.0,0.0,0.0,0.0,1,True,False,False,False,False,True,False,False,False,False,False,False,False,False,False,False,False,False,False,True,False,False,True,False,True,False,False
0.2071731591606723,0.33265633805298966,0.01532286421948863,-0.4303628237699172,1,6,9,5,13.4,1,0,6,9,6,12.375,0,0,1,0,0.8333333333333334,1.0,1.5,1.5,2,True,False,False,False,False,True,False,False,False,False,False,False,False,False,False,False,False,False,False,False,False,False,True,False,True,True,False
-0.5540677512436588,-0.7290080847314089,-0.4680903989723902,-0.4303628237699172,0,6,9,5,11.8,0,0,6,10,4,11.5,0,0,1,0,0.8333333333333334,0.6666666666666666,1.5,1.6666666666666667,0,True,False,False,False,False,True,False,False,False,False,False,False,False,False,False,False,True,False,False,False,False,False,True,False,True,False,False
0.9684140695650034,1.6218202800054737,0.540171549970672,-0.562167955812708,0,7,7,6,13.533333333333331,0,0,7,7,6,13.533333333333331,0,0,1,0,0.8571428571428571,0.8571428571428571,1.0,1.0,2,True,False,False,True,False,False,False,False,False,False,False,False,False,False,True,False,False,False,False,False,False,False,True,False,True,False,False
-0.5540677512436588,0.8634885494451889,1.0788320432416214,-0.6939730878554988,0,6,7,6,14.166666666666666,0,0,6,10,4,14.0,0,0,1,0,1.0,0.6666666666666666,1.1666666666666667,1.6666666666666667,2,True,False,False,False,False,False,False,False,False,False,False,False,False,False,False,False,False,False,False,False,False,False,True,False,True,True,False
-0.5540677512436588,1.5459871069494453,1.4448449425154732,-0.6939730878554988,0,7,7,7,14.652857142857142,0,0,8,9,8,14.755555555555556,0,0,1,0,1.0,1.0,1.0,1.125,2,True,False,False,True,False,False,False,False,False,False,False,False,False,False,False,False,False,False,False,False,False,False,False,False,True,True,False
-0.5540677512436588,1.4701539338934166,2.308082912500971,-0.562167955812708,0,0,0,0,0.0,0,0,0,0,0,0.0,0,0,1,1,0.0,0.0,0.0,0.0,0,True,False,False,False,False,True,False,False,False,False,False,False,False,False,True,False,False,False,False,False,False,False,True,False,False,False,False
-0.5540677512436588,1.3184875877813598,0.5263597424509028,-0.4303628237699172,0,5,5,5,13.6,0,0,5,7,5,13.0,0,0,1,0,1.0,1.0,1.0,1.4,2,True,True,False,False,False,False,False,False,False,False,False,False,False,False,False,False,False,False,False,False,False,False,False,False,True,False,True
-0.5540677512436588,-0.2740090463952381,-0.4128431688933185,-0.16675255968433558,0,6,9,6,12.833333333333334,0,0,6,6,4,13.25,0,0,1,0,1.0,0.6666666666666666,1.5,1.0,2,True,False,False,False,False,False,False,False,False,False,False,False,False,False,False,True,False,False,False,False,False,False,False,False,True,True,False
-0.5540677512436588,1.3184875877813598,1.085737947001505,-0.6939730878554988,0,6,6,6,14.666666666666666,0,0,6,6,6,15.166666666666666,0,0,1,0,1.0,1.0,1.0,1.0,2,True,False,False,False,False,True,False,False,False,False,False,False,False,False,True,False,False,False,True,False,False,False,True,False,True,True,False
0.2071731591606723,-0.577341738619352,-0.785761971927054,-0.562167955812708,0,6,6,6,13.333333333333334,0,0,6,6,6,14.666666666666666,0,0,1,0,1.0,1.0,1.0,1.0,2,True,False,False,False,False,True,False,False,False,False,False,False,False,False,True,False,False,False,False,False,False,False,True,False,True,False,False
-0.5540677512436588,0.03690696313447821,0.20868816949623997,-0.4303628237699172,0,6,10,5,13.4,0,0,6,9,5,11.4,0,0,1,1,0.8333333333333334,0.8333333333333334,1.6666666666666667,1.5,2,True,False,False,False,False,True,False,False,False,False,False,False,False,False,False,False,False,False,False,False,False,False,False,False,False,True,False
0.2071731591606723,0.5601558572210751,-0.18494834481714728,-0.562167955812708,0,7,9,7,13.3125,0,0,8,8,8,15.6375,0,0,1,0,1.0,1.0,1.2857142857142858,1.0,2,True,False,False,True,False,False,False,False,False,False,False,False,False,False,True,False,False,False,False,False,False,False,True,False,True,True,False
-0.5540677512436588,0.5601558572210751,0.754254566527075,-0.6939730878554988,0,0,0,0,0.0,0,0,0,0,0,0.0,0,0,1,1,0.0,0.0,0.0,0.0,0,True,False,False,False,False,True,False,False,False,False,False,False,False,False,True,False,False,False,False,False,False,False,True,True,False,False,False
3.2521368007779965,0.03690696313447821,-1.863082958468955,-0.4303628237699172,0,4,4,0,0.0,0,0,5,5,0,0.0,0,0,1,1,0.0,0.0,1.0,1.0,0,True,False,False,False,False,True,False,False,False,False,False,False,False,False,False,True,False,False,False,True,False,False,True,True,False,False,False
0.2071731591606723,-0.04650952722715268,0.08438190181832748,-0.562167955812708,0,6,7,6,12.333333333333334,0,0,6,6,6,13.5,0,0,0,0,1.0,1.0,1.1666666666666667,1.0,2,True,False,False,False,False,True,False,False,False,False,False,False,True,False,False,False,False,False,False,True,False,False,True,False,True,True,False
0.9684140695650034,0.18098999194093274,0.5539833574904391,-0.6939730878554988,0,6,6,6,13.5,0,0,6,6,6,13.333333333333334,0,0,1,0,1.0,1.0,1.0,1.0,1,True,False,False,False,False,True,False,False,False,False,False,False,False,False,True,False,False,False,False,False,False,False,False,False,True,False,False
1.7296549799693344,0.18098999194093274,-0.4128431688933185,-0.6939730878554988,0,6,8,5,13.0,0,0,6,7,6,11.833333333333334,0,0,1,0,0.8333333333333334,1.0,1.3333333333333333,1.1666666666666667,2,True,False,False,False,False,True,True,False,False,False,False,False,False,False,False,False,False,False,False,False,False,False,True,False,True,False,False
-0.5540677512436588,0.03690696313447821,1.382691808676517,-0.16675255968433558,0,5,6,2,12.5,0,0,5,5,0,0.0,0,0,1,0,0.4,0.0,1.2,1.0,0,True,False,False,False,False,False,False,False,False,False,False,False,False,False,False,False,True,False,True,False,False,False,False,False,True,False,False
-0.5540677512436588,2.6834847027898725,1.5553394026736167,-0.6939730878554988,0,6,10,6,17.0,0,0,6,11,6,16.0,0,0,1,0,1.0,1.0,1.6666666666666667,1.8333333333333333,2,True,False,False,False,False,True,False,False,False,False,False,False,False,False,False,False,False,False,False,False,False,False,False,False,True,False,False
-0.5540677512436588,0.7876553763891605,1.203138310919534,-0.4303628237699172,0,6,7,6,13.5,0,0,6,6,6,13.0,0,0,1,0,1.0,1.0,1.1666666666666667,1.0,2,True,False,False,False,False,True,False,False,False,False,False,False,False,False,False,False,False,False,False,False,False,False,True,False,True,False,False
0.2071731591606723,-1.2598402961236081,-0.7581383568875176,-0.562167955812708,0,6,7,6,12.714285714285714,0,0,6,6,6,11.833333333333334,0,0,1,0,1.0,1.0,1.1666666666666667,1.0,2,True,False,False,False,False,False,False,False,False,False,False,False,False,False,True,False,False,False,True,False,False,False,True,False,True,False,False
-0.5540677512436588,0.10515681888490426,-0.4335608801729703,-0.562167955812708,0,7,9,6,13.0,0,0,8,11,8,13.927272727272726,0,0,1,0,0.8571428571428571,1.0,1.2857142857142858,1.375,2,True,False,False,True,False,False,False,True,False,False,False,False,False,False,True,False,False,False,False,False,False,False,False,False,True,True,False
-0.5540677512436588,0.5601558572210751,1.0235848131625507,-0.2985576917271264,3,6,7,6,12.571428571428571,0,2,6,6,6,13.5,0,0,1,0,1.0,1.0,1.1666666666666667,1.0,2,True,False,False,False,False,True,True,False,False,True,False,False,False,False,True,False,False,False,False,False,True,False,False,False,True,False,False
0.2071731591606723,0.02932364582887579,-0.5026199177718101,-0.562167955812708,0,6,10,4,11.5,0,0,6,11,6,11.5,0,0,1,0,0.6666666666666666,1.0,1.6666666666666667,1.8333333333333333,0,True,False,True,False,False,True,False,False,False,False,False,False,False,False,True,False,False,False,True,False,False,False,True,False,True,True,False
3.2521368007779965,-0.577341738619352,-0.5923966666503017,-0.562167955812708,0,6,6,6,13.5,0,0,6,7,6,13.285714285714286,0,0,1,0,1.0,1.0,1.0,1.1666666666666667,2,True,False,False,False,False,True,False,False,False,False,False,False,False,False,False,False,False,False,True,False,False,False,True,False,True,True,False
-0.5540677512436588,0.03690696313447821,0.5194538386910192,2.8647654772998528,0,6,8,5,13.6,0,0,6,7,5,13.0,0,1,1,0,0.8333333333333334,0.8333333333333334,1.3333333333333333,1.1666666666666667,1,False,False,True,False,False,True,False,True,False,False,False,False,False,False,True,False,False,False,True,False,False,False,False,False,True,False,False
-0.5540677512436588,0.03690696313447821,0.08438190181832748,0.6240782325724092,0,5,14,1,12.0,3,0,5,5,0,0.0,5,1,1,1,0.2,0.0,2.8,1.0,0,False,False,False,True,False,False,False,True,False,False,False,False,False,False,False,False,False,True,True,False,False,False,False,False,False,True,False
-0.5540677512436588,0.33265633805298966,-0.8271973944863575,0.6240782325724092,0,7,8,7,14.95,0,0,8,8,8,14.7375,0,1,0,0,1.0,1.0,1.1428571428571428,1.0,2,False,False,False,True,False,False,False,True,False,False,True,False,True,False,False,True,False,False,False,True,False,False,False,False,True,False,False
-0.5540677512436588,0.5601558572210751,0.20868816949623997,0.22866283644403682,0,5,10,4,11.25,0,0,5,9,4,12.0,0,1,1,1,0.8,0.8,2.0,1.8,1,True,False,True,False,False,False,False,True,False,False,False,False,False,False,False,False,False,False,True,False,False,False,False,True,True,False,False
-0.5540677512436588,0.10515681888490426,-0.4335608801729703,-0.562167955812708,0,6,13,3,10.666666666666666,0,0,6,6,4,12.25,0,0,1,1,0.5,0.6666666666666666,2.1666666666666665,1.0,0,True,False,False,False,False,False,False,True,False,False,False,False,False,False,True,False,False,False,True,False,False,False,False,True,False,False,False
2.4908958903736655,0.48432268416504665,0.24321768829565987,-0.562167955812708,0,8,8,7,14.992857142857142,0,0,8,8,7,14.992857142857142,0,0,1,0,0.875,0.875,1.0,1.0,2,True,False,False,True,False,False,False,False,False,False,False,False,False,False,False,False,False,False,True,False,False,False,True,False,True,False,False
0.2071731591606723,-1.4873398152916937,-1.3520460802375398,-0.4303628237699172,0,5,12,3,10.5,0,0,5,10,4,11.25,0,0,1,0,0.6,0.8,2.4,2.0,1,True,True,False,False,False,False,False,False,False,False,False,False,False,False,False,False,False,False,True,False,False,False,True,False,True,False,False
0.9684140695650034,0.03690696313447821,-1.863082958468955,-0.16675255968433558,0,6,6,4,11.25,0,0,6,7,3,11.0,0,0,1,0,0.6666666666666666,0.5,1.0,1.1666666666666667,1,True,True,False,False,False,True,False,False,False,False,False,False,False,False,False,False,False,False,False,False,False,False,True,False,True,False,False
-0.5540677512436588,-0.04650952722715268,-0.1366070184979592,-0.4303628237699172,0,6,6,6,12.333333333333334,0,0,6,7,6,14.0,0,0,1,0,1.0,1.0,1.0,1.1666666666666667,2,True,True,False,False,False,True,False,True,False,False,False,False,False,False,False,False,False,False,False,False,False,False,True,False,True,True,False
1.7296549799693344,-0.425675392507295,-0.3783136500938986,-0.4303628237699172,0,7,7,6,13.016666666666666,0,0,7,7,6,13.016666666666666,0,0,1,0,0.8571428571428571,0.8571428571428571,1.0,1.0,1,True,True,False,True,False,False,False,False,False,False,False,False,False,False,False,False,False,False,False,False,False,False,True,False,True,False,False
-0.5540677512436588,-0.7290080847314089,0.01532286421948863,-0.4303628237699172,0,5,7,3,11.333333333333334,0,0,5,8,2,11.5,0,0,1,1,0.6,0.4,1.4,1.6,0,True,True,False,True,False,False,False,False,False,False,False,False,False,False,True,False,False,False,False,False,False,True,False,True,False,False,False
-0.5540677512436588,-0.19817587333920963,2.280459297461435,0.4922731005296184,0,6,7,6,16.142857142857142,0,0,6,7,6,14.666666666666666,0,1,0,0,1.0,1.0,1.1666666666666667,1.1666666666666667,2,True,False,False,True,False,False,False,True,True,False,True,False,True,False,False,True,False,False,False,True,False,False,True,False,True,False,False
-0.5540677512436588,-0.577341738619352,-0.48190220649215837,-0.16675255968433558,0,6,8,6,14.833333333333334,0,0,6,10,5,13.833333333333334,0,0,1,0,1.0,0.8333333333333334,1.3333333333333333,1.6666666666666667,2,True,False,False,True,False,False,False,True,False,False,False,False,False,False,False,False,False,False,True,False,False,False,False,False,True,False,False
0.9684140695650034,0.5601558572210751,1.002867101882898,-0.562167955812708,0,8,8,7,13.327142857142857,0,0,8,8,7,13.327142857142857,0,0,1,1,0.875,0.875,1.0,1.0,0,True,False,False,True,False,False,False,False,False,False,False,False,False,False,False,False,False,False,False,False,False,False,True,True,False,False,False
-0.5540677512436588,-1.6390061614037505,-1.0758099298421806,-0.562167955812708,0,6,13,4,11.0,0,0,6,13,2,11.5,0,0,1,1,0.6666666666666666,0.3333333333333333,2.1666666666666665,2.1666666666666665,0,True,False,False,False,False,True,False,False,False,False,False,False,False,False,False,True,False,False,False,True,False,False,True,False,False,False,False
-0.5540677512436588,-0.04650952722715268,0.6644778176485825,-0.6939730878554988,1,6,10,6,11.714285714285714,1,0,6,15,6,10.375,0,0,0,0,1.0,1.0,1.6666666666666667,2.5,1,True,False,False,False,False,True,False,False,False,False,True,False,False,True,False,True,False,False,False,True,False,False,True,False,True,False,False
-0.5540677512436588,1.3184875877813598,1.9075404944276995,-0.562167955812708,6,12,13,12,12.333333333333334,0,4,11,12,10,12.727272727272728,0,0,0,0,1.0,0.9090909090909091,1.0833333333333333,1.0909090909090908,0,True,False,False,False,False,True,False,False,False,False,True,False,True,False,False,True,False,False,True,False,False,False,True,False,True,False,False
1.7296549799693344,-1.1081739500115513,-1.0758099298421806,-0.4303628237699172,0,7,9,0,0.0,0,0,6,6,0,0.0,0,0,1,1,0.0,0.0,1.2857142857142858,1.0,0,True,False,False,False,False,True,False,False,False,False,False,False,False,False,False,False,False,False,False,False,False,False,True,True,False,False,False
-0.5540677512436588,1.3184875877813598,-0.4749963027322748,2.073934685043108,11,15,15,12,11.916666666666666,0,8,13,14,8,11.25,0,1,1,1,0.8,0.6153846153846154,1.0,1.0769230769230769,0,False,False,True,False,False,False,False,True,False,False,False,False,False,False,False,True,False,False,False,True,False,False,False,False,False,False,False
0.2071731591606723,-2.473171065020064,-1.863082958468955,1.8103244209575264,0,6,9,6,11.833333333333334,0,0,6,7,6,11.0,0,1,1,1,1.0,1.0,1.5,1.1666666666666667,2,False,False,True,False,False,True,False,True,False,False,False,False,False,False,True,False,False,False,False,False,False,False,False,True,True,False,False
-0.5540677512436588,-0.19817587333920963,0.8992785454846383,0.8876884966579909,3,7,11,3,12.333333333333334,0,3,7,9,3,11.666666666666666,0,1,1,1,0.42857142857142855,0.42857142857142855,1.5714285714285714,1.2857142857142858,0,False,False,False,True,False,False,False,True,True,False,False,False,False,False,True,False,False,False,False,False,False,False,False,True,False,False,False
-0.5540677512436588,-0.19817587333920963,0.20868816949623997,2.3375449491286897,5,10,11,10,14.3,0,5,10,10,10,14.2,0,1,1,0,1.0,1.0,1.1,1.0,2,False,False,True,False,False,False,False,True,True,False,False,False,False,False,False,False,False,False,False,False,False,False,False,False,True,False,False
-0.5540677512436588,0.03690696313447821,-1.863082958468955,2.205739817085899,0,8,11,5,11.832,4,0,8,11,5,11.832,4,1,1,1,0.625,0.625,1.375,1.375,0,False,False,False,True,False,False,False,True,False,False,False,False,False,False,True,False,False,False,False,False,False,False,False,False,False,False,False
-0.5540677512436588,-1.5631729883477221,-1.4418228291160324,-0.4303628237699172,0,5,13,2,10.0,1,0,5,10,0,0.0,0,0,0,0,0.4,0.0,2.6,2.0,0,True,False,False,False,False,False,False,False,False,False,False,False,False,True,True,False,False,False,False,True,False,False,False,False,True,False,False
-0.5540677512436588,0.8634885494451889,1.6865515741114128,0.6240782325724092,0,5,5,5,12.0,0,0,5,6,5,11.6,0,1,1,0,1.0,1.0,1.0,1.2,2,False,False,True,False,False,False,False,False,False,False,False,False,False,False,False,False,False,False,False,False,False,False,False,False,True,False,False
0.2071731591606723,-0.9565076038994943,-0.9169741433648491,-0.562167955812708,0,7,11,5,12.2,0,0,7,13,0,0.0,0,0,1,1,0.7142857142857143,0.0,1.5714285714285714,1.8571428571428572,0,True,False,False,False,False,True,False,False,False,False,False,False,False,False,False,False,False,False,True,False,False,False,True,True,False,False,False
-0.5540677512436588,-0.8806744308434659,-0.7236088380880977,-0.034947427641544786,0,5,7,3,11.333333333333334,0,0,5,5,4,11.25,0,0,1,0,0.6,0.8,1.4,1.0,0,True,False,False,False,False,False,False,False,False,False,False,False,False,False,True,False,False,False,False,False,False,False,True,False,True,False,False
-0.5540677512436588,-0.9565076038994943,-0.48190220649215837,-0.6939730878554988,10,16,24,13,13.846153846153848,0,7,11,15,9,12.555555555555555,0,0,0,0,0.8125,0.8181818181818182,1.5,1.3636363636363635,0,True,False,True,False,False,True,True,False,True,False,True,False,True,False,False,True,False,False,False,True,False,False,False,False,True,False,False
-0.5540677512436588,-2.473171065020064,-0.34378413129447866,0.09685770440124603,0,8,8,7,12.412857142857144,0,0,8,8,7,12.412857142857144,0,1,1,0,0.875,0.875,1.0,1.0,2,True,False,False,True,False,False,False,True,False,False,False,False,False,False,True,False,False,False,False,False,False,False,False,False,True,False,False
2.4908958903736655,-1.3356734691796368,-0.6821734155287943,-0.2985576917271264,0,5,7,3,12.666666666666666,0,0,5,6,4,12.75,1,0,1,0,0.6,0.8,1.4,1.2,1,True,False,False,False,False,False,False,False,False,False,False,False,False,False,True,False,False,False,True,False,False,False,False,False,True,False,False
0.2071731591606723,-0.7290080847314089,-0.4266549764130867,-0.562167955812708,0,8,11,7,12.545714285714286,0,0,8,11,7,12.545714285714286,0,0,1,0,0.875,0.875,1.375,1.375,2,True,False,False,True,False,False,False,False,False,False,False,False,False,False,False,False,False,False,False,False,False,False,True,False,True,False,False
-0.5540677512436588,0.10515681888490426,0.9959611981230144,-0.562167955812708,0,6,12,3,13.0,0,0,6,13,2,14.0,0,0,1,0,0.5,0.3333333333333333,2.0,2.1666666666666665,0,True,False,False,False,False,True,False,False,False,False,False,False,False,False,False,False,False,False,False,False,False,False,True,False,True,False,False
-0.5540677512436588,-0.7290080847314089,-1.1724925824805565,3.2601808734282254,0,6,6,0,0.0,0,0,6,6,0,0.0,0,1,1,1,0.0,0.0,1.0,1.0,0,True,False,False,False,False,True,False,True,False,False,False,False,False,False,False,False,False,False,False,False,False,False,False,True,False,False,False
-0.5540677512436588,-0.9565076038994943,-0.48190220649215837,1.9421295530003173,9,12,12,9,12.22222222222222,2,9,12,12,9,13.0,0,1,1,1,0.75,0.75,1.0,1.0,0,False,False,True,False,False,False,False,True,True,False,False,False,False,False,False,False,False,False,False,False,False,False,False,False,False,False,False
-0.5540677512436588,-0.12234270028318116,-0.4680903989723902,-0.562167955812708,0,5,10,5,13.285714285714286,0,0,5,8,5,13.0,0,0,1,0,1.0,1.0,2.0,1.6,2,True,False,False,False,False,False,False,False,False,False,False,False,False,False,False,True,False,False,False,False,False,False,False,False,True,False,False
-0.5540677512436588,0.03690696313447821,0.7887840853264949,0.8876884966579909,0,5,7,3,11.666666666666666,0,0,5,8,1,11.0,0,1,1,0,0.6,0.2,1.4,1.6,0,False,True,True,False,False,False,False,True,False,True,False,False,False,False,False,False,False,False,True,False,False,False,False,False,True,False,False
-0.5540677512436588,1.3184875877813598,1.5898689214730366,0.09685770440124603,0,6,9,6,13.555555555555555,0,0,6,7,6,12.666666666666666,0,1,1,0,1.0,1.0,1.5,1.1666666666666667,2,True,True,False,False,False,True,True,False,False,True,False,False,False,False,False,False,False,False,False,False,False,False,False,False,True,True,False
2.4908958903736655,0.10515681888490426,-0.35759593881424684,-0.562167955812708,0,6,6,6,13.166666666666666,0,0,6,8,6,12.428571428571429,0,0,1,0,1.0,1.0,1.0,1.3333333333333333,2,True,True,False,False,False,True,False,False,False,False,False,False,False,False,False,False,False,False,True,False,False,False,True,False,True,False,False
-0.5540677512436588,0.5601558572210751,0.8992785454846383,-0.2985576917271264,0,0,0,0,0.0,0,0,0,0,0,0.0,0,0,1,0,0.0,0.0,0.0,0.0,1,True,True,False,False,False,True,True,False,False,True,False,False,False,False,False,False,False,False,False,False,False,False,False,False,True,False,False
-0.5540677512436588,-1.1840071230675797,-0.7374206456078659,-0.2985576917271264,0,6,6,6,11.666666666666666,0,0,6,7,5,12.2,0,0,1,0,1.0,0.8333333333333334,1.0,1.1666666666666667,2,True,True,False,False,False,False,False,False,False,False,False,False,False,False,True,False,False,False,True,False,False,False,True,False,True,True,False
0.2071731591606723,0.7876553763891605,0.31227672589449973,-0.562167955812708,0,5,11,4,11.0,0,0,5,8,4,12.25,0,0,0,0,0.8,0.8,2.2,1.6,0,True,True,True,False,False,False,False,False,False,False,True,False,False,False,True,False,False,False,True,False,False,False,False,False,True,False,False
0.2071731591606723,0.7118222033331321,0.9683375830834781,-0.6939730878554988,0,6,6,6,13.0,0,0,6,8,1,10.0,0,0,0,0,1.0,0.16666666666666666,1.0,1.3333333333333333,1,True,True,False,False,False,True,False,False,False,False,True,False,False,False,False,True,False,False,True,False,False,False,True,False,True,False,False
-0.5540677512436588,-0.04650952722715268,0.7611604702869585,-0.6939730878554988,0,6,6,6,13.666666666666666,0,0,6,6,6,12.0,0,0,1,0,1.0,1.0,1.0,1.0,2,True,True,False,False,False,True,False,False,False,False,False,False,False,False,False,False,False,False,False,False,False,False,False,False,True,True,False
1.7296549799693344,0.40848951110901816,0.03604057549914038,-0.562167955812708,0,5,6,5,14.6,0,0,5,5,5,15.2,0,0,0,0,1.0,1.0,1.2,1.0,0,True,True,False,False,True,False,False,False,False,False,False,False,True,False,False,True,False,False,True,False,False,False,True,False,True,False,False
-0.5540677512436588,-0.12234270028318116,0.001511056699720468,-0.562167955812708,0,8,8,7,12.514285714285714,0,0,8,8,7,12.514285714285714,0,0,1,0,0.875,0.875,1.0,1.0,2,True,True,False,True,False,False,False,False,False,False,False,False,False,False,False,False,False,False,False,False,False,False,False,False,True,True,False
0.2071731591606723,-0.7290080847314089,-0.5578671478508818,-0.6939730878554988,0,5,5,3,14.0,0,0,5,7,3,12.666666666666666,0,0,0,0,0.6,0.6,1.0,1.4,1,True,True,False,True,False,False,False,False,False,False,True,False,False,False,False,True,False,False,False,False,False,False,False,False,True,False,False
-0.5540677512436588,-0.12234270028318116,0.5194538386910192,0.22866283644403682,0,6,8,6,13.166666666666666,0,0,6,8,5,12.6,0,1,1,0,1.0,0.8333333333333334,1.3333333333333333,1.3333333333333333,1,True,True,False,False,False,False,False,False,False,False,False,False,False,False,False,False,False,False,False,False,False,False,True,False,True,False,False
-0.5540677512436588,0.6359890302771035,0.41586528229275943,-0.6939730878554988,0,5,10,4,13.0,0,0,5,10,3,12.333333333333334,3,0,1,0,0.8,0.6,2.0,2.0,1,True,True,False,False,True,False,False,False,False,False,False,False,False,False,False,False,False,False,False,True,False,False,True,False,True,False,False
-0.5540677512436588,0.03690696313447821,-0.8962564320851973,0.7558833646152,0,5,5,1,13.0,0,0,5,5,0,0.0,0,1,1,1,0.2,0.0,1.0,1.0,0,False,True,False,False,False,False,False,True,False,False,False,False,False,False,True,False,False,False,False,False,False,False,False,False,False,False,False
-0.5540677512436588,-1.2598402961236081,-0.7097970305683295,-0.2985576917271264,0,5,10,1,10.0,0,0,5,8,3,13.666666666666666,3,0,1,0,0.2,0.6,2.0,1.6,0,True,True,False,False,True,False,False,False,False,False,False,False,False,False,False,False,False,True,True,False,False,False,True,False,True,False,False
0.9684140695650034,-0.7290080847314089,-0.1297011147380756,-0.6939730878554988,0,6,6,6,14.333333333333334,0,0,6,6,6,15.333333333333334,0,0,1,1,1.0,1.0,1.0,1.0,2,True,True,False,False,False,True,False,False,False,False,False,False,False,False,True,False,False,False,False,False,False,False,True,True,True,True,False
-0.5540677512436588,0.02932364582887579,0.7059132402078859,-0.4303628237699172,0,6,6,0,0.0,0,0,6,12,0,0.0,0,0,1,0,0.0,0.0,1.0,2.0,0,True,True,False,False,False,False,False,False,False,False,False,False,False,False,False,False,False,False,False,False,False,False,False,False,True,True,False
-0.5540677512436588,0.03690696313447821,-1.0758099298421806,0.4922731005296184,0,5,7,1,11.0,0,0,5,7,0,0.0,0,1,1,0,0.2,0.0,1.4,1.4,0,True,True,True,False,False,False,False,True,False,False,False,False,False,False,False,False,False,False,False,False,False,False,False,False,True,False,False
-0.5540677512436588,0.03690696313447821,-1.5177877704747558,-0.2985576917271264,0,6,15,3,11.25,0,0,6,9,0,0.0,0,0,0,0,0.5,0.0,2.5,1.5,1,True,True,False,True,False,False,False,False,False,False,True,False,False,False,True,False,False,False,False,False,False,False,True,False,True,False,False
0.2071731591606723,0.5601558572210751,-0.18494834481714728,-0.4303628237699172,0,5,7,4,10.75,0,0,5,12,3,10.571428571428571,0,0,1,0,0.8,0.6,1.4,2.4,0,True,True,False,False,False,False,False,False,False,False,False,False,False,False,True,False,False,False,False,False,False,False,True,False,True,False,False
-0.5540677512436588,-2.473171065020064,0.34680624469391963,0.6240782325724092,0,5,7,1,11.0,0,0,5,9,0,0.0,0,1,1,1,0.2,0.0,1.4,1.8,0,True,True,False,False,False,False,False,True,False,False,False,False,False,False,False,False,False,False,False,False,False,False,False,True,False,False,False
0.2071731591606723,-0.19817587333920963,-1.1724925824805565,0.09685770440124603,0,7,13,6,10.857142857142858,0,0,7,7,7,11.857142857142858,0,1,1,0,0.8571428571428571,1.0,1.8571428571428572,1.0,1,True,True,False,True,False,False,False,True,False,False,False,False,False,False,False,False,False,False,False,False,False,False,False,False,True,True,False
2.4908958903736655,0.10515681888490426,0.5332656462107864,-0.16675255968433558,1,5,10,4,11.75,0,0,5,10,3,11.0,0,0,0,0,0.8,0.6,2.0,2.0,1,True,True,False,False,False,False,False,False,False,False,True,False,True,False,False,True,False,False,False,True,False,False,False,False,True,False,False
-0.5540677512436588,0.10515681888490426,0.6782896251683516,-0.4303628237699172,0,5,8,5,12.8,0,0,5,9,4,13.666666666666666,1,0,1,0,1.0,0.8,1.6,1.8,2,True,True,False,True,False,False,False,False,False,False,False,False,False,False,False,False,False,False,False,False,False,False,True,False,True,False,False
-0.5540677512436588,2.0768193183416446,2.280459297461435,-0.2985576917271264,1,5,15,3,12.333333333333334,2,0,5,7,5,11.4,0,0,1,0,0.6,1.0,3.0,1.4,2,True,True,False,True,False,False,True,False,False,True,False,False,False,False,True,False,False,False,True,False,False,False,False,False,True,False,False
-0.5540677512436588,-0.19817587333920963,0.20868816949623997,-0.034947427641544786,0,6,12,2,11.333333333333334,0,0,6,8,2,13.0,0,0,0,1,0.3333333333333333,0.3333333333333333,2.0,1.3333333333333333,0,True,True,False,False,False,True,True,False,False,True,False,False,True,False,False,False,False,False,False,True,False,False,True,True,False,False,False
-0.5540677512436588,0.6359890302771035,0.12581732437763296,-0.6939730878554988,0,6,10,5,11.6,0,0,6,6,6,11.166666666666666,0,0,1,0,0.8333333333333334,1.0,1.6666666666666667,1.0,2,True,True,False,False,False,True,False,False,False,False,False,False,False,False,False,False,False,False,False,True,False,False,True,False,True,False,False
-0.5540677512436588,1.0909880686132745,1.4793744613148931,-0.4303628237699172,8,14,15,12,10.923076923076923,0,7,13,14,11,12.181818181818182,0,0,1,0,0.8571428571428571,0.8461538461538461,1.0714285714285714,1.0769230769230769,2,True,True,False,False,False,True,False,False,False,False,False,False,False,False,True,False,False,False,True,False,False,False,True,False,True,True,False
-0.5540677512436588,0.33265633805298966,0.23631178453577628,-0.562167955812708,0,0,0,0,0.0,0,0,0,0,0,0.0,0,0,1,0,0.0,0.0,0.0,0.0,2,True,True,False,False,False,True,False,False,False,False,False,False,False,False,True,False,False,False,True,False,False,False,True,False,True,False,False
-0.5540677512436588,-0.19817587333920963,-0.06754798089911936,1.1512987607435725,0,7,7,7,13.62857142857143,0,0,8,8,8,13.9125,0,1,1,0,1.0,1.0,1.0,1.0,2,False,True,False,True,False,False,False,True,True,False,False,False,False,False,True,False,False,False,False,False,False,False,False,False,True,False,False
3.2521368007779965,-1.0323407769555228,-0.5716789553706499,-0.4303628237699172,0,6,16,3,10.333333333333334,0,0,6,16,1,11.0,0,0,1,0,0.5,0.16666666666666666,2.6666666666666665,2.6666666666666665,0,True,True,False,False,False,False,False,False,False,False,False,False,False,False,False,False,False,False,False,False,False,False,True,False,True,False,False
-0.5540677512436588,-0.19817587333920963,-0.48190220649215837,1.1512987607435725,12,18,25,18,13.736842105263158,0,10,13,15,12,13.75,1,1,1,0,1.0,0.9230769230769231,1.3888888888888888,1.1538461538461537,2,True,True,False,False,False,True,False,True,False,False,False,False,False,False,False,False,False,False,False,False,False,False,False,False,True,False,False
-0.5540677512436588,-0.19817587333920963,-0.48190220649215837,0.6240782325724092,7,13,19,8,11.625,0,5,10,17,6,11.0,0,1,1,0,0.6153846153846154,0.6,1.4615384615384615,1.7,1,True,True,False,False,False,True,False,True,False,False,False,False,False,False,False,False,False,False,False,False,False,False,True,False,True,False,False
-0.5540677512436588,-0.9565076038994943,-0.7374206456078659,-0.2985576917271264,2,7,7,4,11.5,0,5,9,10,7,12.142857142857142,0,0,1,0,0.5714285714285714,0.7777777777777778,1.0,1.1111111111111112,2,True,True,False,False,False,True,True,False,False,True,False,False,False,False,True,False,False,False,True,False,False,False,True,False,True,True,False
-0.5540677512436588,-0.19817587333920963,0.4780184161317157,-0.562167955812708,0,6,8,5,14.0,0,0,6,8,6,13.0,0,0,1,0,0.8333333333333334,1.0,1.3333333333333333,1.3333333333333333,2,True,True,False,False,False,True,False,False,False,False,False,False,False,False,False,False,False,False,False,False,False,False,False,False,True,True,False
-0.5540677512436588,1.3184875877813598,1.6105866327526892,0.09685770440124603,0,5,7,3,11.333333333333334,0,0,5,6,0,0.0,0,1,1,0,0.6,0.0,1.4,1.2,0,True,True,True,False,False,False,False,True,False,True,False,False,False,False,False,False,False,False,False,False,False,False,False,False,True,False,False
-0.5540677512436588,-0.9565076038994943,-0.5993025704101862,-0.6939730878554988,0,5,13,1,10.0,0,0,5,5,1,10.0,0,0,1,0,0.2,0.2,2.6,1.0,0,True,True,False,False,False,False,False,False,False,False,False,False,False,False,False,False,False,False,False,False,False,False,False,False,True,False,False
-0.5540677512436588,-0.19817587333920963,0.20868816949623997,-0.4303628237699172,0,6,14,5,11.714285714285714,0,0,6,15,5,12.0,0,0,1,0,0.8333333333333334,0.8333333333333334,2.3333333333333335,2.5,2,True,True,False,False,False,True,True,False,False,True,False,False,False,False,False,False,False,False,False,False,False,False,True,False,True,False,False
-0.5540677512436588,0.5601558572210751,0.8992785454846383,0.22866283644403682,0,0,0,0,0.0,0,0,0,0,0,0.0,0,1,1,1,0.0,0.0,0.0,0.0,0,True,True,False,False,False,True,False,True,False,True,False,False,False,False,False,False,False,False,False,False,False,False,False,False,False,False,False
3.2521368007779965,-0.19817587333920963,-1.1448689674410204,0.22866283644403682,13,15,15,13,10.76923076923077,0,11,14,15,12,11.833333333333334,0,1,1,0,0.8666666666666667,0.8571428571428571,1.0,1.0714285714285714,0,True,True,False,False,False,False,False,False,False,False,False,False,False,False,False,False,False,False,False,False,False,False,True,False,True,False,False
1.7296549799693344,1.0909880686132745,0.8785608342049855,-0.6939730878554988,0,6,10,5,11.6,0,0,6,6,6,12.0,0,0,1,0,0.8333333333333334,1.0,1.6666666666666667,1.0,0,True,True,False,False,False,True,False,False,False,False,False,False,False,False,True,False,False,False,True,False,False,False,True,False,True,False,False
-0.5540677512436588,1.166821241669303,0.7818781815666114,-0.562167955812708,0,5,6,4,13.75,0,0,5,5,0,0.0,0,0,1,0,0.8,0.0,1.2,1.0,0,True,True,False,False,False,False,False,False,False,False,False,False,False,False,False,False,False,False,True,False,False,False,True,False,True,False,False
2.4908958903736655,0.02932364582887579,-0.2609132861758707,-0.6939730878554988,0,5,14,4,11.0,0,0,5,9,5,10.5,0,0,0,0,0.8,1.0,2.8,1.8,0,True,True,False,False,False,False,False,False,False,False,False,False,True,False,False,False,False,False,False,False,False,False,True,False,True,False,False
-0.5540677512436588,0.18098999194093274,-0.48190220649215837,0.22866283644403682,0,5,6,0,0.0,0,0,5,5,0,0.0,0,1,1,1,0.0,0.0,1.2,1.0,0,True,True,False,False,False,False,False,True,False,False,False,False,False,False,True,False,False,False,True,False,False,False,False,False,False,False,False
-0.5540677512436588,-1.2598402961236081,0.001511056699720468,1.9421295530003173,0,0,0,0,0.0,0,0,0,0,0,0.0,0,1,1,0,0.0,0.0,0.0,0.0,0,True,True,False,False,False,True,False,True,False,False,False,False,False,False,False,False,True,False,False,False,True,False,True,False,True,False,False
-0.5540677512436588,-1.714839334459779,-0.8824446245654292,-0.562167955812708,0,0,0,0,0.0,0,0,0,0,0,0.0,0,0,1,0,0.0,0.0,0.0,0.0,0,True,True,False,False,False,True,True,False,False,True,False,False,False,False,False,True,False,False,False,False,False,False,False,False,True,False,False
1.7296549799693344,0.02932364582887579,-0.5026199177718101,-0.562167955812708,0,6,7,6,12.333333333333334,0,0,6,10,5,13.2,0,0,1,0,1.0,0.8333333333333334,1.1666666666666667,1.6666666666666667,2,True,True,False,False,False,True,False,False,False,False,False,False,False,False,False,False,False,False,False,False,False,False,True,False,True,False,False
-0.5540677512436588,1.3184875877813598,1.5898689214730366,-0.16675255968433558,0,6,9,6,13.428571428571429,0,1,6,12,6,13.625,0,0,1,0,1.0,1.0,1.5,2.0,2,True,True,False,True,False,False,True,False,False,True,False,False,False,False,False,False,False,False,True,False,False,False,True,False,True,True,False
3.2521368007779965,0.18098999194093274,-0.24019557489621893,-0.6939730878554988,0,5,10,0,0.0,0,0,5,10,1,10.0,3,0,0,0,0.0,0.2,2.0,2.0,1,True,True,False,False,True,False,False,False,False,False,True,False,False,False,False,True,False,False,True,False,False,False,True,False,True,False,False
-0.5540677512436588,-0.19817587333920963,0.20868816949623997,1.1512987607435725,0,5,12,4,14.75,0,0,5,9,2,15.0,0,1,1,1,0.8,0.4,2.4,1.8,0,True,True,True,False,False,False,True,False,True,False,False,False,False,False,False,True,False,False,False,False,False,False,False,False,False,False,False
-0.5540677512436588,-0.19817587333920963,-0.1642306335374955,1.8103244209575264,19,21,21,21,12.476190476190476,0,13,19,19,19,12.210526315789474,0,1,0,0,1.0,1.0,1.0,1.0,2,True,True,False,False,False,True,False,True,False,False,True,False,False,True,False,True,False,False,True,False,False,False,False,False,True,False,False
-0.5540677512436588,-0.04650952722715268,-0.5233376290514619,-0.2985576917271264,0,5,8,0,0.0,0,0,5,5,0,0.0,0,0,1,0,0.0,0.0,1.6,1.0,0,True,True,False,False,True,False,False,False,False,False,False,False,False,False,False,False,False,False,False,False,False,False,True,False,True,False,False
-0.5540677512436588,-0.577341738619352,-0.35069003505436225,-0.6939730878554988,0,6,15,3,11.666666666666666,0,0,6,14,2,12.5,0,0,0,0,0.5,0.3333333333333333,2.5,2.3333333333333335,0,True,True,False,False,False,False,False,False,False,False,False,False,True,False,True,False,False,False,False,True,False,False,True,False,True,False,False
0.9684140695650034,-1.1081739500115513,-1.1724925824805565,-0.562167955812708,0,6,6,6,12.0,0,0,6,7,6,13.571428571428571,0,0,0,1,1.0,1.0,1.0,1.1666666666666667,2,True,True,False,False,False,True,False,False,False,False,True,False,True,False,False,True,False,False,False,True,False,False,True,True,True,False,False
-0.5540677512436588,-1.1081739500115513,-0.5716789553706499,-0.562167955812708,0,6,7,6,12.0,0,0,6,6,6,14.0,0,0,1,0,1.0,1.0,1.1666666666666667,1.0,2,True,True,False,False,False,False,False,False,False,False,False,False,False,False,True,False,False,False,False,False,False,False,False,False,True,True,False
-0.5540677512436588,2.152652491397673,2.494542314017838,-0.562167955812708,6,12,12,12,15.25,0,4,11,12,11,15.0,0,0,1,1,1.0,1.0,1.0,1.0909090909090908,2,True,False,False,False,False,True,False,False,False,False,False,False,False,False,False,False,False,False,False,False,False,False,True,False,False,False,True
-0.5540677512436588,0.25682316499696123,-0.36450184257413043,-0.562167955812708,0,6,9,5,12.4,0,0,6,6,6,13.166666666666666,0,0,1,0,0.8333333333333334,1.0,1.5,1.0,2,True,True,False,False,False,True,False,False,False,False,False,False,False,False,False,False,False,False,False,False,False,False,True,False,True,True,False
-0.5540677512436588,0.18098999194093274,0.5539833574904391,-0.2985576917271264,0,5,9,3,12.333333333333334,0,0,5,8,4,11.25,0,0,1,1,0.6,0.8,1.8,1.6,1,True,True,False,False,False,False,False,True,False,False,False,False,False,False,False,False,False,False,False,False,False,False,False,True,True,False,True
-0.5540677512436588,1.0909880686132745,1.4448449425154732,0.6240782325724092,0,5,8,4,11.5,0,0,5,7,4,12.0,0,1,1,0,0.8,0.8,1.6,1.4,1,False,False,True,False,False,False,False,True,False,False,False,False,False,False,False,False,False,False,False,False,False,False,False,False,True,False,False
-0.5540677512436588,-0.6531749116753804,-0.6131143779299544,-0.562167955812708,0,6,8,5,12.2,0,0,6,6,4,11.75,0,0,1,1,0.8333333333333334,0.6666666666666666,1.3333333333333333,1.0,0,True,False,False,False,False,True,False,False,False,False,False,False,False,False,False,True,False,False,True,False,False,False,True,True,False,False,True
-0.5540677512436588,0.03690696313447821,-1.497070059195104,0.6240782325724092,0,5,14,2,10.5,0,0,5,6,0,0.0,0,1,1,1,0.4,0.0,2.8,1.2,0,True,False,True,False,False,False,False,True,False,False,False,False,False,False,False,False,False,False,False,False,False,False,False,True,True,False,False
-0.5540677512436588,0.6359890302771035,0.8854667379648711,-0.562167955812708,0,8,8,7,14.4,0,0,8,8,7,14.4,0,0,1,0,0.875,0.875,1.0,1.0,2,True,False,False,True,False,False,False,False,False,False,False,False,False,False,False,False,False,False,False,False,False,False,False,False,True,True,False
-0.5540677512436588,-0.19817587333920963,0.20868816949623997,1.1512987607435725,8,14,18,13,12.846153846153848,0,7,11,19,10,12.8,0,1,1,0,0.9285714285714286,0.9090909090909091,1.2857142857142858,1.7272727272727273,2,False,False,True,False,False,True,True,False,True,False,False,False,False,False,False,True,False,False,False,False,False,False,False,False,True,False,False
-0.5540677512436588,-1.714839334459779,0.03604057549914038,0.3604679684868276,0,6,13,4,12.0,0,0,6,7,5,13.2,0,1,1,1,0.6666666666666666,0.8333333333333334,2.1666666666666665,1.1666666666666667,0,True,False,True,False,False,True,False,True,False,True,False,False,False,False,False,False,False,False,False,False,False,False,False,True,False,False,False
-0.5540677512436588,0.03690696313447821,-0.48190220649215837,0.22866283644403682,0,5,0,0,0.0,0,0,5,0,0,0.0,0,1,1,0,0.0,0.0,0.0,0.0,0,False,False,False,False,False,False,False,True,False,True,False,False,False,False,False,False,False,False,False,False,False,False,False,False,True,False,False
0.2071731591606723,-0.19817587333920963,-0.19185424857703087,1.0194936287007816,3,7,8,6,13.666666666666666,0,1,6,8,5,13.5,0,1,0,0,0.8571428571428571,0.8333333333333334,1.1428571428571428,1.3333333333333333,0,False,False,False,False,False,True,False,True,False,False,False,False,False,True,True,False,False,False,False,True,False,False,False,False,True,False,False
-0.5540677512436588,-0.9565076038994943,-0.9376918546445008,-0.4303628237699172,0,6,10,5,11.857142857142858,0,0,6,8,6,11.666666666666666,0,0,1,0,0.8333333333333334,1.0,1.6666666666666667,1.3333333333333333,2,True,False,False,False,False,True,False,False,False,False,False,False,False,False,False,False,False,False,True,False,False,False,True,False,True,True,False
1.7296549799693344,0.03690696313447821,-0.620020281689838,-0.562167955812708,0,6,0,0,0.0,0,0,6,0,0,0.0,0,0,1,0,0.0,0.0,0.0,0.0,0,True,False,False,False,False,True,False,False,False,False,False,False,False,False,False,False,False,False,False,False,False,False,True,False,True,False,False
-0.5540677512436588,0.9393217225012175,0.20868816949623997,-0.034947427641544786,0,0,0,0,0.0,0,0,0,0,0,0.0,0,0,1,0,0.0,0.0,0.0,0.0,0,True,False,False,False,False,True,False,False,False,False,False,False,False,False,True,False,False,False,False,False,False,False,True,False,True,False,False
-0.5540677512436588,-0.12234270028318116,0.6161364913293953,-0.6939730878554988,0,6,8,5,13.2,0,0,6,6,6,11.333333333333334,0,0,1,0,0.8333333333333334,1.0,1.3333333333333333,1.0,2,True,False,False,False,False,True,False,False,False,False,False,False,False,False,False,False,False,False,False,False,False,False,True,False,True,False,False
0.2071731591606723,1.0909880686132745,0.6092305875695118,-0.562167955812708,0,6,8,6,12.714285714285714,0,0,6,12,5,11.0,0,0,1,0,1.0,0.8333333333333334,1.3333333333333333,2.0,0,True,False,False,False,False,True,False,False,False,False,False,False,False,False,False,False,False,False,False,False,False,False,True,False,True,True,False
-0.5540677512436588,0.40848951110901816,0.422771186052643,-0.6939730878554988,0,6,6,6,12.5,0,0,6,6,6,12.666666666666666,0,0,1,0,1.0,1.0,1.0,1.0,2,True,False,False,False,False,False,False,False,False,False,False,False,False,False,False,False,False,False,False,False,False,False,False,False,True,False,False
-0.5540677512436588,-0.7290080847314089,-0.5647730516107663,-0.2985576917271264,0,5,9,3,10.666666666666666,0,0,5,13,2,12.5,0,0,1,0,0.6,0.4,1.8,2.6,1,True,False,False,False,False,False,False,False,False,False,False,False,False,False,True,False,False,False,False,False,False,False,True,False,True,False,False
0.2071731591606723,-0.2740090463952381,-0.6821734155287943,-0.4303628237699172,0,6,12,1,17.0,0,0,6,12,1,17.0,0,0,1,0,0.16666666666666666,0.16666666666666666,2.0,2.0,1,True,False,False,False,False,True,False,False,False,False,False,False,False,False,False,False,False,False,False,False,False,False,True,False,True,False,False
-0.5540677512436588,-0.577341738619352,-0.8617269132857774,0.09685770440124603,0,5,6,5,13.0,1,0,5,9,4,13.25,0,1,1,0,1.0,0.8,1.2,1.8,2,True,False,False,True,False,False,False,False,False,False,False,False,False,False,True,False,False,False,False,False,False,False,True,False,True,False,False
-0.5540677512436588,-0.12234270028318116,0.01532286421948863,-0.6939730878554988,0,5,7,3,12.666666666666666,0,0,5,5,4,12.5,0,0,1,0,0.6,0.8,1.4,1.0,1,True,False,False,False,False,False,False,False,False,False,False,False,False,False,False,False,False,False,False,False,False,False,False,False,True,True,False
-0.5540677512436588,-2.473171065020064,0.20868816949623997,0.22866283644403682,0,14,14,12,13.291666666666666,1,0,14,14,12,13.291666666666666,1,1,0,0,0.8571428571428571,0.8571428571428571,1.0,1.0,2,True,False,False,True,False,False,False,True,False,False,True,False,False,False,False,True,False,False,False,False,False,False,True,False,True,False,False
-0.5540677512436588,-0.9565076038994943,-0.7512324531276341,-0.4303628237699172,0,5,12,3,11.666666666666666,2,0,5,11,4,11.5,1,0,0,0,0.6,0.8,2.4,2.2,2,True,False,False,True,False,False,False,False,False,False,True,False,True,False,False,True,False,False,False,True,False,False,False,False,True,False,False
0.2071731591606723,0.9393217225012175,0.24321768829565987,-0.6939730878554988,0,8,8,7,14.24,0,0,8,8,7,14.24,0,0,1,0,0.875,0.875,1.0,1.0,2,True,False,False,True,False,False,False,False,False,False,False,False,False,False,True,False,False,False,False,False,False,False,True,False,True,False,False
-0.5540677512436588,-0.9565076038994943,-1.5868468080735956,0.09685770440124603,0,5,10,3,13.0,0,0,5,11,3,11.333333333333334,0,1,1,0,0.6,0.6,2.0,2.2,0,True,False,False,False,False,False,False,True,False,False,False,False,False,False,False,False,True,False,False,False,True,False,True,False,True,False,False
0.2071731591606723,0.5601558572210751,0.10509961309798022,-0.6939730878554988,0,7,9,5,14.06,0,0,7,9,6,12.571428571428571,0,0,1,0,0.7142857142857143,0.8571428571428571,1.2857142857142858,1.2857142857142858,1,True,False,False,True,False,False,False,False,False,False,False,False,False,False,True,False,False,False,False,False,False,False,True,False,True,False,False
2.4908958903736655,0.10515681888490426,-0.06754798089911936,-0.2985576917271264,0,6,10,5,11.833333333333334,0,0,6,10,5,13.2,0,0,1,1,0.8333333333333334,0.8333333333333334,1.6666666666666667,1.6666666666666667,0,True,False,False,False,False,True,False,False,False,False,False,False,False,False,False,False,False,False,False,False,False,False,False,True,False,False,False
-0.5540677512436588,0.5601558572210751,0.9752434868433617,-0.6939730878554988,0,6,6,6,12.833333333333334,0,0,6,6,6,13.333333333333334,0,0,1,0,1.0,1.0,1.0,1.0,2,True,False,False,False,False,True,False,False,False,False,False,False,False,False,True,False,False,False,False,False,False,False,True,False,True,False,False
0.2071731591606723,-1.9423388536278645,-1.6697176531922036,-0.4303628237699172,0,6,16,1,10.0,0,0,6,12,0,0.0,0,0,1,0,0.16666666666666666,0.0,2.6666666666666665,2.0,0,True,False,False,False,False,False,False,False,False,False,False,False,False,False,True,False,False,False,True,False,False,False,True,False,True,False,False
2.4908958903736655,0.02932364582887579,0.1534409394171673,-0.562167955812708,0,5,9,2,11.0,0,0,5,12,2,10.0,0,0,1,0,0.4,0.4,1.8,2.4,0,True,False,False,False,False,False,False,False,False,False,False,False,False,False,True,False,False,False,True,False,False,False,True,False,True,False,False
-0.5540677512436588,-0.425675392507295,-0.5302435328113464,-0.4303628237699172,0,7,7,7,14.105714285714289,0,0,8,8,8,13.6625,0,0,0,0,1.0,1.0,1.0,1.0,2,True,False,False,True,False,False,False,False,False,False,True,False,False,False,False,True,False,False,False,False,False,False,True,False,True,False,False
2.4908958903736655,0.6359890302771035,-0.04683026961946761,-0.4303628237699172,0,8,12,7,12.471428571428572,0,0,8,12,7,12.471428571428572,0,0,1,0,0.875,0.875,1.5,1.5,2,True,False,False,True,False,False,False,False,False,False,False,False,False,False,False,False,False,False,False,False,False,False,True,False,True,False,False
-0.5540677512436588,0.5601558572210751,0.8992785454846383,-0.4303628237699172,2,6,11,6,11.833333333333334,0,1,6,17,5,11.857142857142858,0,0,0,0,1.0,0.8333333333333334,1.8333333333333333,2.8333333333333335,2,True,False,False,True,False,False,True,False,False,True,True,False,False,False,True,False,False,False,False,True,False,False,True,False,True,True,False
0.9684140695650034,1.3184875877813598,0.31227672589449973,-0.4303628237699172,0,6,6,6,12.5,0,0,6,6,6,12.833333333333334,0,0,1,0,1.0,1.0,1.0,1.0,2,True,False,False,False,False,True,False,False,False,False,False,False,False,False,True,False,False,False,False,False,False,False,True,False,True,False,False
3.2521368007779965,0.5601558572210751,0.7335368552474223,-0.6939730878554988,0,6,7,6,11.666666666666666,0,0,6,7,6,12.333333333333334,0,0,1,0,1.0,1.0,1.1666666666666667,1.1666666666666667,0,True,False,False,False,False,True,False,False,False,False,False,False,False,False,False,False,False,False,False,False,False,False,True,False,True,False,False
-0.5540677512436588,0.6359890302771035,1.0926438507613905,-0.6939730878554988,0,0,0,0,0.0,0,0,0,0,0,0.0,0,0,0,0,0.0,0.0,0.0,0.0,2,True,False,False,False,False,True,False,False,False,False,True,False,False,False,True,False,False,False,True,False,False,False,True,False,True,False,False
-0.5540677512436588,1.3184875877813598,1.3274445785974445,0.8876884966579909,0,5,11,3,10.333333333333334,0,0,5,10,4,12.8,0,1,1,0,0.6,0.8,2.2,2.0,1,False,False,True,False,False,False,False,True,False,False,False,False,False,False,False,False,False,False,False,False,False,False,False,False,True,False,False
0.2071731591606723,2.0768193183416446,2.425483276418998,-0.6939730878554988,0,5,8,5,16.166666666666668,2,0,5,9,5,14.285714285714286,1,0,0,0,1.0,1.0,1.6,1.8,2,True,False,False,True,False,False,False,False,False,False,True,False,False,False,False,True,False,False,True,False,False,False,True,False,True,False,False
-0.5540677512436588,0.03690696313447821,0.8992785454846383,1.546714156871945,0,6,11,3,12.666666666666666,0,0,6,7,0,0.0,0,1,1,0,0.5,0.0,1.8333333333333333,1.1666666666666667,0,True,False,False,True,False,False,False,True,False,False,False,False,False,False,True,False,False,False,False,False,False,False,False,False,True,False,False
-0.5540677512436588,0.03690696313447821,-0.48190220649215837,1.0194936287007816,0,6,14,2,10.5,0,0,6,6,3,12.333333333333334,0,1,1,1,0.3333333333333333,0.5,2.3333333333333335,1.0,0,True,False,True,False,False,True,False,True,False,False,False,False,False,False,False,False,False,False,False,False,False,False,False,True,False,False,False
-0.5540677512436588,0.10515681888490426,0.4365829935724122,-0.562167955812708,0,6,13,2,11.5,0,0,6,13,1,11.0,0,0,1,1,0.3333333333333333,0.16666666666666666,2.1666666666666665,2.1666666666666665,0,True,False,False,False,False,False,False,True,False,False,False,False,False,False,False,False,False,False,False,False,False,False,True,True,True,False,False
1.7296549799693344,-0.19817587333920963,-0.15041882601772735,-0.562167955812708,0,6,6,6,13.0,0,0,6,8,5,13.4,0,0,1,0,1.0,0.8333333333333334,1.0,1.3333333333333333,2,True,False,False,False,False,True,False,False,False,False,False,False,False,False,True,False,False,False,True,False,False,False,True,False,True,False,False
1.7296549799693344,0.5601558572210751,0.4365829935724122,-0.562167955812708,0,7,7,6,11.966666666666669,0,0,7,7,6,11.966666666666669,0,0,1,0,0.8571428571428571,0.8571428571428571,1.0,1.0,2,True,False,False,True,False,False,False,False,False,False,False,False,False,False,True,False,False,False,False,False,False,False,True,False,True,False,False
-0.5540677512436588,0.9393217225012175,1.0235848131625507,-0.562167955812708,0,8,8,8,13.3475,0,0,8,8,8,13.3475,0,0,0,0,1.0,1.0,1.0,1.0,2,True,False,False,True,False,False,False,False,False,False,True,False,True,False,False,True,False,False,False,True,False,False,False,False,True,False,False
0.9684140695650034,0.02932364582887579,0.08438190181832748,-0.2985576917271264,0,5,7,5,12.0,0,0,5,7,4,12.5,0,0,1,0,1.0,0.8,1.4,1.4,2,True,False,False,True,False,False,False,False,False,False,False,False,False,False,False,False,False,False,False,False,False,True,False,False,True,False,False
0.9684140695650034,0.03690696313447821,-0.8271973944863575,-0.6939730878554988,0,6,10,2,10.5,0,0,6,13,0,0.0,0,0,1,0,0.3333333333333333,0.0,1.6666666666666667,2.1666666666666665,0,True,False,False,False,False,True,False,False,False,False,False,False,False,False,False,False,True,False,False,False,True,False,False,False,True,False,False
-0.5540677512436588,-0.04650952722715268,-0.23328967113633534,-0.6939730878554988,0,6,9,4,11.5,0,0,6,10,4,10.75,0,0,1,0,0.6666666666666666,0.6666666666666666,1.5,1.6666666666666667,1,True,False,False,False,False,True,False,False,False,False,False,False,False,False,False,False,False,False,False,False,False,False,True,False,True,False,False
0.2071731591606723,-1.1840071230675797,-0.4680903989723902,-0.562167955812708,0,0,0,0,0.0,0,0,0,0,0,0.0,0,0,1,0,0.0,0.0,0.0,0.0,2,True,True,False,False,False,True,False,False,False,False,False,False,False,False,True,False,False,False,False,False,False,False,True,False,True,False,False
-0.5540677512436588,-0.425675392507295,0.001511056699720468,-0.6939730878554988,0,6,9,6,13.571428571428571,0,0,6,11,4,14.0,0,0,0,0,1.0,0.6666666666666666,1.5,1.8333333333333333,2,True,True,False,False,False,False,False,False,False,False,True,False,False,False,False,True,False,False,False,False,False,False,True,False,True,False,False
-0.5540677512436588,0.10515681888490426,-0.454278591452622,-0.6939730878554988,0,6,10,6,14.7,0,0,6,10,6,12.0,0,0,1,0,1.0,1.0,1.6666666666666667,1.6666666666666667,2,True,True,False,True,False,False,False,False,False,False,False,False,False,False,False,True,False,False,False,True,False,False,True,False,True,False,False
-0.5540677512436588,-0.9565076038994943,-0.48190220649215837,0.22866283644403682,0,5,5,0,0.0,0,0,5,5,0,0.0,0,1,1,1,0.0,0.0,1.0,1.0,0,True,True,True,False,False,False,False,True,False,False,False,False,False,False,False,False,False,False,False,False,False,False,True,False,False,False,False
-0.5540677512436588,0.25682316499696123,-0.48190220649215837,-0.6939730878554988,0,7,8,6,11.833333333333334,0,0,7,8,6,11.833333333333334,0,0,0,0,0.8571428571428571,0.8571428571428571,1.1428571428571428,1.1428571428571428,1,True,True,False,True,False,False,False,False,False,False,True,False,True,False,False,True,False,False,False,True,False,False,True,False,True,False,False
0.9684140695650034,0.33265633805298966,0.4780184161317157,-0.562167955812708,0,0,0,0,0.0,0,0,0,0,0,0.0,0,0,0,0,0.0,0.0,0.0,0.0,2,True,True,False,False,False,True,False,False,False,False,False,False,True,False,True,False,False,False,False,True,False,False,True,False,True,False,False
3.2521368007779965,-1.1081739500115513,-0.9307859508846172,-0.6939730878554988,0,7,7,7,13.175714285714289,0,0,8,8,8,14.925,0,0,1,0,1.0,1.0,1.0,1.0,2,True,True,False,True,False,False,False,False,False,False,False,False,False,False,False,True,False,False,False,True,False,False,True,False,True,False,False
-0.5540677512436588,-0.19817587333920963,-0.06064207713923577,0.09685770440124603,0,6,7,0,0.0,0,0,6,10,0,0.0,0,1,1,0,0.0,0.0,1.1666666666666667,1.6666666666666667,0,True,True,False,False,False,True,False,True,False,False,False,False,False,False,False,False,False,False,False,False,False,False,False,False,True,False,False
-0.5540677512436588,-0.6531749116753804,-0.39903136137355033,-0.562167955812708,0,6,12,2,13.0,0,0,6,9,6,10.833333333333334,0,0,1,0,0.3333333333333333,1.0,2.0,1.5,1,True,False,False,False,False,True,False,False,False,False,False,False,False,False,False,False,False,False,False,False,False,False,False,False,True,False,False
-0.5540677512436588,1.3184875877813598,1.5898689214730366,0.7558833646152,1,8,11,7,13.742857142857144,0,1,8,11,7,13.742857142857144,0,1,1,0,0.875,0.875,1.375,1.375,2,False,False,False,True,False,False,True,False,True,False,False,False,False,False,True,False,False,False,False,False,False,False,False,False,True,False,False
-0.5540677512436588,2.152652491397673,-1.863082958468955,0.4922731005296184,0,5,5,0,0.0,0,0,5,5,0,0.0,0,1,1,0,0.0,0.0,1.0,1.0,0,True,False,True,False,False,False,False,True,False,False,False,False,False,False,False,False,False,False,False,False,False,False,True,False,True,False,False
3.2521368007779965,0.7876553763891605,0.022228767979372222,-0.6939730878554988,0,7,8,7,12.217142857142855,0,0,8,11,7,12.11875,0,0,1,0,1.0,0.875,1.1428571428571428,1.375,2,True,False,False,True,False,False,False,False,False,False,False,False,False,False,False,False,False,False,False,False,False,False,True,False,True,False,False
-0.5540677512436588,-0.19817587333920963,-1.6006586155933638,0.6240782325724092,14,15,15,14,11.071428571428571,0,12,14,16,12,11.333333333333334,1,1,1,0,0.9333333333333333,0.8571428571428571,1.0,1.1428571428571428,0,False,False,True,False,False,False,False,True,False,False,False,False,False,False,False,False,False,False,False,False,False,False,False,False,True,False,False
-0.5540677512436588,0.03690696313447821,0.2777472070950798,1.1512987607435725,0,7,10,7,13.428571428571429,0,2,8,8,8,13.25,0,1,1,0,1.0,1.0,1.4285714285714286,1.0,2,False,False,False,False,False,True,False,True,False,False,False,False,False,False,False,False,False,False,False,False,False,False,False,False,True,True,False
-0.5540677512436588,-1.714839334459779,0.4780184161317157,0.8876884966579909,0,5,7,5,11.4,0,0,5,6,5,13.666666666666666,0,1,1,0,1.0,1.0,1.4,1.2,0,True,False,True,False,False,False,False,True,False,False,False,False,False,False,False,False,False,False,False,False,False,False,False,False,True,False,False
-0.5540677512436588,0.5601558572210751,0.8992785454846383,0.7558833646152,0,8,14,4,11.325,1,0,8,14,4,11.325,1,1,1,0,0.5,0.5,1.75,1.75,0,True,False,False,True,False,False,True,False,True,False,False,False,False,False,False,False,False,False,False,False,False,False,False,False,True,False,False
0.2071731591606723,0.9393217225012175,-0.3852195538537822,-0.4303628237699172,0,6,13,0,0.0,0,0,5,11,0,0.0,0,0,1,0,0.0,0.0,2.1666666666666665,2.2,1,True,False,False,False,False,True,False,False,False,False,False,False,False,False,True,False,False,False,False,False,False,False,False,False,True,False,False
-0.5540677512436588,-0.12234270028318116,-0.34378413129447866,-0.562167955812708,0,8,8,7,15.0,0,0,8,8,7,15.0,0,0,1,0,0.875,0.875,1.0,1.0,2,True,False,False,True,False,False,False,False,False,False,False,False,False,False,False,False,False,False,False,False,False,False,False,False,True,False,False
0.2071731591606723,0.6359890302771035,1.6243984402724565,0.7558833646152,0,6,7,6,13.166666666666666,0,0,6,8,6,15.625,0,1,1,0,1.0,1.0,1.1666666666666667,1.3333333333333333,2,True,False,True,False,False,True,False,True,False,False,False,False,False,False,False,False,False,False,False,False,False,False,False,False,True,False,False
-0.5540677512436588,0.9393217225012175,0.8578431229253347,0.4922731005296184,0,6,12,2,11.0,0,0,6,14,4,10.5,0,1,1,1,0.3333333333333333,0.6666666666666666,2.0,2.3333333333333335,0,False,False,False,False,False,True,False,False,False,False,False,False,False,False,False,False,False,False,False,False,False,False,False,False,False,False,False
-0.5540677512436588,-0.8048412577874374,-0.9929390847235735,-0.562167955812708,0,6,0,0,0.0,0,0,6,0,0,0.0,0,0,1,0,0.0,0.0,0.0,0.0,0,True,False,False,False,False,True,False,False,False,False,False,False,False,False,False,False,False,False,False,False,False,False,False,False,True,False,False
-0.5540677512436588,-1.1081739500115513,-0.8133855869665894,-0.2985576917271264,0,5,7,3,12.333333333333334,0,0,5,5,2,12.5,0,0,1,0,0.6,0.4,1.4,1.0,0,True,False,False,False,False,False,False,False,False,False,False,False,False,False,False,False,False,False,False,False,False,False,True,False,True,True,False
-0.5540677512436588,1.3184875877813598,0.33299443717415245,0.7558833646152,0,5,6,4,12.25,0,0,5,6,5,10.166666666666666,0,1,1,1,0.8,1.0,1.2,1.2,0,False,False,True,False,False,False,False,False,False,False,False,False,False,False,False,False,False,False,False,False,False,False,False,False,False,False,False
-0.5540677512436588,-0.9565076038994943,-0.28853690121540704,2.4693500811714806,13,13,13,13,11.923076923076923,0,12,12,12,12,12.5,0,1,1,1,1.0,1.0,1.0,1.0,0,False,False,False,False,False,False,False,True,True,False,False,False,False,False,False,False,False,False,False,False,False,False,False,True,False,False,False
-0.5540677512436588,2.6076515297338436,2.018034954585843,-0.6939730878554988,0,6,6,6,14.333333333333334,0,0,6,7,6,14.142857142857142,0,0,1,0,1.0,1.0,1.0,1.1666666666666667,2,True,False,False,False,False,True,False,False,False,False,False,False,False,False,False,False,False,False,False,False,False,False,False,False,True,True,False
-0.5540677512436588,1.3184875877813598,0.34680624469391963,0.09685770440124603,0,5,6,5,12.0,0,0,5,5,5,13.0,0,1,1,0,1.0,1.0,1.2,1.0,2,True,False,False,True,False,False,False,True,False,False,False,False,False,False,False,False,False,False,False,False,False,False,True,False,True,False,False
-0.5540677512436588,-0.19817587333920963,0.20868816949623997,1.1512987607435725,0,7,9,7,13.761111111111113,0,1,8,11,7,12.06375,0,1,1,0,1.0,0.875,1.2857142857142858,1.375,1,False,False,False,True,False,False,True,False,True,False,False,False,False,False,False,False,False,False,True,False,False,False,False,False,True,False,False
-0.5540677512436588,1.3943207608373882,0.7887840853264949,-0.6939730878554988,0,5,6,4,11.25,0,0,5,8,5,11.0,0,0,1,0,0.8,1.0,1.2,1.6,1,True,False,False,False,False,False,False,False,False,False,False,False,False,False,True,False,False,False,False,False,False,False,False,False,True,False,False
-0.5540677512436588,-0.9565076038994943,1.3274445785974445,0.4922731005296184,0,5,10,3,12.333333333333334,0,0,5,10,3,10.666666666666666,0,1,1,0,0.6,0.6,2.0,2.0,2,True,False,True,False,False,False,False,True,False,False,False,False,False,False,True,False,False,False,False,False,False,False,False,False,True,False,False
1.7296549799693344,2.6834847027898725,2.694813523054474,-0.6939730878554988,0,8,8,8,14.88875,0,0,8,8,8,14.88875,0,0,1,0,1.0,1.0,1.0,1.0,2,True,False,False,True,False,False,False,False,False,False,False,False,False,False,False,False,False,False,False,False,False,False,True,False,True,False,False
0.9684140695650034,1.5459871069494453,0.422771186052643,-0.562167955812708,0,6,8,6,12.166666666666666,0,0,6,8,5,12.4,0,0,1,1,1.0,0.8333333333333334,1.3333333333333333,1.3333333333333333,0,True,False,False,False,False,True,False,False,False,False,False,False,False,False,False,False,False,True,False,False,False,True,True,True,True,True,False
0.2071731591606723,-0.12234270028318116,-0.35069003505436225,-0.6939730878554988,0,6,7,6,12.666666666666666,0,0,6,6,6,13.333333333333334,0,0,1,0,1.0,1.0,1.1666666666666667,1.0,2,True,False,False,False,False,True,False,False,False,False,False,False,False,False,False,False,False,False,False,False,False,False,True,False,True,True,False
1.7296549799693344,-1.2598402961236081,-1.1448689674410204,-0.2985576917271264,0,6,9,5,12.6,0,0,6,9,3,11.666666666666666,0,0,0,0,0.8333333333333334,0.5,1.5,1.5,1,True,False,False,False,False,True,True,False,False,False,True,False,False,False,False,True,False,False,False,False,False,False,True,False,True,False,False
-0.5540677512436588,2.0768193183416446,-0.3852195538537822,0.3604679684868276,0,5,8,4,13.0,0,0,5,10,4,12.25,2,1,1,0,0.8,0.8,1.6,2.0,2,True,False,False,False,False,False,False,True,False,False,False,False,False,False,False,False,False,False,False,False,False,False,False,False,True,True,False
-0.5540677512436588,1.4701539338934166,0.6921014326881187,-0.16675255968433558,0,6,9,6,13.875,0,0,6,6,6,14.333333333333334,0,0,1,0,1.0,1.0,1.5,1.0,2,True,False,False,False,False,False,False,False,False,False,False,False,False,False,False,False,False,False,False,False,False,False,True,False,True,True,False
-0.5540677512436588,0.03690696313447821,0.8992785454846383,1.8103244209575264,0,5,10,4,10.75,0,0,5,12,3,13.333333333333334,0,1,1,1,0.8,0.6,2.0,2.4,0,False,True,True,False,False,False,False,True,False,False,False,False,False,False,False,False,False,False,False,True,False,False,False,True,True,False,False
-0.5540677512436588,1.3184875877813598,0.8992785454846383,0.09685770440124603,3,5,10,3,14.666666666666666,1,0,5,5,0,0.0,0,1,1,0,0.6,0.0,2.0,1.0,0,True,True,False,True,False,False,True,False,True,False,False,False,False,False,False,False,False,True,False,False,False,True,False,False,True,False,False
0.2071731591606723,2.6834847027898725,-0.012300750820047694,-0.6939730878554988,0,6,7,5,12.6,0,0,6,6,6,13.0,0,0,1,0,0.8333333333333334,1.0,1.1666666666666667,1.0,1,True,True,False,False,False,True,False,False,False,False,False,False,False,False,False,True,False,False,False,False,False,False,True,False,True,False,False
0.9684140695650034,0.33265633805298966,-0.15041882601772735,-0.562167955812708,0,7,11,6,12.4125,0,0,8,12,7,11.2625,0,0,1,0,0.8571428571428571,0.875,1.5714285714285714,1.5,2,True,True,False,True,False,False,False,False,False,False,False,False,False,False,True,False,False,False,False,False,False,False,True,False,True,True,False
-0.5540677512436588,0.03690696313447821,-0.48190220649215837,0.6240782325724092,0,6,12,1,11.0,0,0,6,9,2,10.5,0,1,0,1,0.16666666666666666,0.3333333333333333,2.0,1.5,0,False,True,False,False,False,True,False,True,False,False,True,False,False,False,False,False,False,False,False,False,False,False,True,True,False,False,False
1.7296549799693344,2.0768193183416446,0.41586528229275943,-0.6939730878554988,0,8,8,7,14.314285714285717,0,0,8,8,7,14.314285714285717,0,0,1,0,0.875,0.875,1.0,1.0,2,True,True,False,True,False,False,False,False,False,False,False,False,False,False,False,False,False,False,False,False,False,False,True,False,True,True,False
-0.5540677512436588,0.9393217225012175,0.03604057549914038,-0.4303628237699172,0,6,6,4,12.0,0,0,6,8,2,11.333333333333334,0,0,1,0,0.6666666666666666,0.3333333333333333,1.0,1.3333333333333333,1,True,True,False,False,False,True,False,False,False,False,False,False,False,False,True,False,False,False,False,False,False,False,True,False,True,False,False
-0.5540677512436588,0.40848951110901816,0.3260885334142669,-0.6939730878554988,0,6,6,6,12.833333333333334,0,0,6,7,6,13.285714285714286,0,0,1,0,1.0,1.0,1.0,1.1666666666666667,2,True,True,False,False,False,True,False,False,False,False,False,False,False,False,True,False,False,False,True,False,False,False,True,False,True,False,False
-0.5540677512436588,-2.473171065020064,0.41586528229275943,3.1283757413854345,0,6,8,5,11.4,0,0,6,10,6,11.666666666666666,0,1,1,0,0.8333333333333334,1.0,1.3333333333333333,1.6666666666666667,0,False,True,False,False,False,True,False,True,False,False,False,False,False,False,False,False,False,False,False,False,False,False,False,False,True,False,False
-0.5540677512436588,0.5601558572210751,-0.29544280497529063,1.9421295530003173,0,5,5,5,14.6,0,0,5,6,5,14.333333333333334,0,1,1,0,1.0,1.0,1.0,1.2,2,False,True,True,False,False,False,False,True,False,False,False,False,False,False,True,False,False,False,False,True,False,False,False,False,True,False,False
-0.5540677512436588,-0.6531749116753804,-0.39903136137355033,-0.4303628237699172,1,6,7,6,13.5,0,1,6,9,5,12.5,0,0,1,0,1.0,0.8333333333333334,1.1666666666666667,1.5,2,True,True,False,False,False,True,False,False,False,False,False,False,False,False,False,False,False,False,True,False,False,False,False,False,True,True,False
-0.5540677512436588,1.3184875877813598,1.5898689214730366,-0.2985576917271264,1,6,8,6,12.5,0,0,6,11,3,13.333333333333334,0,0,1,0,1.0,0.5,1.3333333333333333,1.8333333333333333,0,True,True,False,False,False,True,True,False,False,True,False,False,False,False,False,False,False,False,False,True,False,False,True,False,True,False,False
-0.5540677512436588,-0.577341738619352,0.4434888973322958,-0.562167955812708,4,6,6,4,13.0,0,2,6,7,5,12.2,0,0,1,0,0.6666666666666666,0.8333333333333334,1.0,1.1666666666666667,1,True,True,False,False,False,True,False,True,False,False,False,False,False,False,False,False,False,False,False,False,False,False,True,False,True,True,False
-0.5540677512436588,0.7876553763891605,-0.39903136137355033,0.22866283644403682,5,10,13,5,11.6,0,2,8,10,2,13.0,0,1,1,0,0.5,0.25,1.3,1.25,1,True,True,False,False,True,False,False,True,False,False,False,False,False,False,False,False,False,False,False,False,False,False,True,False,True,False,False
-0.5540677512436588,0.33265633805298966,0.16034684317705286,-0.6939730878554988,0,5,6,5,11.8,1,0,5,8,5,11.6,0,0,0,0,1.0,1.0,1.2,1.6,2,True,False,False,False,False,True,False,False,False,False,True,False,False,False,False,True,False,False,True,False,False,False,True,False,True,False,False
-0.5540677512436588,0.03690696313447821,-0.6338320892096062,2.9965706093426436,0,7,14,3,12.333333333333334,0,0,7,12,3,11.083333333333334,0,1,1,1,0.42857142857142855,0.42857142857142855,2.0,1.7142857142857142,0,False,False,False,True,False,False,False,True,False,False,False,False,False,False,False,False,False,False,False,False,False,False,False,True,False,False,False
0.2071731591606723,0.25682316499696123,0.29846491837473255,-0.034947427641544786,11,14,15,12,12.625,1,11,14,15,12,12.625,1,0,1,0,0.8571428571428571,0.8571428571428571,1.0714285714285714,1.0714285714285714,2,True,False,False,True,False,False,False,True,False,False,False,False,False,False,False,False,False,False,True,False,False,False,False,False,True,False,False
-0.5540677512436588,-0.04650952722715268,0.4711125123718321,-0.4303628237699172,0,6,6,6,13.833333333333334,0,0,6,6,6,13.5,0,0,1,0,1.0,1.0,1.0,1.0,2,True,False,False,False,False,True,False,False,False,False,False,False,False,False,False,False,False,False,False,False,False,False,True,False,True,True,False
-0.5540677512436588,-0.9565076038994943,-0.48190220649215837,-0.4303628237699172,2,7,7,6,12.5,0,5,9,10,7,13.142857142857142,1,0,0,0,0.8571428571428571,0.7777777777777778,1.0,1.1111111111111112,2,True,True,False,False,False,True,True,False,False,True,True,False,False,False,False,True,False,False,False,False,False,False,False,False,True,False,False
3.2521368007779965,-0.577341738619352,-0.32997232377471053,-0.562167955812708,0,6,7,5,13.6,0,0,6,8,5,12.666666666666666,0,0,1,0,0.8333333333333334,0.8333333333333334,1.1666666666666667,1.3333333333333333,2,True,True,False,False,False,True,False,False,False,False,False,False,False,False,True,False,False,False,True,False,False,False,False,False,True,False,False
0.2071731591606723,-0.9565076038994943,-0.5509612440909982,-0.6939730878554988,0,6,6,6,12.0,0,0,6,6,2,11.0,0,0,1,1,1.0,0.3333333333333333,1.0,1.0,0,True,False,False,False,False,True,False,False,False,False,False,False,False,False,False,False,False,False,False,False,False,False,True,True,False,False,True
-0.5540677512436588,1.6218202800054737,1.5553394026736167,0.8876884966579909,0,7,8,7,14.9125,0,0,8,9,1,13.5,0,1,1,0,1.0,0.125,1.1428571428571428,1.125,0,True,False,False,True,False,False,False,False,False,False,False,False,False,False,False,False,False,False,False,False,False,False,True,False,True,True,False
-0.5540677512436588,3.593482779462214,1.8522932643486287,-0.4303628237699172,0,5,5,5,13.8,0,0,5,6,5,12.0,0,0,1,0,1.0,1.0,1.0,1.2,2,True,False,False,False,False,False,False,False,False,False,False,False,False,False,False,False,False,False,True,False,False,False,True,False,True,True,False
-0.5540677512436588,1.4701539338934166,1.7279869966707162,-0.16675255968433558,0,6,8,6,11.666666666666666,0,0,6,6,6,13.0,0,0,1,0,1.0,1.0,1.3333333333333333,1.0,2,True,False,False,False,False,True,True,False,False,False,False,False,False,False,True,False,False,False,False,False,False,False,True,False,True,False,True
